22568 28752 32565 36922 38120 38155 39779 41122 41675 44391 44720 49279 49991 51442 54150 56049 58993 60337 60941 64346 67844 69328 72120 72768 77419 96956 97581 99108 99807
9800 15506 25139 26436 42648 49763 52603 60152 62658 74085 74736 76308 78692 80625 7683 17867 18007 22534 23617 25231 29427 31992 38905 47732 58641 72939 99224
20587 22219 22285 22463 23589 23774 25501 25887 26550 27122 27136 27554 29212 32075 32410 32978 34874 34959 35276 35469 35719 36113 28916 30212
990 15273 16663 21753 23221 30376 34607 43753 69702 70089 71734 71813 73067 73783 74255 76978 81246 84582 88662
20942 22798 24213 24232 27859 28287 28423 31018 31393 33328 34397 34684 34917 35490
55372 57638 61709 65367 66173 67534 69612 72081 72976 73201 73599 74201 54722
21657 22608 22897 24799 24912 26316 26720 26750 27518 27882 30865 30973 35173
22831 23214 23850 25042 25467 25843 26476 30644 31011 31157 33523 73378
25461 42493 46972 46980 69950 70311 73054 83737 85477 93218 36718
36814 43295 44538 45622 53715 55313 55788 64006 70251 86720
25208 36828 42871 44930 48007 70408 72901 73123 73667
6916 23699 26690 29242 30271 60322 68227 92310
29060 44366 62472 74049 83496 87101 91980
20888 27326 31854 35830 56978 70978 11608
17020 31084 32610 57761 86241 91039 91052
88332 88513 91983 97999 98728 99593
25359 38315 46332 46778 54372 63046
37319 39844 93217 96155 45977 90593
46243 51153 61582 92618 97043
21889 36711 56703 57030 64491
17043 46740 54359 57955 66557
78909 84054 91185 94013 27779
22979 39717 41036 63754 97092
30059 78972 79997 86583 45619
36089 41943 74579 77320 78797
25276 26357 26715 29414 30164
51566 59937 62354 67155 99176
15696 18695 32703 92444 93820
30049 92865 99664 64970
31162 47850 50000 41783
88737 92754 78253 78381
4587 7749 58732 73227
75479 77149 82136 82524
61769 67120 75324 97816
80990 82405 95175 79486
42987 58491 74040 82201
47278 48064 51151 53425
57058 57127 63453 67112
16963 43739 79662 94713
42981 64002 69813 73779
14083 43885 52694 64249
34476 82146 47540 55319
59609 61072 68463 68026
10055 52413 58874 70778
42216 46485 71989 95085
31452 79176 82784 91302
17280 44498 19305 68915
38048 59985 90000 98798
22125 43820 68053 73960
33902 74464 82650
37620 60598 99311
36640 68799 71255
17998 53972 57260
46587 51922 83767
75717 89996 53509
54894 65251 57734
27801 48046 59758
21589 25450 30988
29983 58921 62465
95714 47483 60391
62144 68238 97508
88923 16346 23422
31111 64058 73983
30929 36314 90228
76594 88646 96119
64988 68677 69672
76580 89972 90425
98831 4986 66246
31542 32833 26265
5685 10329 63195
59630 85929 98770
50028 48610 53062
58539 72881 83935
55916 91245 99063
45933 55750 58227
25868 46354 63486
30364 68475 69274
88699 49252 70060
38824 69116 61419
923 47827 64458
64195 87477 27087
47595 63063 66409
40026 42629 54625
22403 42715 66281
66098 76468 83333
18181 19566 18929
32457 41434 54642
55045 70307 72665
72112 98095 98304
45709 73089 73908
24924 24952 30212
56483 60835 64755
1629 16983 61940
21827 30074 33078
62850 83043 86938
29260 31858 35094
61369 89515 98771
94321 98247 24469
16331 70984 69742
81072 66872 96963
27068 36725 37759
10224 52839
59762 72952
41422 65380
9090 68802
23604 31566
24509 68502
35552 60213
8433 60326
25679 66131
28953 35141
4297 27280
40470 56669
24494 66035
69804 72546
53818 19758
26130 47277
79185 87217
26971 54064
81708 88781
45497 56133
63669 65076
20470 66141
90472 97006
44095 61207
20460 57689
23411 27244
78211 96494
61824 98906
34053 68363
14539 18911
46614 52353
64840 68552
23757 58192
56503 58809
45682 69280
23194 26838
48930 50858
45596 58654
45500 68197
23927 59236
577 73477
45329 71234
28674 32859
23701 42509
54225 60942
32853 66496
13343 51018
11009 36678
42587 51392
69114 72164
50255 54230
58432 70321
21523 34781
60089 99449
25418 26933
58290 78677
18091 19155
21652 27461
60251 67028
3767 6127
29355 44239
48680 54739
63208 63825
48535 69872
4333 56811
60943 70542
31298 33009
35048 45725
35342 54080
50710 75491
22587 36106
22999 32134
76979 89303
4998 63028
61554 70866
28507 62350
77321 77959
56605 19193
79324 90273
79310 23003
11854 69619
42431 62431
13089 54670
45916 63668
43490 74327
82972 87516
76667 92468
76531 85208
76009 84880
13117 67374
75425 89090
11150 57158
6070 69034
82113 86416
4294 59443
30887 53132
38226 39794
38181 46361
83403 84185
27588 58115
99376 74095
23060 27904
97824 24400
39219 57977
39195 44415
28031 48223
6274 43395
71569 88396
21213 59458
90903 91696
78212 89258
79115 95830
50289 70703
29479 31204
89129 91757
17442 61909
24197 32327
69189 73701
92945 96001
23055 43707
27376 44797
29270 36492
30137 75333
57974 81090
50839 63463
2289 13835
3128 59691
1482 56999
48288 65754
27349 34683
9056 40915
47973 70309
51062 55703
43448 66887
53545 73642
41346 48228
5260 5868
41441 56739
71685 60132
72110 77407
3560 36812
54461 68391
23357 67707
84364 86055
30953 64744
88420 89633
41736 52429
27005 29182
13153
38734
47602
59947
72078
96978
42168
63694
21268
40121
42339
34312
22113
99338
30985
38708
21328
22209
95501
65462
37987
72257
37785
43286
22540
47996
37784
52522
39214
58832
61736
56607
58859
33990
38740
73001
39535
38897
21006
69538
37754
9312
21097
66332
89308
50832
23488
2774
53788
24407
38053
20232
39162
57235
80989
69020
73734
38382
31532
47991
38346
22870
57405
90200
86265
40509
52705
22357
38291
47719
18398
4256
58467
38117
38246
64173
23026
73608
54752
31044
36351
78777
48665
38684
46315
41290
41160
21387
32126
60260
38633
45434
38631
66337
64860
38452
2190
23416
21756
55026
87055
24271
46159
21914
22170
15927
63980
57308
46568
30413
26264
18090
72301
88800
29451
58937
17904
6368
22839
20432
62858
9765
50067
44383
28995
64350
41309
40200
55463
21084
4792
22944
70084
63380
2058
46179
48230
18287
58427
60784
9631
35558
81677
28025
37453
41294
53750
39608
1896
18262
34954
72666
18186
66706
34173
60100
56905
27611
63594
88687
23442
27266
60264
40334
70975
37007
36767
98049
23459
21168
870
19554
55134
45153
18977
32502
18124
27321
67390
32001
56438
47582
4697
41260
48331
30170
60811
3554
67193
59403
20588
86584
18789
18557
2969
54363
32183
81680
45746
3604
48776
67632
17634
4721
30265
2331
40039
56538
68323
5660
64585
18374
46208
20701
36227
45374
86721
65620
64171
20367
84006
76175
22426
29497
19658
29086
16953
28738
18454
46341
69911
91124
43670
60169
5124
19649
793
22666
20867
20811
55571
25525
32713
19136
20766
6159
52035
26108
50668
22384
20725
45227
21031
18799
23237
54749
24528
69311
57778
21181
57156
23886
27132
61248
18611
54914
12074
26216
87498
54534
43444
44418
54045
37546
11619
99440
52907
19637
19630
50385
64527
66884
57274
61988
41748
51176
19568
3217
19462
19455
32980
37694
53686
19307
24717
18938
70792
18822
43915
68957
53706
46635
53695
58409
53684
53675
37176
53648
51291
53503
53452
53343
50101
53231
53097
52868
52864
59210
52556
61984
52508
52477
52338
52011
51934
54251
54637
54634
56991
54563
54517
45089
80444
56570
98996
54352
80279
54281
51739
73107
54165
68307
59543
53998
56355
53893
53770
25486
37271
72626
54815
48904
49964
52321
55435
38936
49890
61675
49876
49857
49412
49347
49303
49140
75067
71869
48838
70051
48705
62847
48697
57096
64167
49683
48574
48659
48190
92973
46390
51620
51559
51544
51516
51357
51311
84309
51252
51238
57856
51202
51104
54755
56470
63541
50925
50840
50558
43487
50170
50112
53355
50006
49994
57727
64839
44116
58169
58121
58083
58051
46266
57979
67407
57832
57803
22448
57770
57768
58258
57756
48328
57683
57626
57445
58520
57411
57324
57317
50246
56923
45138
58600
59614
17188
59610
91713
59556
50128
59234
71019
59228
71013
58752
32825
99349
58548
60905
58492
58422
56065
58387
58339
44197
55982
86623
58271
74770
55342
82012
55782
58139
55489
41347
27205
55457
58703
53989
96415
55376
55373
43588
53728
55135
55117
55077
36221
10294
55057
62128
58305
54978
54850
66635
54813
56419
56911
56890
61604
68675
56791
56764
75620
56746
47318
28321
70747
56597
48166
56339
56329
37473
59615
83185
56288
49217
56280
56262
49191
79832
56085
41680
42170
20957
42081
49152
37367
42009
67936
42005
55116
73972
41808
41757
58315
42178
50536
41664
22808
41579
66167
49337
93329
61857
41339
50767
38982
41283
59178
57310
44276
43167
43106
42922
42793
40436
57181
24183
42764
42734
42679
52370
49280
42626
42580
42405
54190
43459
78814
42350
43433
42324
57704
74203
39629
41192
40083
40073
73071
73481
39975
25833
39894
25752
39886
25744
39883
39761
68503
49057
37272
60842
55151
39625
39428
22929
13501
62998
39385
74740
39259
71300
41280
67207
41158
41070
40977
40899
33828
40881
40786
52858
36359
40659
43168
58348
40604
54746
66531
40353
12069
40225
35511
63795
40093
40092
56718
46136
47202
96699
47063
46998
46908
46819
46803
55668
46796
46736
53289
46337
60385
47240
24923
46080
46076
34291
46041
45895
45720
38649
22140
54475
46712
45603
47803
48082
31583
76366
85794
88151
48002
71572
47883
47876
58955
47865
52579
45467
47786
47748
21821
56409
47518
73445
78159
50816
47489
47435
47409
47349
44150
44739
75380
54575
31005
64003
44594
44586
65799
48821
44385
32600
56480
44281
87222
43919
60418
43806
54775
43685
57827
43638
24782
81350
43633
43491
43294
45148
45452
45343
58591
51937
11868
92006
45283
58563
45255
57040
64111
75896
65186
47505
7436
33363
68718
45141
58129
18060
3918
51475
56189
44821
44796
91111
64416
64448
64656
64662
64818
64868
71939
64922
69636
75748
65098
65160
65184
64368
65247
65274
65311
65332
65455
65532
65570
70284
65667
65853
77638
66002
63566
62933
70004
63040
70111
63087
63089
63264
72692
63356
63433
63454
63467
66022
63741
63743
63808
63939
64008
64011
64066
64087
64119
64143
64301
64339
68151
74367
67347
67412
72126
67452
72166
67536
67575
77003
67596
67598
67861
67946
67296
68158
68172
68207
68219
72933
68264
68289
98930
68325
68500
68541
68575
66767
80164
69191
66180
66186
66234
66240
66272
66343
66404
66412
66430
66532
62913
66843
83342
66859
66926
67012
74083
97653
67044
67056
67257
71971
67272
60024
44127
37494
49848
37649
68290
89503
98931
59669
97381
59698
59928
59930
59979
70453
88308
60025
60029
60053
69481
71838
93087
60101
60120
60194
64908
62314
37114
98677
35449
63733
35467
77893
35741
36152
62079
36194
50768
70324
98608
60281
37184
77253
47253
37280
1882
63164
31825
37370
37450
21929
25256
37455
62475
90353
62146
99858
62214
62238
62243
95241
62248
62375
62400
62459
62468
62474
62069
62483
62509
62513
64870
62619
62669
62779
79278
62828
62831
62834
62912
61003
60352
60407
60434
60652
70080
60723
70151
60725
60803
60946
60952
61000
68672
61051
82272
91700
61421
61484
61493
68564
61599
94597
61896
61954
62019
80843
76854
77066
77206
77512
77667
77786
78699
78768
78854
78932
79068
79424
79789
99400
80871
80884
81277
81394
81948
82229
82928
83119
83780
84128
84205
84392
74248
73697
73786
73828
73852
73865
73874
73888
73924
74094
74176
74177
74191
84413
74250
74300
74324
74451
74631
75054
75061
75143
86577
75763
76196
76494
97334
91790
92402
92481
93235
93241
93327
93614
93872
94529
95654
96678
96800
97289
91630
97389
97689
98185
98807
98816
98935
99105
99159
99213
99406
99762
99935
87701
84940
85093
85430
85494
85679
85696
85814
85994
86551
91265
87001
87011
73686
87710
87978
88425
89219
98647
89467
89663
90349
90476
90612
90617
90834
70718
69958
91171
70057
70067
70192
70258
70268
70477
70511
70615
72972
70659
73016
69925
70795
70827
70967
70982
70998
71001
71031
71064
71090
71174
71208
71276
69170
68684
68688
68788
94715
68794
73508
68842
68954
68990
69008
69028
69137
71282
69337
69400
69470
69503
69607
69616
69635
69642
69654
69684
98473
69819
72932
72333
72377
72410
72505
84290
72543
72643
72652
72709
72789
72799
84584
72241
72944
73014
75371
73153
73243
73252
73280
73309
73399
73407
73454
73504
71607
71295
71304
71368
71392
71425
71440
71510
71558
71559
71568
71583
71585
68036
71639
71662
71665
71722
71955
72050
72054
98037
72142
72181
72201
72226
41926
25735
2446
27953
63308
26478
18715
21905
61974
20282
9380
63591
57798
26151
67867
59021
13552
67763
11162
35322
42490
36945
91762
31679
19275
10877
93372
1153
89197
17289
7861
36792
5059
947
16624
8128
88571
56603
33033
66445
50396
90719
15545
53720
34196
86050
57809
12340
64194
28029
84597
9138
23084
407
31195
38688
59901
18343
10580
43578
36068
92636
26087
66156
44697
35825
14258
62664
24738
9212
16975
68829
44392
49182
72752
23675
19377
61803
69977
79405
40589
83394
27107
67176
52939
71795
11499
65710
23401
58756
53761
70953
56162
18487
12864
69432
30923
54493
52114
45043
13299
46316
36888
18591
30493
55593
9046
82488
91916
836
30591
84802
94283
21660
35861
17
33559
43783
1641
2823
63632
23753
16682
19317
17110
66607
1584
12506
99715
39085
53800
30511
99973
32114
18288
28162
35233
1238
8858
32428
67783
70140
2204
43482
39046
67330
329
298
59465
6227
29797
30572
18751
36736
34379
20394
32179
31755
28318
43691
32756
79896
10582
64793
67150
5085
37246
58618
82188
27360
29625
90907
13451
27192
87640
38661
36304
24519
6500
86638
73833
29990
38978
67262
6820
68848
61741
21095
42308
54337
8868
20657
91367
27149
42640
68567
19351
28779
30060
31198
4257
42776
15051
69262
48860
39988
32917
1173
13616
30115
6380
56276
80171
94313
29707
71679
33134
29807
32039
90964
30612
14015
30650
29747
30856
51887
73189
826
38697
30934
45457
31114
42305
31225
31340
31388
36798
49244
28837
28172
75312
57774
27133
93129
27831
28017
40237
28038
28294
60074
57671
31500
54256
34294
64856
51464
29284
48056
32530
58466
89107
29632
42294
29563
34700
33981
32930
34039
34446
69801
3432
62357
34484
72196
10099
73738
34497
72209
55251
67698
18147
72358
34782
34921
256
87465
50759
54170
35317
61244
4397
52879
57090
20493
31754
44284
32085
43204
28884
32211
60495
32398
55717
32584
43698
34023
83520
55213
54104
41916
63129
33128
33224
33751
18302
34801
72513
59980
34657
8730
37014
30632
47941
24652
31144
30733
63731
70802
24843
24856
79067
24451
43776
64989
40478
27657
24963
25092
25633
58516
98863
66007
9720
47432
56026
39409
65336
67693
23883
61595
57197
53870
57216
26164
23946
99370
57135
25246
89024
20538
24247
48743
24345
85627
37758
33044
24450
69233
71590
26073
27057
21666
36002
64286
52918
97701
26302
26366
26500
99567
26707
26969
37293
37565
36795
53691
27075
27131
33082
35464
30750
52045
70901
37628
27572
54788
74376
51186
29973
70042
72399
48968
15267
74192
25342
83501
25458
38604
31950
40468
34114
48256
78897
57913
69698
25888
55889
65317
49493
89562
19550
26204
15506 25139 49763 52603 62658 74736 76308 78692 80625 17867 18007 22534 23617 25231 29427 30137 31992 38905 42648 47732 58641 60152 72939 99224
22285 22831 23214 23774 23850 25042 25501 30644 31011 31157 33523 35276 73378 30212 32075 32410
990 21753 23221 30376 34607 43753 70089 71734 71813 73783 15273 34782 73067 74255
32134 55372 61709 65367 66173 67534 72081 72976 73201 73599 74201 69612
31854 35830 56978 11608 20888 70978
20942 24213 24232 28287 34917 35490
82146 22839 34476 47540 55319
51176 58305 93217 45977
17280 19305 44498 68915
59609 61072 68463 68026
82201 29563 42987 58491
75479 77149 82136 82524
51153 61582 92618 97043
67155 99176 41926 51566
47278 51151 53425 48064
30049 92865 64970 99664
21657 22897 24799 30865
82972 87516 29990 64011
22798 27859 34397 34684
25887 28916 34874
29260 31858 35094
98831 4986 66246
32833 23401 26265
57058 57127 63453
43820 68053 73960
5685 10329 63195
19566 18181 18929
55916 91245 99063
22403 42715 66281
56483 60835 64755
72112 98095 98304
45933 58227 55750
24924 24952 30212
20587 34959 30212
54894 65251 57734
31018 31393 28423
30271 60322 68227
38824 69116 61419
88737 78253 92754
75425 38740 45255
23411 27244 11619
95714 47483 60391
26316 27882 35719
88699 49252 70060
46740 57955 66557
88923 16346 23422
53972 57260
79310 23003
53818 19758
13299 54359
70866 61554
80989 71639
45500 68197
27953 22587
3560 36812
11854 69619
43885 52694
46980 73054
20470 66141
56605 19193
69114 72164
59762 72952
5260 5868
13835 2289
70251 55313
35048 45725
50255 54230
69804 72546
61051 19317
8433 60326
32600 577
32610 91039
36089 41943
44095 61207
34053 68363
1482 56999
86584 51062
26478 15927
14539 18911
53715 55788
4998 63028
54080 56811
83043 86938
22568 72120
42493 70311
60251 67028
10224 52839
3767 6127
89129 91757
83403 84185
39195 44415
23701 42509
41346 48228
26715 9631
87640 1641
21652 27461
4587 58732
22463 36113
89972 90425
72881 83935
16983 61940
24519 11150
21213 59458
9090 68802
79424 70080
84364 86055
84054 94013
78212 89258
15696 18695
98770 59630
13117 67374
23604 31566
63208 63825
23357 67707
17020 57761
41422 65380
32703 92444
32327 24197
23194 26838
23459
21660
66022
44821
44116
24912
42170
45622
39259
58083
68238
43739
43707
43204
32114
64350
42871
42776
21084
48331
47277
66131
46736
78897
46587
46354
46337
46266
23442
46243
54150
60725
61769
20394
55213
86265
52508
60120
38048
44720
31204
54670
44391
54372
44383
44366
44239
56991
2446
67120
72665
25833
57317
3217
17634
87978
63433
53695
25752
73477
57913
40915
30934
25735
29414
60074
41680
25450
49848
37272
71722
70542
25256
62850
18487
63040
35449
24717
26151
81394
42216
59698
26690
41675
41347
41160
60385
21905
26264
20867
59758
26216
44797
32565
28162
16663
26073
67693
2058
43295
37546
34954
60598
34484
29086
43286
22384
38936
41122
55571
53998
57827
57979
19377
58192
64143
58339
33009
58516
59443
5124
59465
41192
59543
66035
99593
59669
88781
59947
59985
60194
69813
60941
30973
55717
55782
74040
23026
57405
72768
37280
56133
56288
58993
67596
56480
62431
37754
56607
56746
56911
58139
57030
56049
57158
74327
63733
70408
63754
52705
63795
64003
55134
64006
64058
64339
27136
64346
64491
48697
65332
82488
64744
65853
46136
66098
99807
63463
60942
55703
35741
61248
61369
61493
38315
61604
63063
61954
32428
62354
62400
62475
63046
63380
63467
26302
64008
72358
63486
49857
48056
48166
66409
48665
66884
49140
94713
73642
31500
49244
49279
47996
56890
50000
58115
47883
50101
41664
50536
47505
50832
72257
73089
46908
46972
97689
21168
58874
63743
47202
22426
62350
47318
51186
36492
47582
60025
47827
49991
47850
55457
67575
58703
57977
54739
8868
54337
32183
54363
26750
62238
48930
54475
54634
54642
54170
54752
58539
61244
54775
4256
63087
99338
54978
55117
55342
52522
51442
51922
52011
74083
56339
57974
52429
56703
58921
52477
46778
52858
53132
53503
70321
53686
54815
53706
57411
54064
27554
69432
40121
40092
39844
39717
31144
38897
38120
37694
47432
37319
30074
37271
37246
36795
27057
36725
36828
68475
36314
35173
35141
67272
68957
68799
68688
68552
68502
68307
68207
67844
67632
67452
69925
67257
67012
66926
66887
66532
66337
66186
41036
40353
31340
88420
62913
32211
39894
57638
31542
73983
64002
31532
31452
34781
43783
70778
50816
36798
9212
48705
91980
30985
38734
33981
78932
13501
26933
57770
34446
92973
68575
34196
90964
42168
68990
64818
34294
32978
32859
81277
48007
38155
61824
26108
76594
88800
81680
81246
79832
78854
78159
77786
85430
77667
77003
83394
93129
76494
76196
75896
75763
75620
74451
74248
74085
89663
98037
97816
97581
97006
96494
96119
95654
91302
91185
91052
74049
89467
88662
87222
92468
85814
85494
84880
83737
86721
70192
71304
71300
71255
71234
70747
70703
70477
76978
70324
70258
71440
70051
69950
69635
69607
69280
69189
93235
74579
69034
73071
73833
73779
73738
73686
96956
73667
73407
80990
73227
73123
36678
73908
72799
72666
72209
72201
98728
72050
71989
71583
65311
19658
71590
6159
20766
63668
1238
62912
65076
91762
59901
50710
8858
298
22357
44538
72054
18822
57774
32930
59980
38246
21821
78972
29625
55593
70984
61003
64249
22170
31754
73734
9800
57181
26357
31388
25843
70453
9765
69328
44930
16953
37367
58937
17904
32085
87217
57274
59979
33078
1896
38604
64111
29212
22219
58466
19455
36106
57096
67193
50558
85794
41434
69028
61736
62513
11499
21387
66180
22929
65186
36888
41757
59610
49890
20232
30511
21756
49347
5059
37628
58618
6820
63591
69977
56085
91983
30988
41808
27904
27360
27149
62314
69274
27132
23084
21181
23886
59210
31084
56470
26550
48190
18287
44796
75371
42629
27321
53289
30164
37759
68325
57235
28752
23883
64458
30265
39883
9046
71569
28318
18611
28294
20588
28029
48046
68718
39779
60337
29242
72932
18591
99108
97999
407
42490
41158
18751
22140
46485
17188
6368
54517
18557
36814
85208
2823
62472
4297
48659
70309
18186
56597
15545
63694
27349
37114
22979
50767
12074
30923
69654
10877
72901
36304
36227
12069
2331
23221 30376 43753 71734 71813 73783 990 6820 15273 21753 34607 34782 70089 73067 74255
78692 17867 18007 22534 23617 25231 29427 30137 38905 42648 47732 58641 99224
23774 25042 31011 31157 35276 73378 21652 23214 30212 30644 33523
20942 24213 28287 34917 35490 24232
23604 25887 31566 28916 34874
22285 25501 32075 32410
22798 34397 34684 27859
5685 10329 63195
38824 61419 69116
43885 52694 40353
46740 57955 66557
29260 31858 35094
27244 11619 23411
21657 24799 30865
59609 68463 61072
89129 60725 91757
19566 18181 18929
17020 57761
89972 90425
34959 30212
10224 52839
14539 18911
80989 71639
34053 68363
13299 54359
3560 36812
9090 68802
15696 18695
70866 61554
32600 577
98304 72112
98770 59630
54080 56811
35048 45725
79310 23003
61709 73201
56978 70978
70251 55313
4587 58732
78212 89258
50255 54230
84054 94013
97816 62912
56999
57405
52603
407
53425
82136
58539
54752
55788
56480
56703
37759
57235
56991
82488
58339
55134
26933
57770
58921
68307
57030
57058
57979
84185
40915
58227
58305
78897
57913
25735
70453
64744
37694
83737
77786
30074
61824
32610
27149
50536
99063
80990
26302
52522
50832
51153
64003
17634
51176
70747
6368
54517
58115
65311
74049
51442
27882
57096
71255
67257
89663
67272
68197
68227
69028
69280
69813
92973
97043
72050
70542
76196
70703
88662
16663
71304
72257
72666
73227
24952
73642
73738
73833
58937
74085
74201
74248
99108
63467
72799
59543
85814
59985
41943
60337
61582
86055
62354
72120
62658
62850
63046
64008
56049
30049
63591
63754
63795
63825
64058
64491
67575
72201
21660
66022
66186
22831
67193
70311
47505
95654
60074
37319
74327
73686
60322
70408
69034
26838
23850
68053
57774
35141
36678
57638
72881
21387
56746
69189
15545
88800
49848
41192
27057
23459
298
48228
36798
28162
31393
36314
36725
36106
34484
86721
69950
37246
32930
68207
9800
48190
91052
64002
31542
38734
31204
21181
30973
25833
30265
18186
91983
35719
49991
67844
29242
19377
37280
48046
22219
66887
59979
4256
60025
38048
71590
44930
9765
29625
64249
46243
21905
35173
37367
56607
27136
30923
16953
25843
26357
83394
32085
26264
31084
48056
1238
73407
37271
49763
22357
29086
59669
41347
42871
25752
66098
93129
33078
61954
55703
43707
72665
67534
6127
36828
32978
61248
39844
26108
31452
63063
44415
27554
23194
32703
66884
26750
42170
22426
22568 32565 38120 38155 39779 41122 41675 44391 49279 49991 51442 58993 60337 60941 67844 69328 72120 72768 77419 96956 97581 99108 99807
9800 15506 25139 26436 49763 52603 60152 62658 74736 76308 78692 80625 7683 17867 23617 29427 31992 38905 47732 72939
990 15273 16663 21753 23221 30376 34607 43753 69702 70089 71734 71813 73067 73783 74255 76978 81246 84582 88662
21657 22897 24799 24912 26720 26750 27518 27882 30865 30973 35173
20470 36814 44538 45622 53715 55313 55788 64006 66141 70251 86720
55372 61709 65367 66173 69612 72081 72976 73599 74201 54722
22285 23589 25501 27554 32075 32410 34959 35276 35469
25208 36828 42871 44930 48007 70408 72901 73123 73667
6916 26690 29242 30271 60322 68227 92310
17020 31084 32610 57761 86241 91039 91052
46972 46980 69950 73054 83737 85477 93218
29060 62472 74049 83496 87101 1584
51176 58305 93217 96155 45977 90593
88332 88513 91983 97999 98728 99593
28287 28423 31018 33328 34917 35490
20888 31854 35830 56978 70978 11608
22979 39717 41036 63754 97092
60725 79310 89129 23003 91757
17043 46740 54359 57955 66557
22831 30644 31011 31157 73378
30059 78972 79997 86583 45619
7749 9090 58732 68802 73227
36089 41943 74579 77320 78797
59609 61072 68463 68026
80990 82405 95175 79486
22219 25887 34874 27461
22798 27859 34397 34684
42987 74040 82201 58491
31162 47850 50000 41783
10055 52413 58874 70778
47278 51151 53425 48064
42216 46485 71989 95085
30929 36314 67632 90228
25359 38315 46778 54372
51153 61582 92618 97043
45933 55750 58227
66098 76468 83333
32457 41434 54642
17998 53972 57260
55916 91245 99063
16331 70984 69742
54894 65251 57734
72112 98095 98304
50028 48610 53062
42981 64002 73779
55045 70307 72665
75717 89996 53509
30364 68475 69274
83043 83394 86938
62144 62513 97508
81072 66872 96963
95714 47483 60391
25868 46354 63486
38824 69116 61419
29260 31858 35094
27801 48046 59758
64988 68677 69672
47595 63063 66409
21889 56703 64491
40026 42629 54625
64195 87477 27087
27068 36725 37759
31542 32833 26265
14083 52694 64249
5685 10329 63195
88737 78253 92754
88699 49252 70060
98831 4986 66246
61369 89515 98771
58539 72881 83935
33902 74464 82650
30049 92865 99664
24494 66035
13835 2289
31298 33009
1482 56999
31111 73983
35552 60213
35342 54080
56503 58809
26478 15927
38226 39794
42431 62431
18091 19155
58290 78677
11009 36678
50255 54230
17442 61909
24197 32327
45497 56133
23060 27904
10224 52839
28674 32859
4294 59443
72110 77407
63669 65076
42493 70311
44095 61207
23357 67707
89972 90425
14539 18911
42587 51392
84364 86055
76667 92468
6274 43395
25276 26357
78211 96494
77321 77959
56605 19193
30953 64744
29270 36492
3767 6127
80989 71639
1629 16983
61554 70866
78212 89258
60598 99311
13089 54670
11854 69619
57974 81090
29355 44239
30887 53132
29479 31204
23055 43707
71590 82272
67120 75324
81708 88781
27953 22587
57058 63453
69804 72546
43490 74327
9056 40915
4998 63028
24213 26838
32703 92444
23701 42509
39195 44415
41346 48228
23927 59236
69114 72164
923 64458
41441 56739
51062 55703
79115 95830
50710 75491
26130 47277
88923 23422
45500 68197
29983 62465
24924 24952
35048 45725
79324 90273
79176 91302
39219 57977
4297 27280
78897 91713
60251 67028
15696 18695
76979 89303
61824 98906
46614 52353
30137 75333
58432 70321
38048 90000
63308 73833
88420 89633
8433 60326
16963 94713
45682 69280
43448 66887
13117 67374
92945 96001
64008 64368
17280 19305
23604 31566
20460 57689
3128 59691
19566 18181
84054 94013
23411 27244
63208 63825
83403 84185
26971 54064
82972 87516
45596 58654
46587 83767
48930 50858
5260 5868
27005 29182
46332 63046
50839 63463
82113 86416
38181 46361
45283 58937
47973 70309
59762 72952
41736 52429
53545 73642
31452 82784
21213 59458
25467 25843
60943 70542
40470 56669
28953 35141
22403 42715
34053 68363
75425 89090
67534 73201
76009 84880
4333 56811
41422 65380
54475
50925
56470
25418
59178
41680
42679
62238
46736
24843
46041
35511
78814
46712
25888
42324
64989
43776
63129
42350
46136
24923
46076
49280
43459
34291
5660
64585
30074
25525
18454
26073
42580
42626
60418
57827
45343
43685
54775
43698
58563
43739
53720
43806
45148
7436
47505
33363
43638
43919
58129
18060
3918
44150
51475
65799
44586
44594
60120
87222
56189
44796
45452
45895
33559
45746
43106
43167
44276
41916
22140
44821
57310
60434
43168
45467
42922
43294
43444
54534
65667
62069
90353
65455
45434
63087
43491
44697
43633
81350
90200
40353
2331
62354
41283
46208
20701
57704
42178
38346
12069
46179
66445
65336
39409
67693
54746
20367
22999
6500
60169
13343
46341
69911
91124
63632
70703
82488
91916
43670
31114
5124
19649
793
22666
20867
20725
86721
61974
70792
36767
19377
23753
19317
53686
19307
66859
24717
18938
23459
18799
62214
57778
23237
67407
18611
54914
4792
19351
22426
19658
29086
52907
19637
19630
31532
24451
28779
3217
62669
24963
66706
34173
47996
24345
85627
19455
58467
49182
72752
23675
23488
46159
20232
22870
46315
23026
66926
4256
18398
22357
63795
12074
52705
46568
22170
18822
35558
39886
63467
47941
24652
56607
34657
8730
37014
21914
61248
57197
53870
23850
19136
23757
14015
4587
29212
21387
13153
72078
21168
27657
63591
9380
60264
27266
31044
21006
65317
55889
27611
20957
42170
22540
43286
26151
25092
33981
49337
21756
21666
2190
26164
22384
50668
32853
54749
69311
66180
57308
38452
22929
39428
66532
20432
71013
62079
36152
58752
58600
58548
60905
58492
58427
36792
62858
59228
58422
56065
58387
61675
49890
58348
58339
55982
44197
86623
59901
61000
60952
60803
60407
60352
60024
59980
62146
99858
59928
58271
63089
57405
24407
60723
70151
59614
17188
59610
59556
50128
56746
75896
58139
57030
47602
56911
56890
61604
56791
56764
75620
64111
47318
28321
70747
59930
56603
33033
56597
56480
56339
56288
58520
74770
58169
58051
46266
57832
57798
57774
93129
57770
57445
61051
57411
57324
57317
57181
60385
69813
63694
21268
57040
45255
39259
65710
11499
65620
23194
30265
65462
39535
65274
65186
58115
66131
64860
41290
95501
64856
64818
64656
64339
64286
36002
66412
67012
67536
20394
67272
67257
71971
67176
67150
64793
10582
67044
64194
74083
97653
66843
83342
66635
54850
66343
30988
66332
66186
52556
55593
62483
62475
62468
62459
62314
61988
57274
65311
61984
62664
62933
70004
61769
64922
69636
61595
23883
61484
61244
35317
63741
12340
64143
66337
96978
64119
67330
39046
64003
35719
63939
49217
63454
49683
63040
70111
66240
62913
62912
62847
48705
62831
52321
67193
3554
50558
43487
50396
50289
50170
65532
50006
49964
46390
55435
38936
49876
49857
49412
49347
49303
49244
66884
49140
63743
58591
51937
11868
92006
51934
66156
51739
68238
51620
51559
51186
51544
51516
51357
51311
84309
51252
60074
57856
51202
51104
47435
59947
38734
47748
21821
61954
56409
47518
78159
50816
47489
47786
47409
47349
6368
47240
47202
96699
47063
46908
46803
55668
48190
29973
70042
72399
48968
48904
48821
65332
48697
48574
48328
52011
92973
48166
48082
31583
85794
88151
48002
58955
47865
47803
54752
65098
55117
55116
73972
66167
55077
10294
55057
54978
54755
55135
73608
54739
57096
62400
54637
54634
56991
54517
45089
80444
55489
56280
56262
49191
79832
74740
56162
56085
82012
67155
71869
56570
27205
41347
55457
58703
53989
96415
55376
55373
43588
55342
53452
68957
53706
53695
58409
53684
53648
51291
62375
53503
63433
50101
53343
43915
53289
52868
61736
16953
28738
52864
52508
52338
60652
98996
54352
80279
54281
54251
73107
54190
42405
54165
68307
46796
70080
59543
53998
56355
53893
64908
53818
37319
53788
54815
41192
58832
52522
39214
39625
39761
39844
40073
73071
56718
68503
38649
40092
42339
40121
40334
70975
40509
40881
41070
41579
42294
37758
37455
70453
44127
66767
49848
25450
37649
68290
98931
37754
67575
37784
37785
4697
41294
31950
74376
38604
40200
41309
24232
69170
68788
94715
68794
68799
99440
68954
68990
69028
69034
69137
68688
69233
69337
69400
69432
69470
69481
71838
69607
69616
69635
68219
77003
67596
67598
67763
67946
68053
68151
68158
68172
68207
21929
72933
68264
68289
98930
68325
68502
68552
68672
68684
72196
38697
54256
34294
40786
30985
34312
34446
3432
62357
34484
55251
57638
76494
10099
73738
34497
72209
34700
67698
34781
36945
32930
32085
43204
32398
32584
32713
67296
74367
52879
21827
32917
18147
67412
72126
55213
54104
59698
33082
18302
34801
72513
33828
36359
72626
35467
77893
35741
36106
76175
36194
50768
70324
98608
37271
52858
62828
41757
64839
37114
62779
79278
47253
37280
37450
54170
72358
34782
65853
34921
38708
36351
78777
256
87465
50759
69642
4397
68036
98677
35449
63733
56538
40039
68323
25486
85814
84205
84290
84392
84802
84940
85093
85430
85494
85679
85696
83780
85994
86577
87001
87011
87055
87217
87978
88396
88425
88687
80171
77512
77667
77786
78699
78768
78854
78932
79068
79424
79789
89024
94313
80871
80884
81277
81394
82136
82229
82928
83119
83185
98816
95241
95654
96678
96800
97334
97689
98185
98770
98798
98807
94597
98935
99105
99159
99213
99370
99376
99400
99406
99567
99762
90964
89197
89219
98647
89467
89663
90476
90612
90617
90719
90834
77253
91111
91790
92481
93087
93235
93241
93327
93614
93872
71607
71234
71255
71276
71295
71304
71425
71440
71510
71569
71583
71208
71662
71795
71955
72050
72054
98037
72377
72142
72201
72241
70192
69654
69684
98473
69925
69958
91171
69977
79405
70051
70057
72333
96119
70258
70477
70511
70615
72972
70795
70901
70982
70998
75054
73828
73852
73865
73888
73924
74094
74248
74250
74451
74631
73786
75061
75312
75380
75763
76196
76531
76594
76854
77066
77206
73153
72410
72543
72789
72799
84584
72932
72944
73014
75371
73016
44284
73252
73280
73309
73399
73407
73454
73504
73686
73697
54363
9312
21097
32502
31393
97389
65247
60811
30170
38631
2969
87640
32183
81680
6070
63164
1882
25458
63731
70802
18262
15051
1896
9046
39883
17110
66607
870
38740
43783
1641
20657
27149
69262
53750
48665
38684
48331
41260
3560
62248
58921
49493
89562
68567
39894
61003
34196
86050
57809
28029
84597
61493
68564
42640
25752
15267
74192
9138
63264
72692
59937
71722
23084
67867
25735
44797
40478
48860
1173
13616
19568
62350
47582
59403
20588
86584
2823
40083
28162
35233
38982
50767
41339
5059
16624
57913
73734
22839
30413
37987
41748
50067
44383
25833
39975
947
57235
18751
38382
88571
15545
71174
14258
21084
49152
42081
37367
99973
43482
87498
44418
54045
37546
11619
18557
2058
54337
8868
8128
22944
32114
42308
6820
57156
23886
67056
27132
6227
29797
30572
577
58756
65570
70284
60025
36736
34379
31755
28318
836
69189
23401
66022
80164
66430
17634
28995
64350
32001
55571
298
59465
55134
70084
50832
38633
1238
8858
32428
70140
60495
32211
19462
59979
45153
18977
91762
57158
40659
71300
18343
10580
31679
27192
63566
26969
37293
27057
36795
50536
53691
27075
57135
20538
83501
21660
35861
27349
35464
30750
37628
60842
37272
49057
27572
26204
81677
28025
18288
40468
23442
26108
32600
7861
17289
39162
40237
37565
97006
52918
97701
26302
26366
26550
62850
26707
26933
37694
86551
91265
30060
30612
30632
67347
29747
30856
56276
45457
29807
42305
31225
37176
31340
31388
36798
20493
31754
59669
97381
32530
28038
37370
31825
28294
57671
28837
52370
41280
51464
29284
18287
64011
58466
89107
29632
29563
29625
90907
29707
33134
53800
79067
42168
89308
53761
6159
45138
99349
12506
99715
39085
24856
30511
56438
61741
67262
29990
22808
41664
30923
54493
52114
56905
74191
36068
92636
18715
58516
98863
9720
47432
25246
9765
13299
26264
58859
73001
38897
69538
40093
10877
93372
36304
24519
37473
48056
36113
64662
24738
9212
16975
47719
38291
44392
32978
407
70953
18090
72301
88800
29451
18124
27321
34954
72666
18186
30493
20282
19554
94283
48659
69872
42005
55717
46316
36888
18591
26216
63356
60029
31195
13451
65754
79896
37246
82188
27360
15506 25139 49763 52603 62658 74736 76308 78692 80625 17867 23617 29427 30137 31992 38905 47732 60152 72939
990 21753 23221 30376 43753 70089 71734 71813 73783 15273 34607 34782 73067 74255
31854 35830 56978 11608 20888 70978
22831 31011 31157 73378 30644
22798 27859 34397 34684
82201 29563 42987 58491
82972 87516 29990 64011
22285 25501 32075 32410
23604 25887 31566 34874
21657 22897 24799 30865
59609 61072 68463 68026
51176 58305 93217 45977
79310 89129 23003 91757
30271 60322 68227 6159
9090 58732 68802
98831 4986 66246
54894 57734 65251
46740 57955 66557
29260 31858 35094
5685 10329 63195
32833 23401 26265
23411 27244 11619
95714 47483 60391
91245 99063 55916
72976 74201 72081
75425 38740 45255
88699 49252 70060
61582 92618 97043
32600 577
17020 57761
72881 83935
52694 40353
80989 71639
19566 18181
42493 70311
89972 90425
44095 61207
23701 42509
5260 5868
41422 65380
83043 86938
1482 56999
11854 69619
20470 66141
15696 18695
17280 19305
79424 70080
32610 91039
84054 94013
35048 45725
10224 52839
23357 67707
78212 89258
53715 55788
50255 54230
60251 67028
67534 73201
53972 57260
54080 56811
4998 63028
98095 98304
22568 72120
14539 18911
63208 63825
34959 35276
3767 6127
36089 41943
24924 24952
83403 84185
84364 86055
69114 72164
69804 72546
21213 59458
13117 67374
70251 55313
70866 61554
56605 19193
61051 19317
92865 99664
26478 15927
87640 1641
46980 73054
34053 68363
59762 72952
45500 68197
86584 51062
66884
49140
85494
56746
62431
56480
30973
58993
37754
56607
56288
58139
70324
76978
55717
55457
55342
55117
54978
54815
53706
54775
61244
58539
54752
54642
85430
73123
70984
60941
69813
85814
72112
98728
68325
57235
59669
99593
66035
59543
59465
5124
59443
69189
58516
33009
78897
46736
58339
57827
41192
57638
39894
57158
57030
48930
56911
56890
23442
30049
57774
37759
48659
29086
30265
73407
24717
56991
20394
47850
28287
43707
69116
24213
63591
45622
71722
62850
27360
66022
23459
50101
26838
74451
26264
20867
72201
59758
26216
2058
52522
54475
64249
26750
62238
54363
32183
54337
54170
27554
54064
57411
48705
70477
53503
53132
54634
58921
56703
52429
57974
52011
51442
50832
47505
31393
50000
67844
49991
49279
9212
71300
72358
63486
82488
65853
64744
72209
72054
18822
72050
72665
67120
91052
71583
71569
28318
91302
71255
89663
3217
17634
70453
53818
70408
63754
48228
70321
74579
69034
89467
70051
69950
53425
99807
98037
97581
44796
81277
48007
80990
73227
96494
31084
95654
93129
78972
3560
78932
88800
77786
76196
75620
21084
74083
56339
74049
74040
57405
73686
73667
96956
91983
18751
26302
65332
88420
65186
64491
64339
79832
72799
61709
64143
64006
55134
64003
63795
63733
64008
46136
63467
87222
63087
63046
62475
62400
61954
63063
61769
92468
61493
61248
55703
35741
43286
58703
44821
83394
86721
69328
44930
69280
88781
93235
69028
20232
68990
68502
68238
21660
67575
61003
67257
67193
50558
67155
88662
73071
71989
66926
66887
69432
37271
66186
81246
66098
87978
36678
39259
54359
4587
18557
6820
5059
84880
90964
72666
12074
27904
72768
37280
42168
68688
13299
21387
22929
66180
63694
50710
19658
15545
41757
26108
19377
22219
37367
36888
59610
57913
9800
57977
42629
59980
32930
18591
72932
49890
2823
35719
36828
39883
9046
54372
44391
41680
25752
36814
70747
54517
6368
73983
64002
72901
36304
66409
48665
407
97999
99108
36314
61824
41036
38155
32859
32978
33981
38936
40121
34196
92973
57770
26933
39844
35141
35173
47277
22357
44538
36725
36798
37246
46266
37319
47432
37694
71590
68957
38120
39717
38897
28294
60074
41664
28162
20588
43204
32114
57096
27882
16953
36795
30923
71304
58937
27057
73738
42871
35490
49347
21756
67632
30511
27321
38734
30985
28029
48046
31452
31532
31542
74327
36492
23194
48056
32703
56085
23084
44415
73833
22979
37114
71440
29242
70778
39779
73779
22384
38315
47582
73642
49244
46972
63743
26073
32565
68053
81680
66532
22170
77003
26690
42216
27149
60598
4297
23883
41122
69654
10877
25833
64350
16663
57317
69925
64458
63433
53695
62314
21821
58227
40915
25735
44239
35449
27132
69274
23886
23850
26151
70703
48190
68207
41347
37628
55213
36106
67012
59979
57274
4256
18287
70309
18186
19455
54670
44383
43783
51153
60025
49848
27349
18611
31204
31340
38048
48166
62513
11499
298
41675
78159
70542
37272
16983
31754
69977
67272
46778
24912
50767
41434
67693
21168
58874
97689
46354
46587
26357
25843
57181
34954
63463
32085
75896
65076
1238
57058
46485
17188
61736
8858
65311
59901
52508
91762
23221 30376 43753 71734 71813 73783 990 6820 15273 21753 34607 34782 70089 73067 74255
78692 17867 23617 29427 30137 38905 47732
23604 25887 31566 34874
22285 25501 32075 32410
46740 57955 66557
5685 10329 63195
29260 31858 35094
9090 58732 68802
27244 11619 23411
34397 34684 27859
59609 68463 61072
21657 24799 30865
70866 61554
17020 57761
98304 72112
84054 94013
89129 91757
80989 71639
34053 68363
35048 45725
54080 56811
27882 22831
89972 90425
32600 577
56978 70978
78212 89258
14539 18911
54359
92973
30265
18186
52603
28162
1238
9800
32930
48228
29086
35141
35490
48190
56999
57770
83394
58539
73378
41192
21660
27554
24213
34959
65311
26933
51176
54517
36798
30973
49991
25833
6127
26838
95654
298
70747
26264
53425
43707
44930
64003
51153
86055
47505
51442
85814
57030
49763
70408
49848
52522
28287
54230
66887
35276
56607
57235
57638
23850
56746
57774
58305
72799
58921
31084
67534
6368
78897
36725
36314
36828
37246
55788
57058
64744
30049
37759
36106
48046
38048
73686
60322
36678
38734
89663
41347
42871
40915
41943
61954
63046
66186
66022
72201
67575
64491
64249
64008
63825
63754
86721
63591
63467
67193
62850
62658
61709
61582
61248
71590
61824
60025
59543
58937
31542
58339
72120
97043
93129
91983
88800
88662
84185
77786
74201
91052
73833
73738
73642
63063
72050
71304
71255
70703
76196
70542
69950
69813
69028
68227
68197
67257
4587
26750
66884
23194
15545
69189
21387
72881
407
16663
72665
55703
18695
37271
54752
69280
99108
56703
22219
35173
99063
22357
16953
26357
25843
30923
64002
59979
31452
31157
66098
69034
17634
74327
37319
29242
67844
35719
50832
3560
39844
26302
27149
32610
26108
68207
19377
80990
70453
25735
24952
22219 22285 23589 23604 25501 25887 27554 28423 31566 32075 33328 34874 34917 34959 35276 35490 36113 27461 32410
9090 15273 16663 21753 23221 30376 43753 68802 69702 70089 71734 71813 73067 74255 76978 81246 84582 88662
55372 57638 61709 66173 67534 69612 72081 72976 73201 73599 74201 54722
21657 22897 24799 26720 27882 30865 30973 35173 22831
49763 52603 60152 62658 74736 76308 80625 72939
17020 31084 32610 57761 86241 91039 91052
45622 53715 55313 55788 64006 70251 86720
6916 26690 30271 60322 68227 92310
22979 39717 41036 63754 97092
88332 88513 91983 97999 98728
60725 79310 89129 23003 91757
25359 46778 63046 18287 54372
31452 79176 82784 91302
17043 46740 57955 66557
42216 46485 71989 95085
39883 74579 77320 78797
61824 72112 98095 98304
31162 47850 50000 41783
31854 35830 56978 11608
59609 61072 68463 68026
22798 27859 34397 34684
47278 53425 48064 51151
30059 78972 86583 45619
66098 76468 83333
30049 92865 99664
29260 31858 35094
27801 48046 59758
66022 69114 72164
83043 83394 86938
40026 42629 54625
95714 47483 60391
55045 70307 72665
32833 26265 31542
98831 4986 66246
81072 66872 96963
88699 49252 70060
42981 64002 73779
47595 63063 66409
61248 69804 72546
52413 58874 70778
64988 68677 69672
38824 69116 61419
42987 74040 82201
35048 45725
46980 73054
71590 82272
19566 18181
41441 56739
23055 43707
30644 31011
50710 75491
8433 60326
44095 61207
83403 84185
9056 40915
46614 52353
92945 96001
43448 66887
34053 68363
17280 19305
42587 51392
30929 36314
23060 27904
39219 57977
11009 36678
54894 57734
59762 72952
45596 58654
20460 57689
27005 29182
26130 47277
43490 74327
78897 91713
82972 87516
3767 6127
23194 26838
58290 78677
25418 26933
30887 53132
31298 33009
89515 98771
56605 19193
79115 95830
38048 90000
79324 90273
42493 70311
60598 99311
38226 39794
24494 66035
51062 55703
81708 88781
21213 59458
61554 70866
23701 42509
28674 32859
5685 10329
23357 67707
24924 24952
76667 92468
50832 87978
76979 89303
87477 27087
56503 58809
53545 73642
25276 26357
11854 69619
14539 18911
77321 77959
13089 54670
5260 5868
80989 71639
88737 78253
4294 59443
92618 97043
28953 35141
22403 42715
92444 15696
89972 90425
14083 64249
923 64458
76009 84880
75425 89090
72110 77407
88420 89633
78212 89258
82113 86416
7749 73227
3128 59691
31111 73983
13117 67374
78159 36798
84054 94013
60251 67028
50255 54230
16963 94713
19317
74631
71440
44538
91762
23753
54080
9720
42580
61493
24213
58516
72933
79067
68289
38346
39428
31583
54359
63795
52705
63028
47865
75312
80990
22357
8858
18715
26478
20493
58955
32211
85794
59178
41434
31754
49412
28294
27266
22384
64111
31950
32085
72201
47803
44197
32713
61909
23883
39409
67946
51311
32930
33559
5124
48166
59465
298
26216
19455
23459
36767
87217
57274
19568
1896
99715
6070
54746
43776
20367
19377
30493
20470
39975
65570
60025
63264
36736
9138
70511
25843
26151
42922
18557
48007
21097
20282
90964
48659
42005
57856
51202
24963
49244
68552
34173
51934
63356
60029
69925
55593
13451
73252
15506
68036
43638
6159
75324
30632
22170
51104
15545
45153
21006
80164
18060
21387
6368
98931
793
34291
63467
24652
55134
17998
19649
13153
27192
20538
69958
26707
81277
17289
28995
70309
18186
23442
55889
32600
97653
56991
59947
31755
47748
7861
74464
18398
67844
36792
28738
41736
23084
59979
33363
49964
67120
36068
24738
16953
38708
19658
54914
51559
64662
77066
28837
41916
4587
9212
71304
16975
5059
16983
30988
4397
69233
17110
32978
4256
20394
17634
69328
4792
50289
45500
44391
65462
45255
44930
68219
49152
44586
45497
64350
44415
58832
43919
51739
66156
46179
72932
46316
46332
67867
55668
46796
47202
54534
43444
47349
47409
47435
47489
47518
57974
41757
41675
69400
41347
50536
41664
71607
41339
99973
41309
40200
69034
43286
13343
41122
40881
47582
82229
42305
66706
6820
32327
42308
63591
60264
45089
29563
42871
27075
53691
32114
43204
72513
39214
52321
36795
52011
51475
44821
58129
51442
52522
51291
50925
56470
47505
50668
20725
76175
50558
61736
52864
67296
32917
52879
53648
53684
53695
54815
53706
43739
53720
84802
18262
53750
49057
34294
47602
47719
48002
48665
74367
1173
48860
62238
54475
26750
48930
48968
4697
41294
40659
23675
49182
75896
42626
49280
72972
49683
8730
49876
73280
49991
50170
51252
50396
67193
36089
43482
35719
36725
36359
36194
21168
36152
43915
36828
26108
35741
35511
42350
43459
75620
35317
54170
37014
73071
37246
70542
62779
37272
67262
37319
72050
45434
31825
37370
62850
61741
38452
69684
41192
56718
57827
34700
40786
50767
71838
34196
25450
92973
33981
39779
38697
77512
33828
18302
73697
49848
34781
34782
82488
64744
34801
32703
34921
49890
34954
57405
23026
46315
256
46266
89663
38936
24519
38897
58859
86584
38740
38649
24232
70151
38631
65247
38382
57235
68325
38315
50128
46341
83342
38982
26204
49493
39844
39894
73309
5660
40039
40073
40092
21268
40121
40478
40509
24451
48190
68502
37450
51516
37473
45457
37694
68503
47432
99858
94313
79896
56607
37754
37758
68207
37759
76196
52907
37784
63129
43167
44276
47786
13299
52114
38155
63733
55213
54104
33033
61984
63308
63164
63087
62912
62847
62831
69137
62483
90200
62475
62459
91265
62431
61988
65311
66635
62933
64922
61595
61582
61484
61244
61051
61003
82012
69813
60941
69470
98935
60120
59980
65532
70477
67150
67012
66884
66843
66607
66332
66186
66167
66131
93235
65799
71255
65710
85494
59928
65274
65186
64989
71510
64856
64839
66412
64194
66337
64119
67330
64003
63825
63743
63454
98906
57411
57324
57197
57096
89219
60385
57058
63694
57040
64793
58139
57030
56911
56905
56890
58520
73399
56764
56746
69977
56669
78777
56597
56438
56280
56085
55916
55489
55457
67575
58703
58422
63089
59669
59614
59610
60652
59543
59228
58937
62079
58752
58732
70747
58548
58427
65076
67257
58387
61675
58348
58339
58271
58227
58169
58115
58051
57798
98807
57774
57770
57445
91790
93129
86055
85679
85093
84940
83119
81350
80171
79832
78699
77786
77003
76854
85814
83185
76531
86577
76494
80444
84205
75333
74770
74451
74094
74083
74049
73924
73833
73786
88151
73734
73686
93241
99567
99370
99349
99213
98996
98770
98473
97581
96415
96119
95501
94715
94597
96699
93372
96956
93087
92481
91124
90834
90719
89562
89467
89308
89197
88800
88687
88571
88425
87640
86721
68688
70051
70042
69950
69872
69636
69607
69481
69337
69280
69262
69189
69170
68990
72126
68799
73378
69432
68323
68290
68264
68197
68172
68053
67763
86551
67698
67598
87498
67536
67347
67272
71300
73667
73504
73123
73107
73016
73001
72944
72799
72789
72768
72333
84309
71662
72692
71583
55376
71234
85430
71013
84290
70982
70975
70802
70795
72358
70140
70111
70084
73407
70080
72196
72901
36304
71955
12069
2331
62354
41283
18751
31157
56999
9312
56703
43395
57913
25752
10877
53343
12506
24407
29973
8128
56189
20701
2190
21666
7436
27057
65332
48697
69028
20232
22870
45452
23757
41290
66767
3554
30170
20432
68957
23488
51620
31114
22999
46803
29451
46159
39085
30985
82188
23411
29807
28779
12074
6227
22839
98863
84392
48904
24856
90612
30923
69654
70408
75054
57310
2969
70998
32183
58432
22944
70703
836
1482
36106
69616
21929
577
72626
99762
49337
48228
52556
32584
27349
37628
67407
18611
73738
18288
32001
37546
2058
81394
74740
22666
58756
56538
25486
64491
40093
57158
10580
18695
31679
79068
53989
26264
34379
24912
36002
67632
62375
53503
56355
20867
79424
21756
49347
9046
92006
75371
43670
83780
2823
55435
31532
28038
31393
48705
91111
31225
66532
31044
66180
57308
22929
42405
65667
43487
30511
30074
84597
29990
29707
58466
29632
98185
71569
28318
30856
28029
12340
71276
28025
44796
52370
53452
54739
55373
55342
55135
55117
55057
54978
87055
69311
87011
68158
54850
73608
54755
54752
54749
71971
54642
54634
54517
54493
56570
54352
54337
54281
54251
54190
53893
70453
64908
53818
53788
56409
45467
96800
25092
62144
29983
98037
24843
32853
35558
56811
29086
71295
24717
39259
61954
41680
31340
60418
55982
43783
34657
67596
24345
18822
29797
72209
18977
87222
81677
39535
23850
27132
65317
27611
60842
27572
27360
99406
27321
18124
72142
53289
68238
21660
27205
28287
27149
44797
57156
23886
64008
26302
86050
26164
46736
26073
25888
83501
25833
25735
43588
90476
9090 21753 23221 30376 43753 70089 71734 71813 15273 34782 68802 73067 74255
52603 62658 74736 76308 80625 60152 72939
23604 25887 31566 34874
21657 22897 24799 30865
22285 25501 32075 32410
61709 72976 72081 74201
30271 60322 68227 6159
17020 32610 57761 91039
31854 35830 56978 11608
98831 4986 66246
29260 31858 35094
30049 92865 99664
75425 38740 45255
98095 98304 72112
59609 68463 61072
95714 47483 60391
46740 57955 66557
32833 26265 31542
82972 87516 29990
82201 29563 42987
83043 83394 86938
88699 49252 70060
56605 19193
23701 42509
44095 61207
21213 59458
70866 61554
23357 67707
19566 18181
32600 577
53715 55788
86584 51062
34397 34684
34053 68363
5260 5868
79424 70080
92618 97043
61051 19317
27882 22831
5685 10329
78212 89258
14539 18911
79310 23003
80989 71639
78159 36798
89972 90425
41680
36678
36795
46485
62238
41664
64744
48705
31393
48665
48190
68207
61824
60025
47432
42629
46778
26108
46266
44796
56890
43783
43204
42871
54670
22384
73779
24952
73642
50767
42216
22170
66532
36725
31452
50558
20232
30511
12074
34196
31532
26750
44930
31157
19377
67632
41036
40121
47850
39883
39717
39259
63063
69977
27057
57158
13299
27904
41347
33009
35173
59979
67012
37759
59443
58937
58732
58516
58339
78897
61493
57638
57411
57235
41757
57030
57770
26933
56999
56911
56811
60598
43286
56703
63733
66186
69432
64458
48228
64249
64006
64003
64002
91052
63754
33981
63467
61582
61248
59758
26216
72201
66035
59543
59610
44821
53132
57405
52522
52011
50832
63046
50710
15545
63694
62850
66409
50000
49763
54230
49347
98037
49244
35719
91983
54359
54815
56607
73378
66884
63795
92468
56085
23084
55703
54080
55342
4587
54752
65311
54517
6368
53695
30973
69925
53503
53425
67120
36828
37246
37754
34959
26478
37272
84880
62431
54978
66887
36314
71989
67534
67575
68238
68502
87978
68688
70311
68957
32114
30985
49991
67844
45622
38048
71590
31084
25843
26357
31754
68990
32183
23194
32703
26151
70703
38936
28294
73738
36089
85494
73227
73686
74040
74579
75620
76196
76978
77786
78972
80990
73054
87222
87640
88420
88662
88781
97999
91302
93129
98728
70778
69028
69189
69280
69654
69813
69950
86721
70453
70477
37319
71300
71440
72050
72209
82488
72358
72665
72799
79832
40915
22357
6127
44538
55213
16663
71304
15506
61736
21387
22929
89467
25752
35490
27149
22979
73833
30923
23886
27132
2823
66098
36106
57774
18822
68053
23850
18186
298
64491
5124
34954
81246
22219
6820
28029
47505
48046
35141
18557
8858
61954
27321
58703
48166
27349
18611
27360
24213
69116
27554
27859
21660
43707
28287
32859
59669
24717
29086
49848
88800
65332
20867
84185
58874
63743
16983
25735
32085
26073
19658
20394
1482
26264
26302
74451
46736
47277
74327
26690
26838
23459
9090 23221 30376 43753 71734 6820 15273 16663 21753 34782 68802 70089 71813 73067 74255
34397 34684 27859
59609 68463 61072
21657 24799 30865
31858 35094
32600 577
34053 68363
70866 61554
27882 22831
23604 31566
98304 72112
78212 89258
38048
47505
30973
93129
10329
31452
24213
36106
22285
24952
49848
4587
26838
72050
52603
21387
18186
15545
22219
35173
64002
48228
19377
48190
53425
57235
52522
55788
37246
59979
91983
50832
35719
74327
49991
23194
57030
35490
71304
48046
36678
26264
35141
71590
34959
54517
61248
26302
298
67844
58732
66098
60322
61582
61709
64249
61954
62658
63467
63754
65311
67534
67575
73833
68227
72799
69028
69950
73378
73738
76196
77786
78897
88662
88800
91052
31084
27554
64003
22357
73642
55703
21660
23850
28287
54230
90425
41347
26357
6127
57770
36314
26933
58937
56607
56978
56999
57761
57638
59543
86721
57774
58339
16663 21753 23221 30376 43753 69702 70089 71734 73067 74255 84582 81246
22285 23604 25501 28423 31566 32075 33328 34917 35276 35490 35719
55372 61709 66173 67534 69612 72081 72976 73599 74201 54722
22979 39717 41036 63754 97092
26690 30271 60322 68227 92310
59609 61072 68463 69432 68026
17020 32610 57761 86241 31084
53715 55313 64006 70251 86720
21657 22897 24799 30865
21387 29260 31858 35094
47278 53425 48064 51151
60725 89129 91757
27859 34397 34684
61248 69804 72546
64988 68677 69672
52413 58874 70778
25359 18287 54372
66022 69114 72164
27801 48046 59758
83043 83394 86938
42981 64002 73779
61824 98095 98304
81072 57274 96963
32833 26265 31542
42216 71989 95085
98831 4986 66246
31111 73983
56503 58809
92945 96001
76979 89303
16963 94713
61554 70866
82972 87516
76667 92468
23194 26838
30049 92865
76308 80625
78212 89258
31298 33009
20460 57689
81708 88781
60598 99311
24924 24952
34053 68363
88699 49252
30887 53132
51062 55703
42587 51392
11854 69619
50255 54230
79115 95830
25418 26933
46740 57955
42493 70311
22219 34874
60251 67028
77321 77959
8433 60326
27882 22831
24494 66035
92618 97043
92444 15696
923 64458
50710 75491
22403 42715
14539 18911
23850 31011
87477 27087
19566 18181
13117 67374
38824 69116
38226 39794
9056 40915
89972 90425
46980 73054
84054 94013
23701 42509
3767 6127
82113 86416
23060 27904
41347
46315
40881
40509
40478
57405
23026
56811
74040
40092
40039
5660
25833
83501
53695
44586
43482
61051
43915
38452
62850
44197
43167
44276
36828
68219
44930
46179
55376
56999
72932
46316
43286
42350
42580
63591
57774
42629
42871
27075
53691
75620
29086
37759
56703
43395
21268
40121
43448
20367
35173
55135
87978
22870
46159
54815
56438
32703
99715
54746
23757
24519
38936
20432
30170
30493
20470
24407
61736
46341
54517
25843
9138
39975
56746
55489
30985
23411
1173
21006
6368
40786
49493
26204
18751
54359
61988
22357
19377
57977
93235
67120
24451
34294
68325
38382
57235
98037
24843
63795
72665
36068
56911
34959
26478
42005
48659
41680
26750
62238
25735
43588
22839
50767
36767
23459
28294
26130
27266
91265
62431
22384
30973
82488
34801
62933
23488
23442
87217
19568
57411
58520
41434
54080
58516
70747
58548
58654
58752
58832
58937
47865
58955
85794
9720
59178
59669
59928
59980
29983
62144
59543
60652
61493
17634
89219
56607
56764
56890
56905
59610
43670
56978
67257
20394
56991
63063
57058
10580
57158
57638
56718
57827
44821
51475
58129
58271
60025
64856
70453
53818
64908
61595
64922
65186
65247
65274
36736
71510
65570
43487
65667
65799
66131
66186
64194
66412
66843
66884
64003
61954
41283
62354
62483
62912
24213
63028
24652
63467
63733
37754
66167
40093
64491
24738
9212
16975
64662
57030
64793
64839
58339
4697
49057
55982
43783
60418
49152
42626
49280
49683
57798
41294
25450
49848
49876
59614
49991
50396
41664
50536
50558
76175
47409
78897
46736
67867
55668
46796
47202
54534
43444
47349
58169
50668
47582
4587
47602
58422
48002
66409
48665
84392
48904
48968
55342
54170
54337
54642
61675
65462
79068
54670
54739
54752
54978
27554
63356
60029
55593
61003
55916
20701
56189
56280
99858
94313
62831
63694
27611
65317
47505
50832
57324
51291
47748
59947
52011
46332
36795
52321
63743
39214
52522
53503
43739
18262
53750
55373
61484
68158
68053
91052
67763
76468
67596
67536
67347
39844
57156
87011
83342
38982
38649
72050
45434
37246
36725
36314
36304
35558
69280
69977
69950
69872
69813
69654
69607
69400
69337
87055
69311
32853
69233
69189
68990
68802
68688
68552
68503
68323
68289
68264
20232
61207
31393
48705
31157
56538
30644
37450
51516
30511
69028
31452
30074
31532
66156
29990
59458
29707
35511
31114
28287
89633
47803
45452
34782
33981
33559
48166
63164
70998
32183
32114
72201
70042
32978
17289
31950
87222
81677
39535
29797
72209
18977
31825
86050
89090
88800
88687
88662
88571
88425
86721
86583
86577
86551
89467
85494
88420
85093
84880
82272
82229
82201
81394
80171
78699
94597
99370
99213
98931
98770
98728
98473
97999
96415
96119
94715
77786
96699
93372
93241
93129
91713
91302
91124
91111
90719
90200
85430
72358
72333
72142
72126
72110
71662
71583
71569
71300
71234
72513
71013
70975
70802
70703
70151
70111
70084
70080
73378
70051
74327
77066
76854
85814
76531
76196
75425
75371
75324
74770
74464
30856
74094
73833
73686
73504
80990
73227
73107
73001
72944
72789
2058
48228
52556
577
39428
20493
27349
37628
67407
18611
32001
23883
37546
67296
32917
51311
10329
16983
69616
21929
32085
69034
298
71590
6159
5124
29973
8128
45457
73642
49244
67844
36792
40200
22944
71304
49964
13153
22170
66532
2331
71955
12069
37473
32327
35141
4397
60120
64989
99762
41916
28837
18557
90964
21097
54914
66706
6820
26707
20282
23675
84185
48697
65332
5685
38708
4294
28738
1896
31755
4256
59979
67012
23055
70309
18186
8730
16953
36089
26108
55889
32600
7861
92973
34196
48190
6070
69925
25888
86584
38897
27005
34657
56085
89515
26302
53893
26264
26073
27132
64350
34954
26216
42987
18288
18695
31679
80164
18060
66180
68238
28029
38048
37319
67262
28025
44796
52370
53452
36106
1482
22929
27205
21660
27572
39259
27360
99406
27321
18124
32859
27149
3128
38697
79424
21756
49347
58732
9046
83780
2823
12506
27057
25752
38315
793
54352
2190
36002
24912
91762
5260
61984
65311
29807
42405
34781
15506
68036
43638
52114
13299
91983
30988
54251
26357
12074
96800
57770
6227
21213
75312
54755
23753
30632
23221 30376 43753 70089 71734 16663 21753 34782 73067 74255
61709 72976 72081 74201
30271 60322 68227 6159
21387 29260 31858 35094
83043 86938 62850 83394
22285 25501 32075
32833 26265 31542
98831 4986 66246
82972 87516 29990
59609 68463 61072
21657 24799 30865
34053 68363
89972 90425
23701 42509
82201 42987
27882 22831
32600 577
86584 51062
78212 89258
26838 23194
76308 80625
17020 57761
19566 18181
92618 97043
70866 61554
14539 18911
34397 34684
66884
57158
32183
32114
42216
4587
50832
32703
48705
41664
49848
57774
26750
74327
69654
63743
26478
34959
58874
16983
56607
26264
20394
22979
73378
49991
27554
24213
22384
67844
2823
35719
60598
37319
55342
32085
47505
57030
57411
50710
6820
50767
52522
54230
62431
37759
54978
46736
55703
63795
56085
56703
57235
56978
61493
57638
56999
57770
98304
57955
37246
71989
40121
88781
34196
18611
27349
48166
74040
28294
35490
48190
36725
33009
37754
48046
88420
38048
40915
43286
43783
70778
27859
44821
26690
66035
67534
67120
67012
64458
64006
64003
64002
63754
63467
62238
59979
59758
68688
59610
59543
87978
58937
58732
58516
58339
31393
69950
41680
48665
73779
93129
91983
88800
88662
86721
85494
82488
78897
77786
75425
91052
73833
30511
73054
72358
72209
72050
71304
70703
69977
69813
69280
69116
69028
61954
15506
12074
92468
26933
18557
41036
54752
35141
22219
35173
26216
53715
18186
28287
39717
70311
1482
27057
21660
31566
98037
26073
36106
24952
39259
6127
73686
59669
29086
27904
69189
61736
22929
298
64491
5124
27321
20232
27360
25843
26357
26302
27149
32610
26108
19377
53132
80990
25735
23221 30376 71734 6820 16663 21753 34782 43753 70089 73067 74255
59609 68463 61072
31858 35094 21387
34684 27859 34397
70866 61554
67534 61709
34053 68363
4587 58732
57638 61709
26838 23194
32600 577
89258
6127
298
56607
28287
30865
24213
35141
54230
57030
50832
34959
35490
69028
36106
37246
47505
59543
52522
64002
48190
90425
22285
78897
67844
63754
77786
73833
60322
58937
57774
57761
57235
56999
63467
68227
24799
27554
71304
64003
58339
26302
69950
59979
22219
19377
55703
21660
16663 21753 23221 30376 43753 70089 71734 73067 74255 84582 69702
26690 30271 60322 68227 92310 6159
22979 39717 41036 63754 97092
53715 55313 64006 70251 86720
22285 25501 32075 34917 35490
21657 22897 24799 30865
59609 61072 68463 68026
21387 29260 31858 35094
47278 48064 51151 53425
27859 34397 34684
83043 83394 86938
66022 69114 72164
25359 18287 54372
27801 48046 59758
32610 57761 86241
64988 68677 69672
61248 69804 72546
76979 89303
82972 87516
25418 26933
31111 73983
80625 76308
60251 67028
82113 86416
24494 66035
76667 92468
42587 51392
70866 61554
8433 60326
78897 91713
923 64458
46740 57955
38226 39794
87477 27087
98095 98304
31298 33009
34053 68363
11854 69619
19566 18181
51062 55703
30887 53132
20460 57689
98831 66246
13117 67374
23701 42509
9056 40915
89972 90425
78212 89258
77321 77959
92444 15696
92945 96001
79115 95830
97999
57977
20701
18288
54080
18695
89633
71304
34954
46315
84185
23411
2058
91265
18557
4587
41916
53818
54359
43448
34196
18262
24213
69116
38452
6070
31566
93129
35173
34782
40478
92618
41434
91124
33981
56703
32917
51311
91111
61824
44930
22870
69977
20282
50767
56718
48968
6820
36767
28029
47505
90719
72932
20394
23850
36068
24912
30511
20232
1482
36106
21929
2823
36792
298
27349
37628
49244
91983
88662
2190
56085
70151
26302
53893
27572
68688
20470
30493
4294
73001
18186
43482
10329
30632
68053
35141
21006
70778
42871
53691
22403
17289
16975
20493
39428
89090
54755
43167
57774
36089
16953
34959
19377
9720
31157
93372
6227
5260
65311
23675
65332
18124
27321
64194
50832
57324
47748
32600
26108
47582
60025
47409
47349
58169
47202
96415
46341
94597
73833
46159
54815
44821
43739
61051
44796
28025
52370
53452
44586
44197
93235
43783
43588
9212
52011
62831
51516
37450
87222
51291
49683
58339
99406
49493
39214
49280
48904
48705
25735
31393
48697
41664
36795
27057
48665
48659
26478
82201
48228
98473
52556
47865
96800
38982
47803
32114
40093
57405
40092
40039
39975
9138
39535
18977
29797
39259
55489
63063
40121
38649
38382
67596
37754
43487
22929
37319
37246
36725
36828
94715
36314
36304
88781
69400
43444
28837
91052
43286
56811
60598
42987
72201
42981
58129
67867
88425
42629
42350
49876
42005
41680
62238
41347
41294
38048
52114
66180
67262
41283
2331
12069
40509
40200
59178
56890
56978
67257
57030
57158
58422
58548
58732
58832
58874
63743
58937
58955
81677
73378
59610
59669
68325
59928
59979
67012
59980
62144
82488
60418
99370
60652
61003
72209
54642
31114
23757
55135
52321
52522
72513
61595
92973
53750
55373
54230
54337
88420
54352
61493
65462
54670
54739
68264
71510
54746
54752
54914
55342
55376
56999
56280
72333
56607
69028
66131
66409
66884
67120
67347
67407
67534
72944
67763
68219
68323
71569
68503
68552
65799
69034
69233
69280
76854
69337
69813
86584
69872
69950
86721
70453
72050
70998
71234
74770
62483
62850
62912
85093
62933
63164
63467
63694
93241
63795
72142
64003
66167
64491
73054
64662
68990
64793
91302
64839
64922
71955
64989
65186
98728
65274
65570
65667
98037
6368
54517
31532
66156
29990
32833
70703
21268
32183
17020
83780
50558
21756
87217
48002
80990
85430
80164
82229
24407
61736
8730
31452
12506
69311
24952
73642
22357
6127
18751
7861
71300
59614
70975
37473
27882
38708
17634
70111
49848
88800
90964
88571
89219
22384
87055
86577
25843
22219
86050
94713
85794
60725
13299
84880
5660
71662
76531
72789
76196
26130
44276
38897
55668
27075
32859
27205
28287
37546
74464
27266
62431
27360
21660
99858
36736
37759
57235
30049
30170
72665
49991
67844
25833
69654
30973
53695
69925
34657
32703
20367
23194
70802
46796
38315
36002
26264
26750
23442
94313
19568
58520
24451
87978
59543
46736
74327
99213
43395
77786
43638
57770
38697
27132
32001
79068
27611
23221 30376 43753 70089 71734 16663 21753 34782 73067 74255
30271 60322 68227 6159
21387 29260 31858 35094
83043 86938 62850 83394
22285 25501 32075
59609 68463 61072
21657 24799 30865
82201 42987
78212 89258
34053 68363
70866 61554
86584 51062
34397 34684
33009
25843
40121
21660
34959
71304
35490
54752
18557
41036
57774
63743
19377
26478
77786
36106
93129
20232
35173
22219
53715
26264
26690
18186
28287
92468
38048
37759
48046
37754
37246
59979
91983
92618
36725
35141
6820
86721
39717
4587
32703
32114
30511
6127
39259
27882
22929
64458
27349
298
20394
44821
58874
72209
66035
56978
66884
56999
57761
57030
57955
58732
69654
59610
59758
61736
63467
87978
64003
56703
64006
67534
67844
69028
69116
88420
69813
72050
73378
78897
80990
82488
88800
91052
26933
2823
40915
32183
17020
22979
27859
53132
73833
25735
22384
50832
74327
26750
26302
32610
58937
34196
27057
98304
46736
63754
48665
52522
54230
90425
55703
56085
56607
23221 30376 71734 6820 16663 21753 34782 43753 70089 73067 74255
59609 68463 61072
31858 21387 35094
34053 68363
50832
37246
56607
26302
73833
36106
58732
30865
58937
24799
67844
78897
34959
22219
298
69028
57761
67534
57774
60322
63467
63754
64003
68227
16663 21753 23221 30376 43753 70089 71734 73067 74255 84582
22979 39717 41036 63754 97092
21657 22897 24799 30865
47278 48064 51151 53425
83043 83394 86938
27801 48046 59758
59609 61072 68463
64988 68677 69672
27859 34397 34684
11854 69619
82113 86416
34053 68363
24494 66035
42587 51392
30271 60322
4587 58732
38226 39794
30887 53132
98095 98304
23701 42509
9056 40915
76667 92468
98831 66246
60251 67028
92945 96001
92444 15696
19566 18181
89972 90425
51062 55703
22285 34917
78897 91713
82972 87516
69804 72546
923 64458
78212 89258
38897
46159
43783
85430
70778
44276
44586
55668
47202
53750
32600
47748
32114
47803
73833
47865
48228
82201
48659
48665
48697
46740
56718
20394
91265
66884
23194
70802
20367
20282
50767
20701
48968
6820
35141
18288
2058
36792
61736
24407
24213
25735
43444
91052
23675
65332
5260
62483
54230
43588
18262
22384
22403
12506
21929
57158
13299
68503
61051
74770
64194
64006
43448
63467
69872
64989
62933
64491
44821
60418
99370
61824
60025
47582
59543
34657
86721
71569
68323
71304
71300
71234
70975
49876
69950
58548
69813
86584
69233
68688
27572
68227
65667
64793
53893
54755
67596
54746
54739
68264
54337
88420
18751
39259
26302
52522
51516
37450
51291
49280
49244
91983
57770
58339
59928
58129
42981
88425
69028
57977
57030
48904
26933
56999
55376
56978
56703
33981
56607
55489
26750
70111
32075
85093
27205
32859
46736
43395
26690
46796
31566
36002
59178
42987
36725
36767
36828
94715
37246
72932
23411
37546
27266
62431
39428
20493
27360
28029
37754
37759
65462
32001
79068
31114
68552
69925
44930
88800
72789
74464
76196
76854
80164
85794
87978
88781
72665
89090
89219
89633
90719
91111
93235
94313
99406
38708
72050
37319
67262
38048
41294
28025
69034
64922
43638
52321
39214
40478
40509
8730
72209
72333
72513
20232
9138
39975
35173
33009
51311
32917
21756
54670
50558
22219
30511
9720
9212
31393
10329
17289
67534
72944
6070
22929
27882
63795
56085
6227
99858
12069
18557
48002
69654
65799
34959
40039
69400
64003
13117
60725
18186
29797
6127
72142
93241
4294
73001
18124
59610
18977
24912
65570
54914
26130
68990
68219
42005
68053
21268
6368
29990
24451
19377
63694
16953
37628
27349
21387
36089
67844
65274
2823
34954
84185
71662
76531
23221 30376 43753 70089 71734 16663 21753 73067 74255
83043 86938 83394
59609 68463 61072
21657 24799 30865
34053 68363
34397 34684
86584 51062
82201 42987
46736
63754
58732
87978
69654
56607
56703
60322
27859
73833
78897
61736
88800
63467
27882
64458
66884
90425
67534
68227
88420
69028
69813
71304
92468
37246
55703
30511
44821
39717
38048
41036
18557
40915
22979
37759
48046
59610
37754
66035
2823
89258
35173
22219
35141
6820
56085
34959
36725
26750
86721
18186
23221 30376 6820 16663 21753 43753 70089 71734 73067 74255
59609 68463 61072
78897
73833
63754
56607
37246
68227
30865
24799
