7683 22400 22534 23617 26436 29427 38905 38978 40693 42648 45319 58641 60152 70980 78692 80625
41579 52077 74040 82201 82492 86279 94695 96565
23032 23850 25042 26665 30590 30644 31011 38648
20796 24646 49279 60337 67844 77419 94321
17280 21136 24974 30591 64143 65679 85328
20942 25501 26550 26838 27122 27136
1238 32610 57761 86241 91039
61709 66173 73599 74201 55372
54337 78897 79011 79537
25289 62238 63605 96964
25735 30271 60322 95271
75338 84290 87701 94422
18181 18929 19566 19835
10329 30568 33103 66843
1577 50785 51588 71955
62472 72178 74049 87101
32081 45374 49099 72543
25808 47540 71469 82146
23507 72531 96658
25208 56280 73123
70078 70747 97622
28897 67198 86347
35347 68688 72358
75496 87979 99762
76580 88708 89996
76891 91803 91833
18822 34921 52424
58874 76100 89515
16225 17000 60725
30929 36314 67632
81236 85430 88070
86398 89972 90903
25139 31992 42324
46736 48665 97395
36704 39443 37158
74684 78253 88737
16663 23221 34782
28507 95027
19542 22740
42981 64002
33313 94966
55412 88907
62313 64859
36295 56470
9117 38766
80297 86998
64124 71199
24717 81152
63208 63825
25868 63486
51153 92618
28031 48223
7749 58732
78556 83927
20460 57689
74596 98097
32264 58935
40450 44518
48963 69859
41627 60024
38226 39794
60925 78159
16753 67452
34397 34684
79584 87518
75601 78932
31647 43707
74218 97482
23529 39988
75265 77292
75335 79884
48288 65754
40470 56669
75425 89090
31452 74775
63694 66175
31566 35276
20603 48530
76485 98677
90735 94984
7032 39764
82405 95175
77583 92481
25467 25843
60391 95714
5260 5868
5522 60842
21523 34781
97804 98030
77090 87978
35552 60213
24400 71351
82113 86416
30508 62002
36322 56826
46078 60708
56503 58809
577 32600
31408 67946
36359 40490
54559 57770
65853 68151
7750 92973
41452 42640
38266 69351
30064 37293
45933 52596
42431 70989
87243 93906
28057 65593
59596 64634
23422 88923
8868 68765
1982 5600
93217 96155
31043 57703
86442 92999
6070 69034
76059 94575
46219 46326
43448 66887
55045 70307
42493 70311
37527 61595
61796 66516
53715 55788
39248 40868
23364
50710
29497
59563
41476
31279
22620
60879
22226
74263
37473
40385
30957
26366
21652
63955
63936
42723
43622
71906
26565
21442
97060
56991
19567
64652
19279
21117
19494
47004
33981
17410
19568
81350
56085
27801
54563
37782
54586
68705
26302
57803
53066
329
28613
47941
20822
22448
20741
47341
6118
20725
48037
68337
45165
99376
4698
41838
19554
29548
36947
16331
33895
62495
50255
29373
9260
68185
21051
82333
54244
80171
24782
592
27588
91227
32767
61051
65765
68567
37095
43349
923
24496
29210
54852
24396
97463
42734
18160
24387
24271
64340
85553
13451
65305
55235
57592
62306
71734
24183
40303
73301
82729
40524
43490
90630
39054
37945
37759
63686
53242
44370
27871
72654
37716
73071
37694
37565
37531
379
31096
97092
59238
87522
38633
83416
43057
59556
37512
65796
24690
38832
30100
41885
60120
61293
53080
81364
40881
22028
19671
70497
57369
24652
22434
41290
67217
27979
21918
29479
18867
21898
59610
36556
62483
90767
34341
43769
53197
21821
7679
54987
48838
70051
23331
52348
38091
52608
27101
74241
23774
54699
23647
47217
56645
23595
42421
21208
24677
18185
29970
20974
11315
48485
72055
22978
8836
30049
22831
22672
65098
22541
34326
43687
74464
20811
62185
35746
5085
37246
2058
24843
42305
21666
46208
67421
20701
38932
5662
12506
31825
903
50163
47557
6901
27972
34626
69981
47786
40715
3426
27896
2958
19593
22839
27167
74307
45434
62929
67643
53083
71939
960
2042
63324
72752
26928
50109
31256
44586
56371
5771
31495
32126
11172
51241
24751
74248
25833
14728
28253
86242
42768
73409
35005
56218
18975
73399
19785
12022
80375
18623
70477
36367
57580
53618
10367
15250
34106
81246
31294
5046
6368
36965
2446
44872
15706
60489
47704
17
28301
4655
9309
23590
73748
48926
79567
3736
16465
31542
25855
61210
43050
24197
73694
35558
9631
40979
18799
7268
54408
15383
13432
14015
52858
35114
50409
6049
64974
41808
39590
60803
22955
65381
37958
56814
29086
19402
83485
54726
17020
35856
54274
34312
18435
20394
18037
32179
98175
18338
18335
45329
18643
20931
68071
19822
3187
19686
57398
40706
7436
97002
32863
72932
50580
34081
33945
4688
77633
19082
73293
39914
37557
30486
18843
32985
56555
73054
18302
72513
45622
18830
66943
82469
50396
64538
16017
18374
66716
17749
35493
26704
69130
76201
50804
64946
44150
28348
5841
41196
43553
14933
7900
71539
85681
27376
8520
3217
97497
54946
2823
64105
80292
51937
92006
40145
29055
71481
4476
77543
51814
91883
48194
67050
90620
41582
21006
3916
71657
88156
95227
66706
46642
72986
23353
12533
18090
88800
17435
24041
40459
6080
49349
40442
19229
66369
18262
8239
31809
32584
58511
23060
63129
72557
19462
50103
21367
48385
49007
48981
30125
48965
41894
48893
48685
36900
50888
48670
43956
48464
29608
48463
48442
52334
48325
38897
69538
48261
48244
3461
60029
81242
48126
48082
48056
7987
90482
47899
47889
54267
64161
49994
40566
54418
61489
49982
49942
42871
49890
55400
49855
55393
45965
49848
99345
43175
51910
49831
49809
49669
49582
54296
54995
49450
44736
49363
18722
49315
49289
49036
1896
48552
37524
68165
46863
30364
2080
77504
55668
76881
46796
46669
46616
46531
46512
46354
53425
46952
98049
46334
46266
39195
47435
62825
46186
46159
20232
46150
46147
46136
24923
46089
45999
14411
54530
21532
2676
59244
47876
24306
47803
47743
38315
47489
71059
92272
47447
12092
47409
57090
47300
47277
42563
47211
68424
48311
45954
50668
47202
47003
46998
35213
54715
21717
52709
53431
62859
69930
53706
46635
27779
53691
54443
53334
53170
52935
52907
52906
52722
62150
53756
52664
52533
52522
73735
52410
52338
52275
52202
59273
52050
56764
59121
52045
70901
52032
54801
55766
69908
55489
41347
67274
55342
55251
55242
55154
55082
55020
62091
64448
54978
64406
47318
57158
54795
54707
54410
54391
54363
99146
53983
53925
53876
53863
58577
93932
53800
72656
50469
50829
13117
50690
83688
50615
74185
50582
71795
50558
29345
62343
64700
50555
69411
97695
50836
38684
50466
71679
53733
50406
50287
50153
50082
50034
54461
59175
50025
40597
50019
52376
79850
51995
80279
51987
51817
58888
51688
11619
37546
6905
51593
46879
54893
31323
71392
51566
34214
51493
63278
65635
72706
77420
51477
51257
58224
65295
51126
8700
51077
51059
51047
56442
66128
40199
66126
40130
66057
41236
29451
40127
44841
40114
42471
51173
40083
39943
44657
40201
39751
53893
55094
39568
39535
86675
49493
4710
80134
89562
39512
72510
42829
39502
30074
40777
34379
41434
60290
41323
48394
41322
53304
41105
40947
38590
40841
76196
40807
38450
5452
40537
40484
40471
23972
64041
41143
40353
23854
40321
53545
60616
93614
40237
54618
89973
51291
38435
85907
47574
39811
38702
17013
38668
39761
63331
89258
38652
38546
52688
39654
72652
38545
38767
52787
33931
42806
38092
56948
38370
38291
38265
553
38055
56911
71053
31532
41380
38053
39223
39428
13501
41645
39427
44930
37859
41603
34532
27461
39385
39259
65186
74614
41441
93295
41450
45849
34064
81204
39157
39148
39110
32039
39012
67296
72010
74367
39007
38827
49857
44071
44450
44418
46775
42061
44391
52148
61576
44385
44346
63202
44239
67809
44192
44113
67683
51104
43945
3876
69872
43919
36848
43854
43834
49328
43783
43773
43739
43670
43588
36517
43571
45255
76640
43168
57310
45828
1045
45826
45793
45619
45596
45552
45543
64399
54161
45289
28790
41214
66468
52990
57704
67132
47445
45227
49633
45197
66410
68767
47996
44669
53336
60407
44464
34683
82387
52216
42788
5076
42235
42170
65740
42148
42057
45230
57015
66443
41903
54093
41754
42318
98322
41739
84165
41736
41704
65274
69988
41680
41655
41480
81549
41471
72112
52551
41461
99680
52409
43537
53284
69783
81568
43303
52171
94597
47735
43299
71583
43214
69141
43112
71396
96978
42889
53866
42081
37367
42776
56918
42426
45683
22113
88109
42356
43459
42350
54517
72632
64858
64994
65045
88615
65166
65205
65232
65331
65336
67693
65372
65380
65390
65542
65561
64818
65601
65737
65773
91700
65776
65804
84709
65935
98933
65984
70698
66022
66024
66037
66135
63760
63195
66182
63234
63454
63462
63507
63548
72976
63566
63603
63630
63654
63687
63708
80207
66201
63879
63884
63928
63985
63996
64064
64284
64332
64508
99863
64590
64594
64689
97687
82930
68024
68062
68258
68325
98966
68509
68515
68529
68541
68542
68640
68651
68697
68729
68788
67998
68794
68829
75900
68957
92527
68971
69005
69008
69072
73786
69083
80868
69191
69205
69225
66959
66286
85142
66316
89886
66409
66455
66477
66489
66565
75993
66574
66741
66779
66859
66949
63087
67038
67157
67232
67248
67292
67536
67596
67599
91169
67640
67746
67840
67907
67986
59947
59392
59416
59608
59615
83185
59700
59732
73874
59743
59762
73904
59907
59930
67001
59944
59389
59964
60025
60074
60089
60122
74264
60130
60167
60180
60205
60281
60376
79232
60428
60467
58591
58155
58231
58232
58258
60615
58306
58315
58414
58489
58492
65563
86776
58554
58576
60933
65181
58629
58703
58816
58838
58840
65945
70659
59024
59047
59146
59236
71021
59313
59321
62161
71064
61690
61736
61742
61772
61807
73592
61896
61959
99671
62009
62069
73854
62128
62132
61636
71589
90445
62209
62354
62396
62432
62465
62742
62831
67545
62895
62912
62928
62966
60765
81680
60477
60495
88779
60514
60519
60580
70008
60585
60650
60652
60661
60716
60745
98457
69271
60785
75067
60942
60973
61048
61252
61267
61328
61372
61389
61399
61555
61570
61604
84883
82431
82639
82650
82914
83011
83501
83529
83787
88501
84027
84213
84215
84232
84392
84694
81948
85080
85309
85583
85679
85814
85844
86265
86622
86623
86742
96170
86868
87052
87317
87577
79349
76067
97280
76667
76911
76978
77618
77786
77790
78037
78284
78378
78858
78867
79293
79310
87756
79403
79424
79937
80198
91983
80418
80421
80471
80615
87686
80674
81365
81615
81677
97171
93212
93269
93273
93924
94128
94220
94283
94551
94558
94713
94889
95062
95547
96134
96203
93080
97230
97253
97376
97824
98022
98068
98118
98757
99210
99213
99238
99440
99543
99593
99882
90557
88083
88347
88420
88571
88662
88687
88848
89127
89134
89206
89296
89356
89435
90110
90523
75954
90907
91270
91630
96344
91758
91782
91790
91834
92001
92402
92556
92803
92868
92970
71336
79836
70443
70474
70507
70512
70688
70778
70873
70953
71001
71019
71079
71139
71275
73632
70408
71344
71425
71451
71510
71530
71558
71615
71739
71778
71813
71887
71924
72050
72131
72142
69958
88127
69318
69432
69446
69481
90694
69571
69673
69684
69702
69829
98113
69832
69922
69925
72164
79386
91171
70001
70004
70105
70126
79554
70151
70230
70251
70268
70298
70309
72666
74191
73252
73260
73371
73569
73686
73697
73734
73737
73771
73791
73888
73954
73999
74060
74083
92105
74196
85981
74233
74323
74324
74493
74669
74773
77130
74874
75031
75054
82125
75933
72746
72181
72333
72352
72487
72491
72511
91367
72537
72542
89041
72599
72670
72699
72742
82170
72226
72756
72787
72823
72883
72952
73000
73048
75405
73060
82488
73088
73107
73202
73249
27023
57548
26478
40620
26749
36177
92745
51168
45623
26770
43269
26802
26857
26971
21478
70975
26907
62378
54828
27103
27131
62486
44632
91772
22452
20587
67727
27244
35464
30750
36005
63397
54475
50358
32614
30988
5685
9012
15103
25202
44058
30612
91894
49303
68159
44867
37104
24141
78935
44244
26500
25708
28065
61129
26265
39991
32920
72989
34446
69801
50196
31340
49087
85850
55135
69277
23219
78116
37359
70357
28187
39309
51094
28219
40004
57856
54917
44953
75594
28113
28318
66030
48326
28364
45043
73327
28408
28434
92073
31139
68851
28453
35524
47321
66177
49196
31375
45983
50697
95480
42656
68583
36280
27809
37852
56708
31198
1228
74295
28953
28261
18007
8163
78928
28044
50067
46740
45809
64665
9212
50278
28098
63453
48256
34114
30376
45881
93427
99958
49824
35407
51906
37494
21905
9180
30393
21084
24952
27657
63012
31393
62034
51001
23701
54184
33113
70825
45231
82943
15288
19745
66885
27860
40436
18256
32398
10493
43764
15032
31046
73472
3239
83377
46980
45303
71230
38649
45720
35322
43866
36795
88649
40539
31111
32674
44276
26073
28430
17869
60295
55457
34244
46585
38822
74177
8879
81946
42838
47552
38095
74085
27087
67156
13779
13828
14717
61857
73642
25486
30200
24355
96553
31388
64386
46967
43444
20351
27005
62360
1858
28474
18695
91762
15611
69822
15411
31910
64908
4195
65095
28294
37388
42202
61058
11150
47742
48230
42992
71276
25248
15267
35233
28162
13053
90834
37722
41776
63649
99004
24414
66840
13106
14584
47582
61724
13299
25084
36869
53534
25250
19155
36446
25418
68255
36304
48508
57936
36309
41300
64870
37973
267
36351
54190
51972
80256
48645
73667
36670
36677
39066
62636
20392
58104
37027
65311
37316
91527
37329
63256
51872
37455
70453
36606
67401
69758
52228
92297
34484
37784
63711
35566
68564
34694
54170
98953
27554
35317
61244
46366
7869
35594
36828
35719
25752
55703
35741
35903
36106
4060
27349
36221
85718
26527
57256
56742
56778
56999
66427
78212
57113
92468
57135
57144
71286
97213
99570
57197
71339
97266
56619
57270
64341
97339
57275
85559
57421
62135
57575
57669
97738
57759
57968
57977
65048
58084
56273
95863
55913
72412
56026
89024
56081
96150
56116
70258
56117
56162
56214
56262
65690
56265
34403
65701
72772
56379
56396
68181
56480
56506
56519
84803
56525
56533
56597
61311
56607
95415
30934
53684
65469
19305
66445
68802
30395
82249
50712
30865
34111
74180
30923
34710
62417
38697
33210
70922
51495
33751
37750
36656
31148
73574
31252
9081
58578
31261
40151
31298
53503
50416
55918
28468
14125
28542
23064
28609
28621
54286
56643
28779
29148
99858
31312
69024
28101
62931
20473
62081
25342
36492
34044
76470
90612
75005
93861
31183
37030
54098
65883
35245
42009
35733
87587
33101
42047
38720
81146
61873
33175
33225
33290
33396
33738
57308
33759
73828
47518
36464
29459
34058
27427
55185
34115
69470
34196
67194
74265
86050
26563
36561
93129
55571
31370
34869
56082
49252
56323
72822
86964
55213
92925
46341
98195
37469
31924
60208
64922
14547
38936
36718
32085
36507
32309
24792
57790
32555
52892
34039
32930
32952
39639
26331
