22400 22534 23617 26436 29427 38905 40693 45319 58641 70980 78692 7683
61709 66173 73599 74201 55372
17020 32610 86241 91039
18181 18929 19566 19835
36704 39443 37158
82146 25808 47540
94966 33313 53706
22448 29086
97622 70078
76667 92468
63208 63825
97804 98030
88737 78253
30376 71734
25139 31992
28031 48223
56503 58809
34397 34684
48288 65754
79424 29055
38226 39794
35552 60213
36322 56826
97824 24400
70901
60745
46879
46531
46266
46186
49493
28162
37359
18090
47003
53691
90482
56396
65593
42640
47202
31452
25501
56607
9309
73771
47518
67198
39066
68971
99213
57689
57421
46736
47409
47318
63708
43490
62354
80207
40442
21821
36005
22831
27349
34244
53684
27005
57703
79884
40484
97497
27136
30923
74218
16331
24717
85850
20587
44391
52424
26838
329
26550
38546
7679
26265
56911
20931
25042
50255
24923
72531
29148
23774
61389
46740
22839
19593
62472
99762
65186
64922
71955
64064
75425
64002
66175
63605
43588
65679
62002
61857
37512
69271
61604
45374
61595
70251
61267
61129
67596
95480
68957
62465
74367
89515
68767
74177
68688
68424
72752
60708
3217
67452
67132
49279
35213
8163
66741
25084
66409
53425
57310
53618
87701
52722
50558
60933
46326
52709
52596
51814
50785
66468
37293
49857
49669
60407
38767
49099
18262
48838
48665
47876
23850
60514
60337
60322
39764
60089
37367
59907
59700
89996
59556
47803
57936
72543
57770
57761
71286
61636
56280
55788
54286
69008
43168
59762
67746
73697
56470
75405
44930
70357
48082
45255
42324
69801
69832
69859
69925
70309
70989
71276
72358
71425
71778
38978
49848
88800
59047
37958
73123
38720
60290
923
38702
43571
85844
58084
62128
55703
17410
71510
39512
90907
48311
45227
79310
88687
81350
81680
82201
84290
85430
85814
87978
86265
86623
88571
90834
89024
90630
91790
91803
92402
92925
93217
93906
94128
94575
73888
71906
72055
72178
72632
72952
73071
92006
73202
73252
73399
28621
74040
74263
74324
75054
75900
77618
77633
78897
78932
36965
38633
65853
18822
28430
66887
35276
36304
71469
20701
54184
50712
53545
62742
19462
46863
20392
28507
68541
41347
63202
57548
20232
67296
8700
67946
8836
67632
60725
41450
29548
20394
3461
43670
64594
98677
32085
89972
7436
5685
60281
60024
25843
9081
32600
33396
38766
54828
94321
53800
34782
72652
35524
36606
43707
34781
37716
4655
69034
9631
64105
36828
40130
37104
37329
68515
24652
80375
13501
59930
10329
35317
40524
63486
47552
30590
36359
39988
26770
31139
31393
90903
63256
31388
18007
16465
