45319 78692 22400 22534 23617 29427 38905 40693 58641 70980
19566 19835 18181 18929
97824 24400
36704 39443
34397 34684
26436 7683
35276 23774
61709 74201
28031 48223
79424 29055
97622 70078
75405
66887
18262
25501
71955
79310
47803
30923
53684
50255
63825
60337
50558
78897
41347
20392
59762
71286
56607
56911
17020
60708
61604
62472
62742
46186
7679
94321
90630
86265
85430
46266
46531
38633
56280
32610
32600
31452
17410
56470
26838
67946
54286
56826
57770
37958
5685
3217
18007
72752
68688
18822
91039
57761
19462
