7683 15250 15506 17239 18007 18633 22400 22534 23617 25139 25231 25319 26436 29427 30137 30991 34033 38660 38905 38958 38978 40693 42648 45319 47732 49763 52600 52603 56263 58641 60152 62658 65199 69360 69530 70980 72939 73374 74736 75333 76308 77381 78692 80625 81152 83136 84477 87418 92925 97289 98107 99224 99663 31992
20942 21652 23194 23214 23850 24213 24232 25042 25501 26204 26665 26838 27461 27859 28287 28423 30590 30644 31011 31018 32410 33328 33523 34397 34684 34773 34917 35469 35490 26857 32075
13179 16663 20395 21753 23221 25490 30376 32610 34607 34782 43753 57038 57660 68941 70089 71734 71813 73783 73813 75748 76978 81246 84582 88662 91039 15273 69702 73067 74255 88157
9522 22692 31950 35098 41579 43409 43685 52705 63129 67193 67838 71300 71401 72952 74040 75613 80989 82201 82492 90544 94695 96565 99179 29563 42987 68151 71639
8405 8860 35573 37404 37722 38708 38876 40992 43112 48685 49823 51311 52579 52857 53769 54734 57096 57768 62869 68424 68443 69400 70057 72599 81345 96016
11009 20302 29753 32235 34921 36678 37104 40985 42639 44464 52424 52954 55939 63548 73963 98384 98634 98726 99565
32134 54722 55372 57638 61709 65367 66173 67534 72081 72976 73201 73599 74201 68951 69612
34386 37280 42041 42904 53686 61238 64105 66191 71277 95863 35828 36115 59891 74060
29332 46221 48544 49450 51536 53342 63587 72989 50150 57035 60119 67988 68554
36814 43295 44538 45622 50532 53715 55788 62343 64006 66668 70251 86720 55313
5362 6096 29656 44027 49379 56326 60100 63837 64011 66551 67647 82972 87516
23254 25208 36828 42871 44930 48007 51083 56280 72054 72901 73123 73667
31452 77625 78750 79176 79503 88571 91302 94693 94977 98037 98906 66443
28897 30929 36314 38093 40225 51934 52537 57547 67198 67632 69950
44366 62472 72178 74049 83496 87101 91980 98759 99923 22944 53989
24646 29999 42984 49224 50812 58838 63133 70080 72768 93869
13501 35358 53818 73878 80990 82405 95175 97052 53714 79486
51153 61582 72161 79590 81711 92618 93411 97043 8520 27101
22285 22463 23604 25887 31566 35276 36113 28916 34874
21657 21756 22897 24799 26750 27518 30865 40013
34476 42776 55319 82146 22839 25808 47540
22516 56545 58326 61005 62951 66632 72242
1577 7679 31825 50785 51588 66901 71955
71685 75763 78909 84054 91185 94013 60132
22357 23927 26715 28031 37291 48223 59236
31854 35830 56978 69564 70978 20888 22902
47461 54670 58633 61487 63741 72737
88332 88513 91983 97999 98728 99593
88138 18372 29042 38624 70052 73656
55916 59901 69402 70327 91245 99063
55763 67348 74094 79232 82469 87019
59609 61072 68463 69432 71494 68026
22093 37180 39937 40706 42804 73865
13299 17043 46740 54359 57955 66557
38824 46150 61419 67797 69116 71559
74684 78253 88737 92754 32845 78381
82455 83520 44764 58520 60882
62513 68238 71754 74306 97508
17280 19305 44498 39287 68915
46587 51922 53851 83767 96788
78159 37519 56708 70749 98893
43628 51016 64886 67412 61352
75479 77149 82136 82524 90557
95714 40321 43557 47483 60391
47278 51151 53425 45001 48064
41347 94028 29345 65094 98009
23055 31647 43707 49537 56276
45255 80884 85243 89090 96203
81072 59083 66872 96963
84783 85437 95629 95791
24428 69684 73378 73686
18181 19566 19835 18929
25461 56016 36718 44640
25276 26357 29414 30164
89996 43395 46440 75717
57058 57127 60745 63453
35342 54080 56811 60723
10055 52413 58874 70778
26690 30271 60322 68227
50028 74289 48610 53062
50536 70324 97125 98807
92865 50278 64970 99664
91227 11787 31143 86435
33902 74464 39861 66024
97622 38546 49990 63895
45933 52596 58227 55750
51176 58305 86278 93217
94966 33313 41004 96317
69910 77066 87222 92803
2080 56085 71304 56623
59937 62354 67155 99176
45709 56101 73089 73908
14083 43885 52694 64249
17998 53972 57260
92973 6905 7750
3915 57156 65311
50568 59380 73371
23016 28226 56017
43261 57961 69233
89562 54190 73042
6159 21181 70058
35910 70126 72209
1629 16983 61940
29983 58921 62465
16331 69742 70984
29268 53720 33022
22448 29086 35825
35903 45343 46390
26316 27882 35719
9090 68802 60038
36089 41943 47131
37958 41160 47318
40995 58840 61069
98831 4986 66246
22403 42715 66281
9379 49412 39738
42981 64002 73779
7436 7696 39139
48535 69872 70321
54894 65251 57734
36704 39443 37158
42431 62431 70989
52370 67878 97253
9765 9853 67946
17435 58231 60537
20473 54461 68391
22826 66113 72550
923 47827 64458
39162 64008 64368
44103 58802 68241
78212 89258 93040
29260 31858 35094
13053 70795 17442
94321 24469 98247
24197 32327 58309
84909 99935 28621
88699 49252 70060
65144 66370 71276
22207 64111 70615
58339 67072 99320
27068 36725 37759
21589 25450 30988
5685 10329 63195
87438 88779 98816
39219 43249 57977
72881 83935 97526
55045 70307 72665
98935 62375 65221
36711 57030 64491
37785 48963 69859
56483 60835 64755
5503 38226 44575
23411 27244 11619
83403 84185
63202 73404
44095 61207
89129 91757
50255 54230
20268 24519
77321 77959
43866 54526
81242 54666
29548 64301
31625 44392
32600 577
76366 95301
27087 67936
56503 58809
36958 53794
69114 72164
62144 55645
48288 65754
50860 57445
15755 57795
71590 82272
15696 18695
42249 73928
72898 56507
27953 22587
62825 66533
45497 56133
45596 58654
45500 68197
50555 60194
60251 67028
85929 98770
46831 73000
5260 5868
13835 2289
46980 73054
26550 35616
20470 66141
24194 40200
65372 66485
35048 45725
65255 68786
78211 96494
59985 97591
34053 68363
20392 34190
38734 39082
43448 66887
42493 70311
21821 68170
23701 42509
27005 29182
43820 73960
85142 45581
30074 33078
49036 60352
44391 56693
88907 55412
14258 43537
14539 18911
42858 54337
55117 70641
17020 57761
63208 63825
36359 47505
43783 67012
2058 46595
43687 39012
43001 71583
61051 19317
1982 5600
54540 61000
41422 65380
31416 32085
76468 83333
567 68775
83043 86938
82535 53085
81680 97199
81277 29055
56890 69828
80171 96157
34341 68675
79424 29055
79310 23003
29715 21768
72972 91114
87243 93906
56273 62085
3767 6127
1641 54687
99673 97177
3128 59691
89972 90425
75405 30576
40470 56669
8868 68765
21111 31256
38266 69351
24924 24952
12340 55094
48587 62664
35861 32928
9056 40915
524 5835
11150 57158
97824 24400
69189 70332
98095 98304
32106 42582
6274 43395
2337 21478
8433 60326
21213 59458
70866 61554
2725 57952
40026 54625
23357 67707
90903 91696
98608 99376
11854 69619
88923 23422
69804 72546
39195 44415
298 65186
36351 62034
22568 72120
13343 51018
1482 56999
32703 92444
30059 45619
32833 23401
39052 53142
90593 96678
4587 58732
39046 69958
84309 58600
10224 52839
3560 36812
33759 35637
84364 86055
13117 67374
64003 94128
17867 38053
53788 50925
27965 59097
41441 56739
26073 37043
23742 56597
23699 29242
86584 51062
26478 15927
54559 57770
28606 40093
50227 73786
41346 48228
34196 43704
4998 63028
35552 60213
47973 70309
52918 57756
42308 67029
55348
72699
54642
10580
48930
58908
21959
38795
43578
87640
39116
51902
8730
47582
45589
73608
39226
21827
61974
50710
47996
92481
22426
21905
37473
36492
59727
19658
59174
20282
39007
39212
22507
58832
60074
47742
27132
92006
73150
54294
23385
49244
31500
71569
50668
63733
35449
50558
26933
51937
62474
53046
23084
57629
59700
23547
42912
68839
37367
74095
2331
1896
57827
49152
41192
38740
40083
44797
22339
86721
23110
38720
38648
38631
22219
56379
20725
18667
44150
23488
22384
55593
4792
4440
14600
71440
46900
30265
65620
51291
45289
4256
22536
23459
61171
57216
26164
80375
329
19554
55134
793
80931
20886
15972
66445
20588
28162
35233
6453
41808
39290
1584
59568
39717
55463
67248
21084
54150
56994
23724
80292
25092
76946
58491
20701
64868
33996
85850
19402
13451
65305
35091
53862
18374
46208
60290
36227
74451
36736
43683
20394
32179
62820
51647
7287
28318
30312
86265
5632
40987
64557
78699
41158
17869
48056
59841
73983
53684
65667
54296
28091
47803
407
17634
3217
43286
41434
20766
23032
58618
27360
32859
50396
83394
40773
73771
20811
25525
57411
48776
21051
58763
56703
66131
73202
73063
80134
41283
33143
39428
16963
59302
19455
71309
21673
49848
58417
57308
38452
22929
40394
43743
41386
22672
21387
40121
21268
63694
54358
37859
92070
63380
6820
19275
21632
64058
18822
16465
61248
18287
15930
28025
19568
20575
34954
72666
18186
63668
20587
67727
17644
28995
64350
53550
18214
49347
17186
59979
33363
68718
62475
54475
16624
3461
21677
16953
61736
52907
41122
19637
43739
57274
10134
61988
57974
78814
53304
53289
53231
52952
52868
52759
52709
52522
52508
52477
28907
43459
52429
61857
73642
54575
31005
52357
50000
31144
52348
49991
52011
52006
68957
54372
54165
65950
68307
58500
53786
54064
37565
53728
58442
54815
50101
54363
53706
27779
53622
53503
62931
53452
57779
41280
88420
53343
59958
48838
49942
26372
49890
59868
49887
49857
66486
49295
49279
49140
60925
75067
50006
70051
56470
48707
36922
48705
48697
48665
48659
48645
48530
53870
60941
50767
51739
51566
51477
51297
39512
60725
51252
51186
51144
51126
8700
50827
54443
50761
27191
58271
74770
40524
64908
59234
71019
50128
54842
50119
58083
96134
58409
53695
58223
53509
60580
58130
58115
39259
67543
58084
72226
58422
57979
67407
57946
57727
57580
71722
57564
78777
57235
69020
73734
58290
23932
59873
59762
57405
59698
59669
59614
17188
59610
42216
18646
59462
59287
57181
59154
58993
58818
58703
96415
58629
65700
58539
58489
58466
58432
54817
55668
55342
55242
55235
57592
59630
55194
33981
55059
54978
40836
54850
58139
19462
54801
40659
56964
54746
40604
59175
54739
54737
54699
19344
54517
56305
57135
57009
73508
56911
61604
56814
56778
56605
70747
56531
56339
63410
48325
56288
56262
79832
59443
56116
70258
55917
29990
74773
55782
46354
41675
42324
42257
42170
20957
42168
98736
41926
41916
41829
41757
15830
41680
94281
53863
41664
41645
20432
41544
41403
67330
55489
53132
49337
41294
71232
42679
43392
62248
54634
56991
34391
43179
43022
43002
71286
46076
42734
47115
31157
42640
68567
58155
54828
92540
42629
9631
54414
46863
42427
75425
39883
40203
40092
40073
37716
73071
40004
65931
39975
25833
39894
25752
39886
52004
65810
39779
9138
56396
63467
39761
39603
37246
39535
39507
39461
39309
41143
51261
63046
41236
29451
41036
40977
40899
33828
40881
58348
59377
57778
31532
40468
44821
40385
23886
51443
53800
40353
12069
40334
40219
56718
46765
79997
47277
47217
47202
47199
47003
56419
65847
46908
46819
46778
56746
51713
63264
72692
46736
37159
47619
92402
46510
60652
46337
46266
46243
60385
47786
38897
69538
48298
48190
48166
56918
48046
47941
47883
57311
47854
67056
62742
59947
67018
49966
47748
54286
56643
47632
47552
50816
47489
6368
23774
44383
42009
20796
4297
56438
30511
44239
23026
59543
53998
70497
47344
44474
63843
38605
74083
43772
24916
93269
43638
3604
88456
44697
43588
36517
45845
69813
46186
15545
46136
24923
46121
57310
43168
64381
51442
45897
45895
54752
71772
45663
24450
45434
75896
45230
21660
45141
44931
19004
44853
65984
65129
65283
69997
65332
65336
67693
65512
65532
67889
65853
65883
65975
65076
66022
66135
66175
99173
66180
66186
66201
66226
66240
66330
66409
66496
64346
63463
63654
63731
89658
63743
63754
63803
63980
66337
64143
64195
64339
66532
64448
64585
64594
71665
64656
64744
64818
97816
64821
64860
64954
68078
67462
67487
72201
67575
77003
67590
67596
67703
67844
67907
68023
68053
67452
68158
68172
68186
68207
68219
68254
89467
68264
68325
68413
68475
68502
74191
73603
66544
97185
66570
66741
66859
66884
66896
88109
66926
66959
67120
63433
67229
74300
67250
69607
93177
67272
67296
74367
67347
83846
67451
60281
37987
38120
40509
38291
38315
60024
60025
60089
69517
60120
60160
60180
36878
60311
60337
60376
60407
60453
60514
60586
60598
60904
60942
60946
60949
60842
35741
56433
72932
22798
36106
36152
62079
39844
36691
36965
37271
37272
60959
38428
37319
25256
37455
70453
44127
45457
37694
37784
1238
37835
62828
62348
62350
71778
62400
62459
62468
62483
62621
62669
62680
90964
62799
62314
62850
62891
62908
62912
62913
62933
65290
70004
63040
63063
63266
63356
61769
61003
91692
61118
61227
61244
61267
61369
61493
68564
61495
61570
61572
68529
61824
61954
62069
90353
62131
71572
62238
62243
95241
62264
62303
79222
76860
77253
77407
77512
77543
77667
77786
77790
78677
78768
78854
78897
76854
79948
80738
81114
81394
81946
83185
83737
84135
84803
84880
84893
85080
74579
73833
73874
74085
74114
74177
74218
78932
74248
74250
74327
74341
74376
85208
74631
75054
75143
75380
75620
75631
76196
76493
76494
76594
76640
95654
90612
90630
90834
90843
91111
91700
98771
91803
93174
93235
94313
94713
90479
95781
96796
96960
97151
97572
97581
97689
98677
99105
99108
99541
99567
87477
99350
85430
85494
85583
85673
85696
86181
86551
86623
87001
87011
87055
73697
87710
87978
88311
88312
88396
89041
89206
89663
89838
90200
90448
70232
69328
69635
69654
69832
69861
81646
69925
88781
69949
70078
86577
70145
69318
70268
70304
70408
70477
70507
70511
70659
70703
82488
91916
70718
87217
99440
68542
68552
68575
68629
68656
68672
96956
68688
68708
68788
68799
97083
70846
68823
68848
99489
68954
68990
69008
69028
69034
69191
69205
69262
73014
72640
72643
72652
72752
72799
84584
72823
72866
72904
77618
73001
73010
72464
75371
73227
73252
73309
73327
73407
73451
73454
73524
85309
73622
71672
70882
70901
70927
71064
71195
71207
71234
71240
75954
71493
71501
71539
34632
85814
71755
71838
71856
71989
72050
72110
72142
72330
72358
72410
36304
11608
63462
31084
38155
12074
26216
91762
57455
54128
53019
31948
10877
18262
9012
22831
55571
38936
56049
52722
46068
23064
17410
11499
23284
56255
48331
36803
34446
69801
46568
22170
23442
45977
9380
63591
98946
56094
51658
58612
78972
26151
15929
8858
32428
67783
54775
48233
18290
60716
43769
54617
947
59930
34003
46622
70192
96119
1153
78934
36641
59980
23883
28752
5059
59331
41309
58701
24317
31388
24487
24271
64340
24717
19193
26264
9212
38604
27421
19758
20867
59210
12165
56948
12773
71698
9800
14411
36591
20941
73128
18975
64793
2823
30955
32565
22140
69280
54707
16346
61129
63486
2969
22540
29707
69911
47723
35524
9081
89219
56607
66035
37754
18090
88800
89503
49927
32183
37593
98875
21878
30750
35464
16333
37546
57575
46485
29986
37359
836
30591
84802
11758
52643
18487
1228
32978
18751
70032
256
87465
29850
35141
18557
47850
2732
26302
24912
990
38702
44720
61219
63576
18938
17904
46316
36888
18591
25662
8128
50772
47445
45227
18611
38473
73828
58937
92005
51247
67746
34173
49640
59068
15261
40237
10294
40130
66057
27149
46972
70542
32555
5236
57090
54493
30923
31204
9046
12506
20657
91367
24738
14015
52858
35114
58192
69977
19377
47699
48328
1197
59758
64064
55717
65593
43691
63795
68509
46531
43204
23242
32114
22198
38697
56826
37970
38394
31393
97389
32502
32584
34848
51689
65831
52892
32930
58516
33009
61293
36798
34429
30049
30212
56480
44281
30973
30985
99338
36026
73738
31340
38042
66007
37701
31542
29365
31583
85794
46171
31754
38246
59465
5124
73477
91052
60171
53253
60324
34400
72112
54391
32211
60495
39991
30010
3432
34484
55457
34781
60708
35322
42490
36945
36068
34959
47432
56538
94250
35467
55703
57270
21865
64291
35173
55213
33033
33101
52077
33224
33396
33480
66767
53162
35260
64341
34023
62128
30934
71003
34261
69616
53574
38048
66332
34294
26969
40947
37620
44116
60615
26565
30893
44796
31902
67257
27321
67390
58121
97006
27057
64769
52321
36795
81578
27131
64843
27136
27349
31677
52640
36141
67801
21168
88687
24898
25342
47532
25352
45720
90503
31303
90228
36172
63087
37114
2446
25735
65804
27075
26108
55889
65317
48126
57317
26265
58463
29060
66098
28253
28294
28029
34683
28684
24115
71255
92468
54031
22979
37396
69274
39988
2554
20232
29104
29212
25366
37388
29625
38281
53004
69503
37833
38223
27133
57774
93129
36005
37628
25843
27398
72181
54170
27554
99807
34106
42196
27809
60807
27904
43491
57913
69698
27970
32684
50832
38633
7683 15250 15506 17239 18007 18633 22400 22534 23617 25139 25231 25319 26436 29427 30137 30991 34033 38660 38905 38958 38978 40693 42648 45319 47732 49763 52600 52603 56263 58641 60152 62658 65199 69360 69530 70980 72939 73374 74736 75333 76308 77381 78692 80625 81152 83136 84477 87418 92925 97289 98107 99224 99663 31992
20942 21652 23194 23214 23850 24213 24232 25042 25501 26204 26665 26838 27461 27859 28287 28423 30590 30644 31011 31018 32410 33328 33523 34397 34684 34773 34917 35469 35490 26857 32075
13179 16663 20395 21753 23221 25490 30376 32610 34607 34782 43753 57038 57660 68941 70089 71734 71813 73783 73813 75748 76978 81246 84582 88662 91039 15273 69702 73067 74255 88157
9522 22692 31950 35098 41579 43409 43685 52705 63129 67193 67838 71300 71401 72952 74040 75613 80989 82201 82492 90544 94695 96565 99179 29563 42987 68151 71639
8405 8860 35573 37404 37722 38708 38876 40992 43112 48685 49823 51311 52579 52857 53769 54734 57096 57768 62869 68424 68443 69400 70057 72599 81345 96016
11009 20302 29753 32235 34921 36678 37104 40985 42639 44464 52424 52954 55939 63548 73963 98384 98634 98726 99565
32134 54722 55372 57638 61709 65367 66173 67534 72081 72976 73201 73599 74201 68951 69612
34386 37280 42041 42904 53686 61238 64105 66191 71277 95863 35828 36115 59891 74060
29332 46221 48544 49450 51536 53342 63587 72989 50150 57035 60119 67988 68554
5362 6096 29656 44027 49379 56326 60100 63837 64011 66551 67647 82972 87516
36814 43295 44538 45622 50532 53715 55788 62343 64006 66668 70251 86720 55313
23254 25208 36828 42871 44930 48007 51083 56280 72054 72901 73123 73667
31452 77625 78750 79176 79503 88571 91302 94693 94977 98037 98906 66443
28897 30929 36314 38093 40225 51934 52537 57547 67198 67632 69950
44366 62472 72178 74049 83496 87101 91980 98759 99923 22944 53989
13501 35358 53818 73878 80990 82405 95175 97052 53714 79486
51153 61582 72161 79590 81711 92618 93411 97043 8520 27101
24646 29999 42984 49224 50812 58838 63133 70080 72768 93869
22285 22463 23604 25887 31566 35276 36113 28916 34874
21657 21756 22897 24799 26750 27518 30865 40013
34476 42776 55319 82146 22839 25808 47540
1577 7679 31825 50785 51588 66901 71955
22357 23927 26715 28031 37291 48223 59236
71685 75763 78909 84054 91185 94013 60132
22516 56545 58326 61005 62951 66632 72242
31854 35830 56978 69564 70978 20888 22902
88138 18372 29042 38624 70052 73656
59609 61072 68463 69432 71494 68026
74684 78253 88737 92754 32845 78381
13299 17043 46740 54359 57955 66557
88332 88513 91983 97999 98728 99593
55916 59901 69402 70327 91245 99063
38824 46150 61419 67797 69116 71559
55763 67348 74094 79232 82469 87019
47461 54670 58633 61487 63741 72737
22093 37180 39937 40706 42804 73865
62513 68238 71754 74306 97508
17280 19305 44498 39287 68915
75479 77149 82136 82524 90557
46587 51922 53851 83767 96788
45255 80884 85243 89090 96203
95714 40321 43557 47483 60391
82455 83520 44764 58520 60882
23055 31647 43707 49537 56276
47278 51151 53425 45001 48064
43628 51016 64886 67412 61352
78159 37519 56708 70749 98893
41347 94028 29345 65094 98009
45933 52596 58227 55750
50028 74289 48610 53062
10055 52413 58874 70778
35342 54080 56811 60723
81072 59083 66872 96963
89996 43395 46440 75717
25276 26357 29414 30164
45709 56101 73089 73908
84783 85437 95629 95791
91227 11787 31143 86435
25461 56016 36718 44640
50536 70324 97125 98807
24428 69684 73378 73686
97622 38546 49990 63895
18181 19566 19835 18929
92865 50278 64970 99664
26690 30271 60322 68227
51176 58305 86278 93217
33902 74464 39861 66024
2080 56085 71304 56623
94966 33313 41004 96317
14083 43885 52694 64249
59937 62354 67155 99176
69910 77066 87222 92803
6159 21181 70058
9765 9853 67946
9090 68802 60038
20473 54461 68391
54894 65251 57734
9379 49412 39738
22448 29086 35825
98831 4986 66246
40995 58840 61069
1629 16983 61940
36089 41943 47131
3915 57156 65311
52370 67878 97253
42431 62431 70989
16331 69742 70984
39162 64008 64368
21589 25450 30988
22207 64111 70615
23411 27244 11619
29260 31858 35094
44103 58802 68241
88699 49252 70060
65144 66370 71276
24197 32327 58309
26316 27882 35719
56483 60835 64755
29983 58921 62465
89562 54190 73042
43261 57961 69233
17998 53972 57260
92973 6905 7750
923 47827 64458
7436 7696 39139
48535 69872 70321
17435 58231 60537
42981 64002 73779
55045 70307 72665
29268 53720 33022
50568 59380 73371
37958 41160 47318
22403 42715 66281
35910 70126 72209
36704 39443 37158
35903 45343 46390
22826 66113 72550
36711 57030 64491
78212 89258 93040
27068 36725 37759
58339 67072 99320
37785 48963 69859
72881 83935 97526
87438 88779 98816
5685 10329 63195
39219 43249 57977
5503 38226 44575
23016 28226 56017
94321 24469 98247
13053 70795 17442
98935 62375 65221
84909 99935 28621
88923 23422
90593 96678
4587 58732
1482 56999
26550 35616
38734 39082
36351 62034
23701 42509
21821 68170
77321 77959
43448 66887
97824 24400
298 65186
34053 68363
27005 29182
39195 44415
50255 54230
11854 69619
78211 96494
21111 31256
1641 54687
43001 71583
59985 97591
30059 45619
39046 69958
49036 60352
81242 54666
88907 55412
44391 56693
42858 54337
39052 53142
17020 57761
20470 66141
32833 23401
36359 47505
54540 61000
13343 51018
22568 72120
5260 5868
32703 92444
60251 67028
57058 63453
20392 34190
98095 98304
2337 21478
6274 43395
29548 64301
85142 45581
83403 84185
63208 63825
89129 91757
63202 73404
27953 22587
43866 54526
71590 82272
45500 68197
14258 43537
45497 56133
44095 61207
70866 61554
62825 66533
48288 65754
62144 55645
42493 70311
32600 577
36958 53794
32106 42582
27087 67936
76366 95301
1982 5600
85929 98770
46980 73054
65372 66485
31416 32085
46831 73000
98608 99376
41422 65380
90903 91696
65255 68786
40026 54625
23357 67707
61051 19317
24194 40200
2725 57952
35048 45725
21213 59458
13835 2289
8433 60326
2058 46595
43783 67012
55117 70641
43687 39012
43820 73960
30074 33078
14539 18911
17867 38053
41441 56739
89972 90425
79310 23003
76468 83333
99673 97177
79424 29055
64003 94128
54559 57770
26478 15927
86584 51062
34341 68675
80171 96157
56890 69828
81277 29055
23742 56597
81680 97199
26073 37043
82535 53085
35552 60213
41346 48228
56273 62085
87243 93906
13117 67374
3560 36812
84364 86055
23699 29242
10224 52839
72972 91114
29715 21768
50227 73786
4998 63028
3767 6127
42308 67029
34196 43704
28606 40093
3128 59691
53788 50925
33759 35637
45596 58654
35861 32928
48587 62664
9056 40915
15696 18695
40470 56669
27965 59097
42249 73928
72898 56507
50860 57445
31625 44392
24924 24952
69114 72164
15755 57795
524 5835
84309 58600
11150 57158
69804 72546
47973 70309
56503 58809
83043 86938
20268 24519
50555 60194
8868 68765
12340 55094
38266 69351
52918 57756
75405 30576
567 68775
48930
2331
16963
21677
43578
58908
47996
21959
31500
61974
35449
23084
21905
63733
33143
50558
57629
50668
59174
23547
27132
39212
22384
20282
20725
71569
21827
86721
58832
38795
53046
59700
49152
92481
87640
39116
47582
36492
55348
37367
74095
68839
38720
39007
42912
26933
22219
22339
38740
44797
40083
41192
57827
8730
23110
38631
51902
10580
49244
60074
23385
22507
23488
1896
56379
19658
18667
44150
47742
92006
38648
59727
73150
54294
72699
37473
22426
54642
50710
51937
62474
55593
4792
4440
14600
71440
46900
30265
65620
51291
45289
4256
22536
23459
61171
57216
26164
80375
329
19554
55134
793
80931
20886
15972
66445
20588
28162
35233
6453
41808
39290
1584
59568
39717
55463
67248
21084
54150
56994
23724
80292
25092
76946
58491
36227
33996
85850
19402
13451
65305
35091
53862
18374
46208
20701
64868
74451
36736
43683
20394
32179
62820
51647
7287
28318
34106
30312
86265
5632
40987
64557
78699
41158
17869
48056
59841
73983
53684
65667
54296
28091
47803
407
17634
3217
43286
41434
60290
21051
27360
32859
50396
83394
40773
73771
20811
25525
20766
48776
58618
58763
56703
66131
73202
73063
80134
45589
31157
40394
18214
41386
19455
71309
21673
49848
58417
57308
38452
22929
39428
43743
49347
22672
21387
40121
21268
63694
54358
37859
92070
57411
23032
63380
6820
19275
21632
64058
18822
16465
61248
18287
15930
28025
19568
20575
34954
72666
18186
63668
20587
67727
17644
28995
64350
53550
17186
59979
33363
68718
62475
54475
16624
3461
57127
47699
59302
16953
61736
52907
41122
19637
43739
57274
10134
61988
52429
53304
53289
53231
52952
52868
52759
52709
52522
52508
52477
28907
57974
78814
61857
73642
54575
31005
52357
50000
31144
52348
49991
52011
52006
54363
68957
54372
54165
65950
68307
58500
53786
54064
37565
53728
58442
54815
50101
51739
53706
27779
53622
53503
62931
53452
57779
41280
88420
53343
59958
43459
70051
26372
49890
59868
49887
49857
66486
49295
49279
49140
60925
75067
48838
49942
56470
48707
36922
48705
48697
48665
48659
48645
48530
53870
60941
48325
50761
51566
51477
51297
39512
60725
51252
51186
51144
51126
8700
50827
50767
54443
27191
58271
74770
40524
64908
59234
71019
50128
54842
50119
50006
58083
96134
58409
53695
58223
53509
60580
58130
58115
39259
67543
58084
72226
58422
57979
67407
57946
57727
57580
71722
57564
78777
57235
69020
73734
58290
23932
59873
59762
57405
59698
59669
59614
17188
59610
42216
18646
59462
59287
57181
59154
58993
58818
58703
96415
58629
65700
58539
58489
58466
58432
54817
55668
55342
55242
55235
57592
59630
55194
33981
55059
54978
40836
54850
58139
19462
54801
40659
56964
54746
40604
59175
54739
54737
54699
19344
54517
56305
57135
57009
73508
56911
61604
56814
56778
56605
70747
56531
56339
63410
38897
56288
56262
79832
59443
56116
70258
55917
29990
74773
55782
46354
41664
42170
20957
42168
98736
41926
41916
41829
41757
15830
41680
41675
53863
42257
41645
20432
41544
41403
67330
55489
53132
49337
41294
41283
54493
51261
68567
54634
56991
34391
43179
43022
43002
71286
46076
42734
47115
42679
42640
63046
58155
54828
92540
42629
9631
54414
46863
42427
75425
94281
42324
39779
40073
37716
73071
40004
65931
39975
25833
39894
25752
39886
39883
65810
40092
9138
56396
63467
39761
39603
37246
39535
39507
39461
39309
54752
73608
44821
41236
29451
41036
40977
40899
33828
40881
58348
59377
57778
41143
40468
62248
40385
23886
51443
53800
40353
12069
40334
40219
56718
52004
40203
72692
47217
47202
47199
47003
56419
65847
46908
46819
46778
56746
46765
63264
47277
46736
37159
47619
92402
46510
60652
46337
46266
46243
60385
62742
69813
67018
69538
48298
48190
48166
56918
48046
47941
47883
57311
47854
47786
59947
46186
49966
47748
54286
56643
47632
47552
50816
47489
6368
51713
79997
38605
20796
4297
56438
30511
44239
23026
59543
53998
70497
47344
23774
63843
42009
74083
43772
24916
93269
43638
3604
88456
44697
43588
36517
31532
43392
45663
15545
46136
24923
46121
57310
43168
64381
51442
45897
45895
45845
71772
39226
24450
45434
75896
45230
21660
45141
44931
19004
44853
44474
44383
65975
65076
65129
65283
69997
65332
65336
67693
65512
65532
67889
65853
65883
64954
65984
66022
66135
66175
99173
66180
66186
66201
66226
66240
66330
66409
64339
63433
63463
63654
63731
89658
63743
63754
63803
63980
66337
64143
64195
66496
64346
64448
64585
64594
71665
64656
64744
64818
97816
64821
64860
68053
67452
67462
67487
72201
67575
77003
67590
67596
67703
67844
67907
68023
67451
68078
68158
68172
68186
68207
68219
68254
89467
68264
68325
68413
68475
67120
66532
73603
66544
97185
66570
66741
66859
66884
66896
88109
66926
66959
63356
74191
67229
74300
67250
69607
93177
67272
67296
74367
67347
83846
60311
40509
38291
38315
67056
60024
60025
60089
69517
60120
60160
60180
60281
38120
60337
60376
60407
60453
60514
60586
60598
60745
60904
70332
60942
60946
37319
72932
22798
36106
36152
62079
39844
36691
36965
37271
37272
60842
38428
60949
25256
37455
70453
44127
45457
37694
37784
1238
37835
36878
37987
62799
62314
62348
62350
71778
62400
62459
62468
62483
62621
62669
62680
90964
62303
62828
62850
62891
62908
62912
62913
62933
65290
70004
63040
63063
63266
61572
60959
61003
91692
61118
61227
61244
61267
61369
61493
68564
61495
61570
68502
61769
61824
61954
62069
90353
62131
71572
62238
62243
95241
62264
79222
76860
77253
77407
77512
77543
77667
77786
77790
78677
78768
78854
78897
76854
79948
80738
81114
81394
81946
83185
83737
84135
84803
84880
84893
85080
74579
73833
73874
74085
74114
74177
74218
78932
74248
74250
74327
74341
74376
85208
74631
75054
75143
75380
75620
75631
76196
76493
76494
76594
76640
95654
90612
90630
90834
90843
91111
91700
98771
91803
93174
93235
94313
94713
90479
95781
96796
96960
97151
97572
97581
97689
98677
99105
99108
99541
99567
87477
99350
85430
85494
85583
85673
85696
86181
86551
86623
87001
87011
87055
73697
87710
87978
88311
88312
88396
89041
89206
89663
89838
90200
90448
70145
69318
69328
69635
69654
69832
69861
81646
69925
88781
69949
70078
86577
69262
70232
70268
70304
70408
70477
70507
70511
70659
70703
82488
91916
70718
97083
68529
68542
68552
68575
68629
68656
68672
96956
68688
68708
68788
68799
87217
99440
68823
68848
99489
68954
68990
69008
69028
69034
69191
69205
73010
72464
72640
72643
72652
72752
72799
84584
72823
72866
72904
77618
73001
72410
73014
75371
73227
73252
73309
73327
73407
73451
73454
73524
85309
73622
71539
70846
70882
70901
70927
71064
71195
71207
71234
71240
75954
71493
71501
56433
71672
85814
71755
71838
71856
71989
72050
72110
72142
72330
72358
22831
31084
38155
12074
26216
91762
57455
54128
53019
31948
10877
36304
9012
63462
55571
38936
56049
52722
46068
23064
17410
11499
23284
56255
58612
27421
26151
69801
46568
22170
23442
45977
9380
63591
98946
56094
51658
48331
78972
19758
15929
8858
32428
67783
54775
48233
18290
60716
43769
18262
11608
41309
34003
46622
70192
96119
1153
78934
36641
59980
23883
28752
54617
59331
59930
58701
24317
31388
24487
24271
64340
24717
19193
26264
9212
24738
21168
64793
20867
59210
12165
56948
12773
71698
9800
14411
36591
20941
38604
18975
34446
2823
30955
32565
22140
69280
54707
16346
61129
63486
5059
947
2969
22540
29707
69911
47723
35524
9081
89219
56607
66035
37754
18090
88800
89503
49927
32183
37593
98875
21878
30750
35464
16333
37546
57575
46485
29986
37359
69189
30591
84802
11758
52643
18487
1228
32978
18751
70032
256
87465
29850
35141
18557
47850
2732
26302
24912
990
38702
44720
61219
63576
92005
46316
36888
18591
25662
8128
50772
47445
45227
18611
38473
73828
18938
17904
51247
67746
34173
49640
59068
15261
40237
10294
40130
66057
73128
36803
27149
46972
70542
32555
5236
57090
71232
30923
31204
9046
12506
20657
91367
88687
14015
52858
35114
58192
69977
19377
48328
1197
59758
64064
58937
97389
63795
68509
46531
43204
23242
32114
22198
38697
56826
37970
55717
31393
43691
32502
32584
34848
51689
65831
52892
32930
58516
33009
61293
66007
21865
31542
30212
56480
44281
30973
30985
99338
36026
73738
31340
38042
36798
37701
64291
29365
31583
85794
46171
31754
38246
59465
5124
73477
38394
65593
60708
60324
34400
72112
54391
32211
60495
39991
30010
3432
34484
91052
34781
53253
35322
42490
36945
36068
34959
47432
56538
94250
35467
55703
34632
35741
34023
35173
55213
33033
33101
52077
33224
33396
33480
66767
53162
57270
64341
30049
62128
30934
71003
34261
69616
53574
38048
66332
34294
55457
60171
64769
44116
60615
26565
30893
44796
31902
67257
27321
67390
58121
26969
27057
37620
52321
36795
81578
27131
64843
27136
27349
31677
52640
36141
37114
38223
25735
24898
25342
47532
25352
45720
90503
31303
90228
36172
63087
67801
2446
27133
65804
27075
26108
55889
65317
48126
57317
26265
58463
97006
40947
2554
28294
28029
34683
28684
24115
71255
92468
54031
22979
37396
29060
39988
28253
20232
29104
29212
25366
37388
29625
38281
53004
69503
35260
34429
27809
57774
93129
36005
37628
25843
27398
72181
54170
27554
99807
37833
42196
836
60807
27904
43491
57913
69698
27970
32684
50832
38633
69274
66098
7683 15250 15506 17239 18007 18633 22400 22534 23617 25139 25231 25319 26436 29427 30137 30991 34033 38660 38905 38958 38978 40693 42648 45319 47732 49763 52600 52603 56263 58641 60152 62658 65199 69360 69530 70980 72939 73374 74736 75333 76308 77381 78692 80625 81152 83136 84477 87418 92925 97289 98107 99224 99663 31992
20942 21652 23194 23214 23850 24213 24232 25042 25501 26204 26665 26838 27461 27859 28287 28423 30590 30644 31011 31018 32410 33328 33523 34397 34684 34773 34917 35469 35490 26857 32075
13179 16663 20395 21753 23221 25490 30376 32610 34607 34782 43753 57038 57660 68941 70089 71734 71813 73783 73813 75748 76978 81246 84582 88662 91039 15273 69702 73067 74255 88157
9522 22692 31950 35098 41579 43409 43685 52705 63129 67193 67838 71300 71401 72952 74040 75613 80989 82201 82492 90544 94695 96565 99179 29563 42987 68151 71639
8405 8860 35573 37404 37722 38708 38876 40992 43112 48685 49823 51311 52579 52857 53769 54734 57096 57768 62869 68424 68443 69400 70057 72599 81345 96016
11009 20302 29753 32235 34921 36678 37104 40985 42639 44464 52424 52954 55939 63548 73963 98384 98634 98726 99565
32134 54722 55372 57638 61709 65367 66173 67534 72081 72976 73201 73599 74201 68951 69612
34386 37280 42041 42904 53686 61238 64105 66191 71277 95863 35828 36115 59891 74060
5362 6096 29656 44027 49379 56326 60100 63837 64011 66551 67647 82972 87516
29332 46221 48544 49450 51536 53342 63587 72989 50150 57035 60119 67988 68554
36814 43295 44538 45622 50532 53715 55788 62343 64006 66668 70251 86720 55313
31452 77625 78750 79176 79503 88571 91302 94693 94977 98037 98906 66443
23254 25208 36828 42871 44930 48007 51083 56280 72054 72901 73123 73667
44366 62472 72178 74049 83496 87101 91980 98759 99923 22944 53989
28897 30929 36314 38093 40225 51934 52537 57547 67198 67632 69950
24646 29999 42984 49224 50812 58838 63133 70080 72768 93869
13501 35358 53818 73878 80990 82405 95175 97052 53714 79486
51153 61582 72161 79590 81711 92618 93411 97043 8520 27101
22285 22463 23604 25887 31566 35276 36113 28916 34874
21657 21756 22897 24799 26750 27518 30865 40013
71685 75763 78909 84054 91185 94013 60132
34476 42776 55319 82146 22839 25808 47540
22516 56545 58326 61005 62951 66632 72242
31854 35830 56978 69564 70978 20888 22902
1577 7679 31825 50785 51588 66901 71955
22357 23927 26715 28031 37291 48223 59236
47461 54670 58633 61487 63741 72737
88332 88513 91983 97999 98728 99593
59609 61072 68463 69432 71494 68026
13299 17043 46740 54359 57955 66557
74684 78253 88737 92754 32845 78381
55916 59901 69402 70327 91245 99063
22093 37180 39937 40706 42804 73865
88138 18372 29042 38624 70052 73656
55763 67348 74094 79232 82469 87019
38824 46150 61419 67797 69116 71559
47278 51151 53425 45001 48064
82455 83520 44764 58520 60882
43628 51016 64886 67412 61352
78159 37519 56708 70749 98893
46587 51922 53851 83767 96788
75479 77149 82136 82524 90557
95714 40321 43557 47483 60391
45255 80884 85243 89090 96203
62513 68238 71754 74306 97508
17280 19305 44498 39287 68915
23055 31647 43707 49537 56276
25276 26357 29414 30164
35342 54080 56811 60723
50028 74289 48610 53062
84783 85437 95629 95791
69910 77066 87222 92803
26690 30271 60322 68227
94028 29345 65094 98009
89996 43395 46440 75717
51176 58305 86278 93217
24428 69684 73378 73686
81072 59083 66872 96963
94966 33313 41004 96317
45933 52596 58227 55750
10055 52413 58874 70778
59937 62354 67155 99176
18181 19566 19835 18929
25461 56016 36718 44640
33902 74464 39861 66024
91227 11787 31143 86435
14083 43885 52694 64249
45709 56101 73089 73908
92865 50278 64970 99664
50536 70324 97125 98807
97622 38546 49990 63895
2080 56085 71304 56623
37958 41160 47318
29268 53720 33022
16331 69742 70984
3915 57156 65311
92973 6905 7750
43261 57961 69233
35903 45343 46390
89562 54190 73042
22403 42715 66281
22826 66113 72550
35910 70126 72209
23016 28226 56017
26316 27882 35719
36704 39443 37158
29983 58921 62465
40995 58840 61069
1629 16983 61940
42431 62431 70989
22448 29086 35825
6159 21181 70058
52370 67878 97253
36089 41943 47131
9090 68802 60038
42981 64002 73779
17435 58231 60537
50568 59380 73371
98831 4986 66246
9379 49412 39738
48535 69872 70321
17998 53972 57260
7436 7696 39139
20473 54461 68391
923 47827 64458
9765 9853 67946
54894 65251 57734
23411 27244 11619
65144 66370 71276
88699 49252 70060
44103 58802 68241
13053 70795 17442
94321 24469 98247
84909 99935 28621
56483 60835 64755
29260 31858 35094
87438 88779 98816
72881 83935 97526
5685 10329 63195
58339 67072 99320
37785 48963 69859
78212 89258 93040
22207 64111 70615
21589 25450 30988
39219 43249 57977
5503 38226 44575
98935 62375 65221
55045 70307 72665
39162 64008 64368
27068 36725 37759
24197 32327 58309
36711 57030 64491
71590 82272
15755 57795
62825 66533
24194 40200
43866 54526
45497 56133
50555 60194
20268 24519
45500 68197
50255 54230
83403 84185
45596 58654
27953 22587
78211 96494
85929 98770
77321 77959
38734 39082
46980 73054
89129 91757
21821 68170
43448 66887
76366 95301
34053 68363
31625 44392
69114 72164
27087 67936
50860 57445
15696 18695
32106 42582
44095 61207
36958 53794
26550 35616
32600 577
27005 29182
62144 55645
48288 65754
42249 73928
72898 56507
54540 61000
65372 66485
43783 67012
55117 70641
2058 46595
46831 73000
17020 57761
30074 33078
20392 34190
43001 71583
42858 54337
36359 47505
13835 2289
35048 45725
1982 5600
5260 5868
41422 65380
65255 68786
60251 67028
85142 45581
61051 19317
63208 63825
23701 42509
57058 63453
59985 97591
31416 32085
29548 64301
49036 60352
63202 73404
81242 54666
20470 66141
14258 43537
14539 18911
88907 55412
43820 73960
44391 56693
43687 39012
89972 90425
83043 86938
82535 53085
81680 97199
81277 29055
56890 69828
80171 96157
34341 68675
79424 29055
79310 23003
29715 21768
87243 93906
56273 62085
3128 59691
3767 6127
72972 91114
567 68775
76468 83333
99673 97177
12340 55094
75405 30576
9056 40915
8868 68765
21111 31256
38266 69351
24924 24952
40470 56669
48587 62664
524 5835
52918 57756
35861 32928
11150 57158
97824 24400
70866 61554
98095 98304
42493 70311
6274 43395
2337 21478
8433 60326
21213 59458
23357 67707
2725 57952
40026 54625
90903 91696
98608 99376
39195 44415
11854 69619
88923 23422
56503 58809
36351 62034
1482 56999
298 65186
32703 92444
22568 72120
13343 51018
32833 23401
39052 53142
39046 69958
30059 45619
90593 96678
4587 58732
1641 54687
84309 58600
27965 59097
41441 56739
86584 51062
84364 86055
3560 36812
23699 29242
10224 52839
64003 94128
17867 38053
13117 67374
23742 56597
28606 40093
53788 50925
26073 37043
33759 35637
47973 70309
42308 67029
34196 43704
54559 57770
26478 15927
69804 72546
50227 73786
41346 48228
35552 60213
4998 63028
59727
41192
23110
39007
57827
21905
20282
19658
48930
22507
61974
87640
39116
21827
40394
47996
47582
36492
55348
59302
59174
16963
21677
39212
54642
58832
47742
92481
38795
8730
10580
50710
22426
37473
72699
23084
2331
37367
56379
18667
71569
49152
27132
92006
73150
86721
54294
43578
20725
22384
50668
23547
63733
51937
62474
35449
59700
50558
53046
26933
40083
44797
38740
58908
57629
22339
21959
74095
51902
22219
38720
60074
42912
38648
38631
44150
23488
23385
49244
31500
68839
1896
23459
4440
14600
71440
46900
30265
65620
51291
45289
4256
55593
4792
61171
57216
26164
80375
329
19554
55134
793
80931
39717
55463
66445
20588
28162
35233
6453
41808
39290
1584
59568
20886
86265
67248
21084
54150
56994
23724
80292
25092
76946
58491
22536
36227
33996
85850
19402
13451
65305
35091
53862
18374
46208
20701
64868
74451
36736
43683
20394
32179
62820
51647
7287
28318
34106
65667
5632
40987
64557
78699
41158
17869
48056
59841
73983
30312
15972
54296
28091
47803
407
17634
3217
43286
41434
60290
58763
32859
50396
83394
40773
73771
20811
25525
20766
48776
21051
27360
56703
66131
73202
73063
80134
45589
33143
31157
18214
49347
22672
71309
21673
49848
58417
57308
38452
22929
39428
43743
41386
17186
21387
40121
21268
63694
54358
37859
92070
57411
23032
58618
20575
19275
21632
64058
18822
16465
61248
18287
15930
28025
63380
6820
34954
72666
18186
63668
20587
67727
17644
28995
64350
53684
16953
59979
33363
68718
62475
54475
16624
3461
57127
47699
53550
19455
61736
52907
41122
19637
43739
57274
10134
61988
19568
61857
53289
53231
52952
52868
52759
52709
52522
52508
52477
28907
57974
52429
53304
73642
54575
31005
52357
50000
31144
52348
49991
52011
52006
54363
51739
68957
54372
54165
65950
68307
58500
53786
54064
37565
53728
58442
54815
50101
51566
53706
27779
53622
53503
62931
53452
57779
41280
88420
53343
59958
43459
56470
49890
59868
49887
49857
66486
49295
49279
49140
60925
75067
48838
70051
26372
48707
36922
48705
48697
48665
48659
48645
48530
53870
60941
48325
38897
27191
51477
51297
39512
60725
51252
51186
51144
51126
8700
50827
50767
50761
54443
58271
74770
40524
64908
59234
71019
50128
54842
50119
50006
49942
58083
96134
58409
53695
58223
53509
60580
58130
58115
39259
67543
58084
72226
58422
57979
67407
57946
57727
57580
71722
57564
78777
57235
69020
73734
58290
23932
59873
59762
57405
59698
59669
59614
17188
59610
42216
18646
59462
59287
57181
59154
58993
58818
58703
96415
58629
65700
58539
58489
58466
58432
54817
55668
55342
55242
55235
57592
59630
55194
33981
55059
54978
40836
54850
58139
19462
54801
40659
56964
54746
40604
59175
54739
54737
54699
19344
54517
56305
57135
57009
73508
56911
61604
56814
56778
56605
70747
56531
56339
63410
69538
56288
56262
79832
59443
56116
70258
55917
29990
74773
55782
46354
41645
20957
42168
98736
41926
41916
41829
41757
15830
41680
41675
53863
41664
42170
20432
41544
41403
67330
41347
55489
53132
49337
41294
41283
30923
51261
58155
56991
34391
43179
43022
43002
71286
46076
42734
47115
42679
42640
68567
63046
54828
92540
42629
9631
54414
46863
42427
75425
94281
42324
42257
39779
40073
37716
73071
40004
65931
39975
25833
39894
25752
39886
39883
65810
40092
9138
56396
63467
39761
39603
37246
39535
39507
39461
39309
54752
73608
44821
41236
29451
41036
40977
40899
33828
40881
58348
59377
57778
41143
40468
54634
40385
23886
51443
53800
40353
12069
40334
40219
56718
52004
40203
46736
47202
47199
47003
56419
65847
46908
46819
46778
56746
46765
63264
72692
47217
37159
47619
92402
46510
60652
46337
46266
46243
60385
62742
69813
46186
49966
48298
48190
48166
56918
48046
47941
47883
57311
47854
47786
59947
67018
15545
47748
54286
56643
47632
47552
50816
47489
6368
51713
79997
47277
74083
4297
56438
30511
44239
23026
59543
53998
70497
47344
23774
63843
38605
20796
43772
24916
93269
43638
3604
88456
44697
43588
36517
31532
43392
62248
24450
46136
24923
46121
57310
43168
64381
51442
45897
45895
45845
71772
45663
39226
45434
75896
45230
21660
45141
44931
19004
44853
44474
44383
42009
65984
65129
65283
69997
65332
65336
67693
65512
65532
67889
65853
65883
65975
65076
66022
66135
66175
99173
66180
66186
66201
66226
66240
66330
66409
66496
64346
63463
63654
63731
89658
63743
63754
63803
63980
66337
64143
64195
64339
66532
64448
64585
64594
71665
64656
64744
64818
97816
64821
64860
64954
68078
67462
67487
72201
67575
77003
67590
67596
67703
67844
67907
68023
68053
67452
68158
68172
68186
68207
68219
68254
89467
68264
68325
68413
68475
68502
74191
73603
66544
97185
66570
66741
66859
66884
66896
88109
66926
66959
67120
63433
67229
74300
67250
69607
93177
67272
67296
74367
67347
83846
67451
60337
38291
38315
67056
60024
60025
60089
69517
60120
60160
60180
60281
60311
40509
60376
60407
60453
60514
60586
60598
60745
60904
70332
60942
60946
60949
25256
22798
36106
36152
62079
39844
36691
36965
37271
37272
60842
38428
37319
60959
37455
70453
44127
45457
37694
37784
1238
37835
36878
37987
38120
62828
62348
62350
71778
62400
62459
62468
62483
62621
62669
62680
90964
62799
62314
62850
62891
62908
62912
62913
62933
65290
70004
63040
63063
63266
63356
61769
61003
91692
61118
61227
61244
61267
61369
61493
68564
61495
61570
61572
68529
61824
61954
62069
90353
62131
71572
62238
62243
95241
62264
62303
79222
76860
77253
77407
77512
77543
77667
77786
77790
78677
78768
78854
78897
76854
79948
80738
81114
81394
81946
83185
83737
84135
84803
84880
84893
85080
74579
73833
73874
74085
74114
74177
74218
78932
74248
74250
74327
74341
74376
85208
74631
75054
75143
75380
75620
75631
76196
76493
76494
76594
76640
95654
90612
90630
90834
90843
91111
91700
98771
91803
93174
93235
94313
94713
90479
95781
96796
96960
97151
97572
97581
97689
98677
99105
99108
99541
99567
87477
99350
85430
85494
85583
85673
85696
86181
86551
86623
87001
87011
87055
73697
87710
87978
88311
88312
88396
89041
89206
89663
89838
90200
90448
70232
69328
69635
69654
69832
69861
81646
69925
88781
69949
70078
86577
70145
69318
70268
70304
70408
70477
70507
70511
70659
70703
82488
91916
70718
87217
99440
68542
68552
68575
68629
68656
68672
96956
68688
68708
68788
68799
97083
70846
68823
68848
99489
68954
68990
69008
69028
69034
69191
69205
69262
73014
72640
72643
72652
72752
72799
84584
72823
72866
72904
77618
73001
73010
72464
75371
73227
73252
73309
73327
73407
73451
73454
73524
85309
73622
71672
70882
70901
70927
71064
71195
71207
71234
71240
75954
71493
71501
71539
72932
85814
71755
71838
71856
71989
72050
72110
72142
72330
72358
72410
55571
38155
12074
26216
91762
57455
54128
53019
31948
10877
36304
9012
22831
31084
38936
56049
52722
46068
23064
17410
11499
23284
56255
58612
27421
19758
15929
46568
22170
23442
45977
9380
63591
98946
56094
51658
48331
78972
26151
20867
8858
32428
67783
54775
48233
18290
60716
43769
18262
11608
63462
58701
46622
70192
96119
1153
78934
36641
59980
23883
28752
54617
59331
41309
34003
24317
31388
24487
24271
64340
24717
19193
26264
9212
24738
21168
88687
2823
59210
12165
56948
12773
71698
9800
14411
36591
20941
38604
18975
64793
69801
30955
32565
22140
69280
54707
16346
61129
63486
5059
947
59930
49927
29707
69911
47723
35524
9081
89219
56607
66035
37754
18090
88800
2969
22540
32183
37593
98875
21878
30750
35464
16333
37546
57575
46485
29986
29850
35141
30591
84802
11758
52643
18487
1228
32978
18751
70032
256
87465
37359
46972
18557
47850
2732
26302
24912
990
38702
44720
61219
63576
89503
51247
36888
18591
25662
8128
50772
47445
45227
18611
38473
73828
18938
92005
46316
67746
34173
49640
59068
15261
40237
10294
40130
66057
73128
36803
34446
14015
70542
32555
5236
57090
71232
54493
31204
9046
12506
20657
91367
27149
24898
52858
35114
58192
69977
19377
48328
1197
59758
64064
58937
17904
32502
68509
46531
43204
23242
32114
22198
38697
56826
37970
55717
31393
97389
63795
32584
34848
51689
65831
52892
32930
58516
33009
61293
66007
21865
64291
29365
56480
44281
30973
30985
99338
36026
73738
31340
38042
36798
37701
31542
35173
31583
85794
46171
31754
38246
59465
5124
73477
38394
65593
43691
35322
34400
72112
54391
32211
60495
39991
30010
3432
34484
91052
34781
60708
60324
42490
36945
36068
34959
47432
56538
94250
35467
55703
34632
35741
56433
62128
55213
33033
33101
52077
33224
33396
33480
66767
53162
57270
64341
34023
30212
30934
71003
34261
69616
53574
38048
66332
34294
55457
60171
53253
52321
60615
26565
30893
44796
31902
67257
27321
67390
58121
26969
27057
64769
44116
36795
81578
27131
64843
27136
27349
31677
52640
36141
37114
38223
27133
65804
25342
47532
25352
45720
90503
31303
90228
36172
63087
67801
2446
25735
57774
27075
26108
55889
65317
48126
57317
26265
58463
97006
40947
37620
20232
28029
34683
28684
24115
71255
92468
54031
22979
37396
29060
39988
2554
28294
29104
29212
25366
37388
29625
38281
53004
69503
35260
34429
30049
60807
93129
36005
37628
25843
27398
72181
54170
27554
99807
37833
42196
27809
836
27904
43491
57913
69698
27970
32684
50832
38633
69274
66098
28253
7683 15250 15506 17239 18007 18633 22400 22534 23617 25139 25231 25319 26436 29427 30137 30991 34033 38660 38905 38958 38978 40693 42648 45319 47732 49763 52600 52603 56263 58641 60152 62658 65199 69360 69530 70980 72939 73374 74736 75333 76308 77381 78692 80625 81152 83136 84477 87418 92925 97289 98107 99224 99663 31992
13179 16663 20395 21753 23221 25490 30376 32610 34607 34782 43753 57038 57660 68941 70089 71734 71813 73783 73813 75748 76978 81246 84582 88662 91039 15273 69702 73067 74255 88157
20942 21652 23194 23214 23850 24213 24232 25042 26204 26665 26838 27461 27859 28287 28423 30590 30644 31011 31018 33328 33523 34397 34684 34773 34917 35490 26857
9522 22692 31950 35098 41579 43409 43685 52705 63129 67193 67838 71300 71401 72952 74040 75613 80989 82201 82492 90544 94695 96565 99179 29563 42987 68151 71639
8405 8860 35573 37404 37722 38708 38876 40992 48685 49823 51311 52579 52857 53769 54734 57768 62869 68424 68443 69400 70057 72599 81345 96016
11009 20302 29753 32235 34921 36678 37104 40985 42639 44464 52424 52954 55939 63548 73963 98384 98634 98726 99565
32134 54722 55372 57638 61709 65367 66173 67534 72081 72976 73201 73599 74201 68951 69612
34386 37280 42041 42904 53686 61238 64105 66191 71277 95863 35828 36115 59891 74060
36814 43295 44538 45622 50532 53715 55788 62343 64006 66668 70251 86720 55313
29332 46221 48544 49450 51536 53342 63587 72989 50150 57035 60119 67988 68554
5362 6096 29656 44027 49379 56326 60100 63837 64011 66551 67647 82972 87516
23254 25208 36828 42871 44930 48007 51083 56280 72054 72901 73123 73667
44366 62472 72178 74049 83496 87101 91980 98759 99923 22944 53989
28897 30929 36314 38093 40225 51934 52537 57547 67198 67632 69950
51153 61582 72161 79590 81711 92618 93411 97043 8520 27101
13501 35358 53818 73878 80990 82405 95175 97052 53714 79486
24646 29999 42984 49224 50812 58838 63133 70080 72768 93869
31452 77625 78750 79503 94693 94977 98037 98906
21657 21756 22897 24799 26750 27518 30865 40013
31854 35830 56978 69564 70978 20888 22902
1577 7679 31825 50785 51588 66901 71955
22516 56545 58326 61005 62951 66632 72242
71685 75763 78909 84054 91185 94013 60132
22357 23927 26715 28031 37291 48223 59236
88138 18372 29042 38624 70052 73656
22093 37180 39937 40706 42804 73865
38824 46150 61419 67797 69116 71559
55763 67348 74094 79232 82469 87019
13299 17043 46740 54359 57955 66557
47461 54670 58633 61487 63741 72737
59609 61072 68463 69432 71494 68026
34476 42776 82146 22839 25808 47540
55916 59901 69402 70327 91245 99063
74684 78253 88737 92754 32845 78381
88332 88513 91983 97999 98728 99593
75479 77149 82136 82524 90557
78159 37519 56708 70749 98893
82455 83520 44764 58520 60882
95714 40321 43557 47483 60391
17280 19305 44498 39287 68915
62513 68238 71754 74306 97508
23055 31647 43707 49537 56276
45255 80884 85243 89090 96203
22285 22463 34959 35276 36113
43628 51016 64886 67412 61352
46587 51922 53851 83767 96788
24428 35173 69684 73378 73686
47278 51151 53425 45001 48064
91227 11787 31143 86435
84783 85437 95629 95791
25276 26357 29414 30164
89996 43395 46440 75717
50028 74289 48610 53062
81072 59083 66872 96963
26690 30271 60322 68227
25461 56016 36718 44640
51176 58305 86278 93217
35342 54080 56811 60723
45933 52596 58227 55750
50536 70324 97125 98807
59937 62354 67155 99176
18181 19566 19835 18929
10055 52413 58874 70778
69910 77066 87222 92803
92865 50278 64970 99664
2080 56085 71304 56623
94028 29345 65094 98009
79176 88571 91302 66443
94966 33313 41004 96317
14083 43885 52694 64249
45709 56101 73089 73908
25501 32410 35469 32075
98831 4986 66246
36704 39443 37158
36089 41943 47131
26316 27882 35719
23411 27244 11619
43261 57961 69233
55045 70307 72665
21589 25450 30988
9765 9853 67946
39162 64008 64368
22207 64111 70615
44103 58802 68241
29260 31858 35094
9090 68802 60038
20473 54461 68391
65144 66370 71276
3915 57156 65311
42981 64002 73779
88699 49252 70060
54894 65251 57734
25887 28916 34874
7436 7696 39139
84909 99935 28621
22448 29086 35825
1629 16983 61940
923 47827 64458
42431 62431 70989
56483 60835 64755
48535 69872 70321
40995 58840 61069
9379 49412 39738
87438 88779 98816
22826 66113 72550
23016 28226 56017
52370 67878 97253
58339 67072 99320
29268 53720 33022
22403 42715 66281
36711 57030 64491
50568 59380 73371
6159 21181 70058
37785 48963 69859
72881 83935 97526
97622 38546 49990
78212 89258 93040
5685 10329 63195
29983 58921 62465
89562 54190 73042
92973 6905 7750
98935 62375 65221
17435 58231 60537
5503 38226 44575
13053 70795 17442
35903 45343 46390
27068 36725 37759
17998 53972 57260
94321 24469 98247
16331 69742 70984
38734 39082
35048 45725
39219 57977
49036 60352
57058 63453
81242 54666
5260 5868
14539 18911
21821 68170
88907 55412
24197 32327
20268 24519
13835 2289
2058 46595
65255 68786
65372 66485
54540 61000
46980 73054
41422 65380
52918 57756
34053 68363
78211 96494
31416 32085
20470 66141
36359 47505
17020 57761
44391 56693
24194 40200
46831 73000
1982 5600
85929 98770
15755 57795
9056 40915
40470 56669
28606 40093
41346 48228
41441 56739
27965 59097
26073 37043
37958 41160
12340 55094
45596 58654
42249 73928
72898 56507
77321 77959
34196 43704
59985 97591
43001 71583
32703 92444
42493 70311
32106 42582
70866 61554
39195 44415
1482 56999
39052 53142
36351 62034
39046 69958
26550 35616
32833 23401
29715 21768
72972 91114
3128 59691
33902 39861
89972 90425
35552 60213
62825 66533
44095 61207
30074 33078
62144 55645
36958 53794
27087 67936
48288 65754
76366 95301
27953 22587
43866 54526
45497 56133
45500 68197
71590 82272
29548 64301
63202 73404
89129 91757
63208 63825
55117 70641
32600 577
85142 45581
43820 73960
43783 67012
61051 19317
83403 84185
23701 42509
14258 43537
43687 39012
20392 34190
42308 67029
43448 66887
74464 66024
60251 67028
27005 29182
88923 23422
43112 57096
524 5835
298 65186
64003 94128
81277 29055
1641 54687
17867 38053
23604 31566
11150 57158
11854 69619
97824 24400
34341 68675
35861 32928
23742 56597
567 68775
48587 62664
24924 24952
8868 68765
80171 96157
38266 69351
21111 31256
47973 70309
84364 86055
53788 50925
90593 96678
13117 67374
33759 35637
4587 58732
30059 45619
84309 58600
13343 51018
4998 63028
83043 86938
3560 36812
3767 6127
23699 29242
22568 72120
10224 52839
82535 53085
56890 69828
26478 15927
50227 73786
54559 57770
86584 51062
81680 97199
6274 43395
40026 54625
50860 57445
2725 57952
8433 60326
56503 58809
99673 97177
2337 21478
69114 72164
21213 59458
98608 99376
50555 60194
31625 44392
15696 18695
98095 98304
50255 54230
76468 83333
56273 62085
87243 93906
79310 23003
69804 72546
90903 91696
35910 72209
79424 29055
23357 67707
75405 30576
65667
22339
55489
48056
59700
53132
30312
38604
54296
64557
40987
59841
53046
5632
50710
28091
86265
43578
22426
41158
68839
40083
41192
42912
57827
44797
23110
26933
8730
17869
92481
38795
73983
55348
78699
49152
36492
22219
37367
47582
46208
20701
39007
38740
74095
38720
38648
38631
44150
36227
42196
23488
21865
64291
18374
23385
49244
53862
58832
63046
51647
59174
62820
32179
20394
39212
43683
31500
47742
36736
72699
54642
74451
87640
39116
10580
60290
22384
20725
2331
41434
43286
3217
26164
50668
60074
17634
407
22507
19658
47803
59727
23547
71569
35091
27132
23084
36068
65305
13451
19402
37473
85850
57629
50558
35449
33996
64868
63733
72666
20811
67727
25525
20766
20587
63668
48776
18186
73771
21051
58763
56703
66131
73202
34954
73063
80134
64350
92070
28162
57411
20588
66445
15972
53684
23032
20575
28995
58618
17644
27360
32859
50396
83394
40773
47699
62475
54475
16624
6820
3461
19568
57127
61988
19275
53550
16953
61736
10134
57274
52907
43739
19637
18214
63380
28025
45589
15930
18287
33143
40394
61248
37859
49347
17186
16465
18822
33363
64058
68718
21632
45289
61171
23459
58908
48930
20282
55593
21905
4256
21959
61974
21827
21677
51291
16963
59302
65620
30265
92006
62474
51937
80931
793
55134
19554
54294
73150
46900
18667
56379
329
80375
1896
41122
51902
57216
40121
41386
25092
22672
54150
21084
67248
55463
21387
43743
21268
20886
63694
59568
54358
1584
39290
35233
22536
19455
71440
71309
14600
21673
49848
4440
4792
39717
58491
58417
57308
38452
22929
39428
76946
50000
52709
52522
52508
52477
28907
57974
52429
61857
73642
54575
31005
52357
52759
31144
52348
49991
52011
52006
54363
51739
51566
51477
51297
39512
60725
53622
68307
58500
53786
54064
37565
53728
58442
54815
50101
68957
53706
27779
51252
53503
62931
53452
57779
41280
88420
53343
53304
53289
53231
52952
52868
55319
49295
49279
49140
60925
75067
48838
70051
56470
48707
36922
48705
48697
66486
34106
48665
48659
48645
48530
58309
48328
53870
60941
48325
38897
69538
59234
51186
51144
51126
8700
50827
50767
50761
27191
58271
74770
40524
64908
65950
71019
50128
54842
50119
50006
49942
26372
49890
59868
49887
49857
57979
58409
53695
58223
53509
60580
58130
58115
39259
67543
58084
72226
58083
96134
67407
57946
57727
57580
71722
57564
78777
57235
69020
73734
58290
57181
23932
59873
59762
57405
59698
59669
59614
17188
59610
42216
18646
59462
59287
57009
59154
58993
58818
58703
96415
58629
65700
58539
58489
58466
58432
58422
40659
55235
57592
59630
55194
33981
55059
54978
40836
54850
54817
19462
54801
55242
56964
54746
40604
59175
54739
54737
54699
19344
54517
54443
54372
54165
79832
73508
61604
56814
56778
56605
70747
56531
56339
63410
56305
56288
56262
48298
59443
56116
70258
55917
29990
74773
55782
46354
58139
55668
55342
53863
42257
42170
20957
42168
98736
41926
41916
41829
41757
15830
41680
41675
42324
41664
41645
20432
41544
41403
67330
49337
41294
41283
31157
51261
5236
42679
54634
56991
34391
43249
43179
43022
43002
71286
46076
42858
42734
47115
41236
42640
68567
58155
54828
92540
42629
9631
54414
46863
42427
75425
94281
9138
37716
73071
40004
65931
39975
25833
39894
25752
39886
39883
65810
39779
40073
56396
63467
39761
39603
37246
39535
39507
39461
39309
54752
73608
39226
40385
29451
41036
40977
40899
33828
40881
58348
59377
57778
41143
40468
44821
62248
23886
51443
53800
40353
12069
40334
40219
56718
52004
40203
40092
46736
47199
47003
56419
65847
46908
46819
46778
56746
47318
46765
63264
72692
47202
37159
47619
92402
46510
60652
46337
46243
60385
62742
69813
46186
15545
47748
48190
48166
56918
48046
47941
47883
57311
47854
47786
59947
67018
49966
46136
54286
56643
47632
47552
50816
47489
6368
51713
79997
47277
47217
43772
56438
30511
44239
23026
59543
53998
70497
47344
23774
63843
38605
74083
4297
24916
93269
43638
3604
88456
44697
43588
36517
43459
59958
31532
43392
45434
24923
46121
57310
43168
64381
51442
45897
45895
45845
71772
45663
24450
47996
75896
45230
21660
45141
44931
19004
44853
44474
44383
42009
20796
65975
65076
65129
65283
69997
65332
65336
67693
65512
65532
67889
65853
65883
64954
65984
66022
66135
66175
99173
66180
66186
66201
66226
66240
66330
66409
64339
63433
63463
63654
63731
89658
63743
63754
63803
63980
66337
64143
64195
66496
64346
64448
64585
64594
71665
64656
64744
64818
97816
64821
64860
68053
67452
67462
67487
72201
67575
77003
67590
67596
67703
67844
67907
68023
67451
68078
68158
68172
68186
68207
68219
68254
89467
68264
68325
68413
68475
67120
66532
73603
66544
97185
66570
66741
66859
66884
66896
88109
66926
66959
63356
74191
67229
74300
67250
69607
93177
67272
67296
74367
67347
83846
60311
38291
38315
59979
67056
60024
60025
60089
69517
60120
60160
60180
60281
40509
60337
60376
60407
60453
60514
60586
60598
60745
60904
70332
60942
60946
25256
22798
36106
36152
62079
39844
36691
36965
37271
37272
60842
38428
37319
60949
37455
70453
44127
45457
37694
37784
1238
37835
36878
37987
38120
62799
62314
62348
62350
71778
62400
62459
62468
62483
62621
62669
62680
90964
62303
62828
62850
62891
62908
62912
62913
62933
65290
70004
63040
63063
63266
61572
60959
61003
91692
61118
61227
61244
61267
61369
61493
68564
61495
61570
68502
61769
61824
61954
62069
90353
62131
71572
62238
62243
95241
62264
79222
76860
77253
77407
77512
77543
77667
77786
77790
78677
78768
78854
78897
76854
79948
80738
81114
81394
81946
83185
83737
84135
84803
84880
84893
85080
74631
73874
74085
74114
74177
74218
78932
74248
74250
74327
74341
74376
74579
85208
75054
75143
75380
86577
75620
75631
76196
76493
76494
76594
76640
95654
90612
90630
90834
90843
91111
91700
98771
91803
93174
93235
94313
94713
90479
95781
96796
96960
97151
97572
97581
97689
98677
99105
99108
99541
99567
87477
99350
85430
85494
85583
85673
85696
86181
86551
86623
87001
87011
87055
73833
87710
87978
88311
88312
88396
89041
89206
89663
89838
90200
90448
70232
69318
69328
69635
69654
69832
69861
81646
69925
88781
69949
70126
70145
69262
70268
70304
70408
70477
70507
70511
70659
70703
82488
91916
70718
87217
97083
68529
68542
68552
68575
68629
68656
68672
96956
68688
68708
68788
68799
70846
99440
68823
68848
99489
68954
68990
69008
69028
69034
69191
69205
73014
72640
72643
72652
72752
72799
84584
72823
72866
72904
77618
73001
73010
72464
75371
73227
73252
73309
73327
73407
73451
73454
73524
85309
73622
73697
71672
70882
70901
70927
71064
71195
71207
71234
71240
75954
71493
71501
71539
72932
85814
71755
71838
71856
71989
72050
72110
72142
72330
72358
72410
9012
63462
31084
38155
12074
26216
91762
57455
54128
53019
31948
10877
36304
11608
22831
55571
38936
56049
52722
46068
23064
41808
6453
17410
11499
23284
78972
34446
69801
46568
22170
23442
45977
9380
63591
98946
56094
51658
48331
56255
26151
15929
8858
32428
67783
54775
48233
18290
60716
43769
18262
59980
947
59930
34003
46622
70192
96119
1153
78934
36641
56994
23724
80292
5059
23883
28752
54617
59331
41309
58701
19193
26264
9212
24738
21168
88687
20941
58612
27421
19758
20867
59210
12165
56948
12773
71698
9800
14411
36591
36803
18975
64793
2823
30955
32565
22140
69280
54707
16346
61129
63486
88800
89503
22540
29707
69911
47723
35524
9081
89219
56607
66035
37754
18090
63576
2969
49927
32183
37593
98875
21878
30750
35464
16333
37546
57575
46485
87465
28318
836
30591
84802
11758
52643
18487
1228
32978
18751
70032
256
29986
37359
35141
18557
47850
2732
26302
24912
990
38702
44720
61219
18938
17904
46316
36888
18591
25662
8128
50772
47445
45227
18611
38473
73828
58937
92005
51247
67746
34173
49640
59068
15261
40237
10294
40130
66057
73128
20657
29850
46972
70542
32555
57090
71232
54493
30923
31204
9046
12506
54337
24317
91367
27149
14015
52858
35114
58192
69977
19377
1197
59758
64064
56826
73477
38394
65593
43691
63795
68509
46531
43204
23242
32114
22198
38697
5124
37970
55717
31393
97389
32502
32584
34848
51689
65831
52892
32930
58516
31340
69503
35260
34429
30049
30212
56480
44281
30973
30985
99338
36026
73738
33009
38042
36798
37701
31542
29365
31583
85794
46171
31754
38246
59465
34781
53253
60324
34400
72112
54391
32211
60495
39991
30010
3432
34484
91052
60171
60708
35322
42490
36945
47432
56538
94250
35467
55703
34632
35741
56433
64341
61293
66007
55213
33033
33101
52077
33224
33396
33480
66767
53162
57270
53004
34023
62128
30934
71003
34261
69616
53574
38048
66332
34294
55457
67257
57317
26265
58463
97006
40947
37620
44116
60615
26565
30893
44796
31902
48126
27321
67390
58121
27057
64769
52321
36795
81578
27131
64843
27136
27349
90228
31388
24487
24271
64340
24717
24898
25342
47532
25352
45720
90503
31303
31677
36172
63087
67801
2446
25735
65804
26969
27075
26108
55889
65317
22979
38633
69274
66098
28253
28294
28029
34683
28684
24115
71255
92468
54031
50832
37396
29060
39988
2554
20232
29104
29212
25366
37388
29625
38281
54170
52640
36141
37114
38223
27133
57774
93129
36005
37628
25843
27398
72181
7287
27554
99807
37833
27809
60807
27904
43491
57913
69698
27970
32684
7683 15250 15506 17239 18007 18633 22400 22534 23617 25139 25231 25319 26436 29427 30137 30991 34033 38660 38905 38958 38978 40693 42648 45319 47732 49763 52600 52603 56263 58641 60152 62658 65199 69360 69530 70980 72939 73374 74736 75333 76308 77381 78692 80625 81152 83136 84477 87418 92925 97289 98107 99224 99663 31992
13179 16663 20395 21753 23221 25490 30376 32610 34607 34782 43753 57038 57660 68941 70089 71734 71813 73783 73813 75748 76978 81246 84582 91039 15273 69702 73067 74255 88157
9522 22692 31950 35098 41579 43409 43685 52705 63129 67193 67838 71300 71401 72952 74040 75613 80989 82201 82492 90544 94695 96565 99179 29563 42987 68151 71639
8405 8860 35573 37404 37722 38708 38876 40992 48685 49823 51311 52579 52857 53769 54734 57768 62869 68424 68443 69400 70057 72599 81345 96016
11009 20302 29753 32235 34921 36678 37104 40985 42639 44464 52424 52954 55939 63548 73963 98384 98634 98726 99565
32134 54722 55372 57638 61709 65367 66173 67534 72081 72976 73201 73599 74201 68951 69612
21652 23214 23850 25042 26665 27461 27859 30590 30644 31011 31018 33523 34397 34684 34773
34386 37280 42041 42904 53686 61238 64105 66191 71277 95863 35828 36115 59891 74060
5362 6096 29656 44027 49379 56326 60100 63837 64011 66551 67647 82972 87516
36814 43295 44538 45622 50532 53715 55788 62343 64006 66668 70251 86720 55313
29332 46221 48544 49450 51536 53342 63587 72989 50150 57035 67988 68554
20942 23194 24213 24232 26204 26838 28287 28423 33328 34917 35490 26857
23254 25208 36828 42871 44930 48007 51083 56280 72054 72901 73123 73667
44366 62472 72178 74049 83496 87101 91980 98759 99923 22944 53989
28897 30929 36314 38093 40225 51934 52537 57547 67198 67632 69950
51153 61582 72161 79590 81711 92618 93411 97043 8520 27101
24646 29999 42984 49224 50812 58838 63133 70080 72768 93869
13501 35358 53818 73878 80990 82405 95175 97052 53714 79486
21657 21756 22897 24799 26750 27518 30865 40013
31452 77625 78750 79503 94693 94977 98037 98906
22516 56545 58326 61005 62951 66632 72242
22357 23927 26715 28031 37291 48223 59236
71685 75763 78909 84054 91185 94013 60132
1577 7679 31825 50785 51588 66901 71955
31854 35830 56978 69564 20888 22902
74684 78253 88737 92754 32845 78381
47461 54670 58633 61487 63741 72737
88138 18372 29042 38624 70052 73656
22093 37180 39937 40706 42804 73865
88332 88513 91983 97999 98728 99593
55763 67348 74094 79232 82469 87019
59609 61072 68463 69432 71494 68026
13299 17043 46740 54359 57955 66557
38824 46150 61419 67797 69116 71559
55916 59901 69402 70327 91245 99063
75479 77149 82136 82524 90557
78159 37519 56708 70749 98893
22285 22463 34959 35276 36113
82455 83520 44764 58520 60882
23055 31647 43707 49537 56276
17280 19305 44498 39287 68915
62513 68238 71754 74306 97508
46587 51922 53851 83767 96788
47278 51151 53425 45001 48064
43628 51016 64886 67412 61352
45255 80884 85243 89090 96203
35342 54080 56811 60723
10055 52413 58874 70778
89996 43395 46440 75717
81072 59083 66872 96963
25276 26357 29414 30164
14083 43885 52694 64249
25501 32410 35469 32075
91227 11787 31143 86435
26690 30271 60322 68227
84783 85437 95629 95791
50028 74289 48610 53062
45709 56101 73089 73908
24428 35173 69684 73378
45933 52596 58227 55750
51176 58305 86278 93217
94028 29345 65094 98009
69910 77066 87222 92803
50536 70324 97125 98807
79176 88571 91302 66443
82146 22839 25808 47540
2080 56085 71304 56623
18181 19566 19835 18929
94966 33313 41004 96317
95714 40321 47483 60391
92865 50278 64970 99664
25461 56016 36718 44640
6159 21181 70058
42981 64002 73779
923 47827 64458
48535 69872 70321
42431 62431 70989
7436 7696 39139
98831 4986 66246
17435 58231 60537
52370 67878 97253
17998 53972 57260
36089 41943 47131
20473 54461 68391
56483 60835 64755
89562 54190 73042
22826 66113 72550
54894 65251 57734
23016 28226 56017
16331 69742 70984
9765 9853 67946
9379 49412 39738
29983 58921 62465
3915 57156 65311
23699 29242 60089
43261 57961 69233
40995 58840 61069
87438 88779 98816
94321 24469 98247
23411 27244 11619
29260 31858 35094
72881 83935 97526
50568 59380 73371
5685 10329 63195
36711 57030 64491
36704 39443 37158
84909 99935 28621
37785 48963 69859
78212 89258 93040
25887 28916 34874
58339 67072 99320
35903 45343 46390
21589 25450 30988
22207 64111 70615
22403 42715 66281
55045 70307 72665
44103 58802 68241
1629 16983 61940
22448 29086 35825
62354 67155 99176
98935 62375 65221
27068 36725 37759
65144 66370 71276
39162 64008 64368
5503 38226 44575
88699 49252 70060
29268 53720 33022
13053 70795 17442
36359 47505
27965 59097
15696 18695
50555 60194
50255 54230
69804 72546
76366 95301
17020 57761
42249 73928
69114 72164
72898 56507
20268 24519
44391 56693
77321 77959
31625 44392
88907 55412
34196 43704
49036 60352
37958 41160
15755 57795
81242 54666
45596 58654
89129 91757
2058 46595
65255 68786
27005 29182
14539 18911
55117 70641
74464 66024
43783 67012
29548 64301
43820 73960
85142 45581
27953 22587
30074 33078
43687 39012
63208 63825
1982 5600
63202 73404
45500 68197
45497 56133
48288 65754
14258 43537
62825 66533
62144 55645
32600 577
43866 54526
44095 61207
83403 84185
27087 67936
36958 53794
34053 68363
41422 65380
5260 5868
52918 57756
43001 71583
20470 66141
34476 42776
60251 67028
47854 48190
20392 34190
38734 39082
21821 68170
26316 27882
23701 42509
43448 66887
54540 61000
26550 35616
42308 67029
35048 45725
24194 40200
13835 2289
46980 73054
85929 98770
46831 73000
78211 96494
31416 32085
24197 32327
65372 66485
61051 19317
3128 59691
84309 58600
83043 86938
82535 53085
1641 54687
56890 69828
34341 68675
81680 97199
81277 29055
80171 96157
79424 29055
79310 23003
56273 62085
3767 6127
72972 91114
87243 93906
39046 69958
33902 39861
99673 97177
29715 21768
8868 68765
76468 83333
89972 90425
12340 55094
75405 30576
9056 40915
21111 31256
38266 69351
24924 24952
48587 62664
524 5835
35861 32928
567 68775
32106 42582
39219 57977
42493 70311
98095 98304
21213 59458
70866 61554
6274 43395
2725 57952
2337 21478
40026 54625
8433 60326
90903 91696
23357 67707
98608 99376
39195 44415
50860 57445
97622 38546
88923 23422
11854 69619
97824 24400
23604 31566
298 65186
36351 62034
22568 72120
13343 51018
32703 92444
30059 45619
32833 23401
39052 53142
90593 96678
4587 58732
4998 63028
64003 94128
28606 40093
53788 50925
17867 38053
3560 36812
84364 86055
1482 56999
10224 52839
13117 67374
33759 35637
86584 51062
23742 56597
47973 70309
43112 57096
26478 15927
54559 57770
35552 60213
50227 73786
56503 58809
26073 37043
41346 48228
11150 57158
9090 60038
40470 56669
48930
72699
41192
54642
50710
55489
22507
22339
44797
19658
87640
58908
39116
40083
21905
73063
47996
55348
21827
36492
61974
38795
47582
8730
92481
59727
59174
39212
58832
47742
23110
20282
38648
22426
57827
37473
27132
49244
92006
73150
42912
31500
63733
35449
71569
54294
50558
51937
18667
62474
57629
68839
37367
49152
23084
53046
38604
59700
36068
23547
26933
10580
21959
39007
38720
51902
43578
53132
2331
38631
1896
22219
60074
44150
42196
56379
23488
21865
64291
20725
23385
22384
50668
51291
22798
36106
22536
4792
4440
14600
71440
46900
30265
65620
58491
45289
4256
55593
23459
61171
57216
26164
80375
329
19554
39290
17644
28995
64350
53684
15972
66445
68802
20588
28162
35233
55134
1584
59568
20886
55463
67248
21084
54150
25092
76946
53862
43286
41434
60290
64868
33996
85850
19402
13451
65305
35091
3217
18374
46208
20701
36227
74451
36736
43683
20394
32179
62820
48056
793
80931
39717
86265
5632
40987
64557
78699
41158
17869
67727
59841
73983
30312
65667
54296
28091
47803
407
17634
40773
54358
37859
92070
57411
23032
58618
27360
32859
50396
83394
21168
73771
20811
25525
20766
48776
21051
58763
56703
66131
73202
38452
16963
59302
19455
71309
21673
38740
74095
49848
58417
57308
29451
22929
39428
43743
41386
22672
21387
40121
21268
63694
15930
43739
57274
10134
61988
19568
6820
18822
16465
61248
18287
19637
55668
28025
63380
20575
34954
72666
18186
63668
20587
54475
80134
45589
33143
40394
18214
49347
17186
33363
68718
62475
21677
16624
3461
57127
47699
53550
16953
61736
52907
41122
31005
52759
52709
52522
52508
52477
28907
57974
52429
61857
73642
54575
35719
52868
52357
50000
31144
52348
49991
52011
52006
54363
51739
51566
51477
51297
27779
65950
68307
58500
53786
54064
37565
53728
58442
54815
50101
68957
53706
39512
53622
53503
62931
53452
57779
41280
88420
53343
53304
53289
53231
52952
48705
57058
66486
49295
49279
49140
60925
75067
48838
70051
56470
48707
36922
49857
48697
55319
34106
48665
48659
48645
48530
58309
48328
53870
60941
48325
40524
60725
51252
51186
51144
51126
8700
50827
50767
50761
27191
58271
74770
54165
64908
59234
71019
50128
54842
50119
50006
49942
26372
49890
59868
49887
57979
58409
53695
58223
53509
60580
58130
58115
39259
67543
58084
72226
58083
96134
67407
57946
57727
57580
59937
71722
57564
78777
57235
69020
73734
58290
23932
59873
59762
57405
59698
59669
59614
17188
59610
42216
18646
59462
59287
57181
59154
58993
58818
58703
96415
58629
65700
58539
58489
58466
58432
58422
54801
55242
55235
57592
59630
55194
33981
55059
54978
40836
54850
54817
19462
55342
40659
56964
54746
40604
59175
54739
54737
54699
19344
54517
54443
54372
56288
57009
73508
61604
56814
56778
56739
56605
70747
56531
56339
63410
56305
38897
56262
79832
59443
56116
70258
55917
29990
74773
55782
46354
58139
41675
42324
42257
42170
20957
42168
98736
41926
41916
41829
41757
15830
41680
94281
53863
41664
41645
20432
41544
41403
67330
49337
41294
41283
31157
51261
47115
62248
54634
56991
34391
43249
43179
43022
43002
71286
46076
42858
42734
63046
42679
42640
68567
58155
54828
92540
42629
9631
54414
46863
42427
75425
39779
37716
73071
40004
65931
39975
25833
39894
25752
39886
39883
63453
65810
40073
9138
56396
63467
39761
39603
37246
39535
39507
39461
39309
54752
73608
44821
41236
9046
41036
40977
40899
33828
40881
58348
59377
57778
41143
40468
43392
40385
23886
51443
53800
40353
12069
40334
40219
56718
52004
40203
40092
37159
47003
56419
65847
46908
46819
46778
56746
47318
46765
63264
72692
46736
47199
47619
92402
46510
60652
46337
46243
60385
62742
69813
46186
15545
46136
47748
69538
48298
48166
56918
48046
47941
47883
57311
92973
47786
59947
49966
24923
54286
56643
47632
47552
50816
47489
6368
51713
79997
47277
47217
47202
74083
4297
56438
30511
44239
23026
59543
53998
70497
47344
23774
63843
38605
20796
43772
24916
93269
43638
3604
88456
44697
43588
36517
43459
59958
31532
45457
46121
57310
43168
64381
51442
45897
45895
45845
71772
45663
24450
71590
39226
45434
75896
45230
21660
45141
44931
19004
44853
44474
44383
42009
66180
65336
67693
65512
65532
67889
65853
65883
65975
65984
66022
66175
99173
65332
66186
66201
66226
66240
66330
66409
66496
66532
73603
66544
97185
66570
64594
89658
63743
63754
63803
63980
66337
64143
64195
64339
64346
64448
64585
66741
71665
64656
64744
64818
97816
64821
64860
64954
65076
65129
65283
69997
68219
67590
67596
67703
67844
67907
68023
68053
68078
68158
68172
68186
68207
77003
68254
89467
68264
68325
68413
68475
68502
68529
68542
68552
68575
68629
93177
66859
66884
66896
88109
66926
66959
67120
74191
67229
74300
67250
69607
63731
67272
67296
74367
67347
83846
67451
67452
67462
67487
72201
67575
60376
38315
59979
59985
67056
60024
60025
60120
60160
60180
60281
60311
60337
38291
60453
60514
60586
60598
60745
60904
70332
60942
60946
60949
60959
61003
37319
64058
35910
73622
36152
62079
39844
36691
36965
37271
37272
60842
38428
91692
25256
37455
70453
44127
37784
1238
37835
36878
37987
38120
40509
62908
62400
62459
62468
62483
62621
62669
62680
90964
62799
62828
62850
62891
71778
62912
62913
62933
65290
70004
63040
63063
63266
63356
63433
63463
63654
61954
61118
61227
61244
61267
61369
61493
68564
61495
61570
61572
61769
61824
68656
62069
90353
62131
71572
62238
62243
95241
62264
62303
62314
62350
81114
77512
77543
77667
77786
77790
78677
78768
78854
78897
79222
79948
80738
77407
81394
81946
82272
91700
98771
83185
83737
84135
84803
84880
84893
85080
75143
74114
74177
74218
78932
74248
74250
74327
74341
74376
74579
74631
75054
85208
75380
86577
75620
75631
76196
76493
76494
76594
76640
76854
76860
77253
95781
90479
90612
90630
90834
90843
91111
91803
93174
93235
94313
94713
95654
90448
96796
96960
97151
97572
97581
97591
97689
98677
99105
99108
99541
99567
87710
99350
85430
85494
85583
85673
85696
86181
86551
86623
87001
87011
87055
74085
87978
88311
88312
88396
88662
88687
89041
89206
89663
89838
90200
70507
69861
81646
69925
88781
69949
70126
70145
70232
70268
70304
70408
70477
69832
70511
70659
70703
82488
91916
70718
87217
70846
70882
70901
70927
70978
68990
68672
96956
68688
68708
68788
68799
97083
99440
68823
68848
99489
68954
87477
69008
69028
69034
69191
69205
69262
69318
69328
69517
69635
69654
73227
72652
72752
72799
84584
72823
72866
72904
77618
73001
73010
73014
75371
72643
73252
73309
73327
73407
73451
73454
73524
85309
73686
73697
73833
73874
71838
71064
71195
71207
71234
71240
75954
71493
71501
71539
71672
85814
71755
19275
71856
71989
72050
72110
72142
72209
72330
72358
72410
72464
72640
56049
26216
91762
57455
54128
53019
31948
10877
36304
9012
22831
55571
38936
12074
52722
46068
23064
41808
6453
17410
11499
23284
56255
58612
27421
19758
8858
22170
23442
45977
9380
63591
98946
56094
51658
48331
78972
26151
15929
20867
32428
67783
54775
48233
18290
60716
43769
18262
11608
63462
31084
38155
58701
1153
78934
36641
56994
23724
80292
59980
23883
28752
54617
59331
41309
96119
19193
26264
9212
24738
24317
31388
24487
24271
64340
24717
24898
25342
22140
59210
12165
56948
9800
14411
36591
20941
18975
64793
2823
30955
32565
46568
69280
54707
16346
61129
63486
5059
947
59930
34003
46622
70192
18090
63576
89503
22540
29707
69911
47723
35524
9081
89219
56607
66035
37754
61219
88800
2969
49927
32183
37593
98875
21878
30750
35464
16333
37546
5236
256
7287
28318
836
30591
84802
11758
52643
18487
1228
32978
18751
70032
57090
87465
37359
35141
18557
47850
2732
26302
24912
990
38702
44720
49640
50772
47445
45227
18611
38473
73828
18938
92005
51247
67746
41441
34173
8128
59068
15261
12773
71698
40237
10294
40130
66057
73128
36803
34446
69801
58192
71232
54493
30923
31204
12506
54337
20657
91367
27149
14015
52858
35114
47532
69977
19377
1197
59758
64064
58937
17904
46316
36888
18591
25662
55717
65593
43691
63795
68509
46531
43204
23242
32114
22198
38697
56826
37970
38394
31393
97389
32502
32584
34848
51689
65831
52892
32930
58516
33009
61293
36798
35260
30049
30212
56480
44281
30973
30985
99338
36026
73738
31340
38042
66007
37701
31542
29365
31583
85794
46171
31754
38246
59465
5124
73477
35322
34400
72112
54391
32211
60495
39991
30010
3432
34484
91052
34781
60708
60324
42490
36945
47432
56538
94250
35467
55703
34632
35741
60407
56433
72932
62128
55213
33033
33101
52077
33224
33396
33480
66767
53162
57270
64341
34023
34429
30934
71003
34261
69616
53574
38048
66332
34294
55457
60171
53253
81578
26565
30893
44796
31902
67257
27321
67390
58121
27057
64769
52321
36795
60615
27131
64843
27136
27349
31677
52640
36141
37114
38223
27133
57774
93129
27075
25352
45720
90503
31303
90228
36172
63087
67801
2446
25735
65804
26969
36005
26108
55889
65317
48126
57317
26265
58463
97006
40947
37620
44116
25366
24115
71255
92468
54031
22979
37396
29060
39988
2554
20232
29104
29212
28684
37388
29625
38281
57575
46485
29986
29850
46972
70542
32555
53004
69503
57913
37628
25843
27398
72181
54170
27554
99807
37833
27809
60807
27904
43491
51647
69698
27970
32684
50832
38633
69274
66098
28253
28294
28029
34683
7683 15250 15506 17239 18007 18633 22400 22534 23617 25139 25231 25319 26436 29427 30137 30991 34033 38660 38905 38958 38978 40693 42648 45319 47732 49763 52600 52603 56263 58641 60152 62658 65199 69360 70980 72939 73374 74736 75333 76308 78692 80625 83136 87418 92925 97289 98107 99224 31992 69530
9522 22692 31950 35098 41579 43409 43685 52705 59762 67193 67838 71300 71401 72952 74040 75613 80989 82201 82492 90544 94695 96565 99179 29563 42987 68151
8405 8860 35573 37404 37722 38708 38876 40992 48685 49823 51311 52579 53769 54734 57768 62869 68424 68443 69400 70057 72599 81345 96016
16663 20395 21753 23221 25490 30376 32610 34607 34782 43753 57038 68941 70089 71734 71813 73783 73813 91039 15273 73067 74255
1577 5362 6096 7679 29656 31825 44027 49379 50785 51588 56326 60100 63837 64011 66551 66901 67647 71955 82972 87516
20302 29753 32235 34921 40985 42639 52424 55939 73963 98634 98726 99565 11009 52954 98384
21652 23214 23850 25042 26665 27461 27859 30590 30644 31011 33523 34397 34684 34773 31157
34386 37280 42041 42904 53686 61238 64105 66191 71277 95863 35828 36115 59891 74060
54722 57638 61709 65367 66173 67534 72081 72976 73201 73599 74201 55372 68951 69612
23254 25208 36828 42871 44930 48007 51083 56280 70408 72054 72901 73123 73667
36814 43295 44538 45622 50532 53715 55788 62343 64006 66668 70251 86720 55313
44366 62472 72178 74049 83496 87101 91980 98759 99923 22944 53989
20942 23194 24213 24232 26204 26838 28287 34917 26857 35490
24646 29999 42984 49224 50812 58838 63133 70080 72768 93869
51153 61582 72161 79590 81711 92618 93411 97043 8520 27101
13501 35358 53818 73878 80990 95175 97052 53714 79486
29332 46221 48544 51536 53342 63587 49450 57035 67988
21657 21756 22897 24799 26750 27518 30865 40013
28897 30929 36314 38093 52537 67198 67632 69950
22516 56545 58326 61005 62951 66632 72242
71685 75763 78909 84054 91185 94013 60132
77625 78750 79503 94693 94977 98037 98906
55763 67348 74094 79232 82469 87019
74684 78253 88737 92754 32845 78381
59609 61072 68463 69432 71494 68026
22093 37180 39937 40706 42804 73865
47461 54670 58633 61487 72737 63741
38824 46150 61419 67797 69116 71559
13299 17043 46740 54359 57955 66557
55916 59901 69402 70327 91245 99063
23927 26715 28031 37291 48223 59236
88332 88513 91983 97999 98728 99593
75479 77149 82136 82524 90557
22285 23604 31566 34959 35276
78159 37519 56708 70749 98893
23055 31647 43707 49537 56276
31854 35830 69564 20888 22902
62513 68238 71754 74306 97508
17280 19305 44498 39287 68915
47278 51151 53425 45001 48064
45255 80884 85243 89090 96203
82455 83520 44764 58520 60882
43628 51016 64886 67412 61352
45709 56101 73089 73908
81072 59083 66872 96963
94028 29345 65094 98009
84783 85437 95629 95791
77381 81152 84477 99663
26690 30271 60322 68227
14083 43885 52694 64249
10055 52413 58874 70778
92865 50278 64970 99664
94966 33313 41004 96317
45933 52596 58227 55750
69910 77066 87222 92803
79176 88571 91302 66443
18181 19566 19835 18929
50028 74289 48610 53062
25276 26357 29414 30164
2080 56085 71304 56623
89996 43395 46440 75717
9765 9853 67946
62354 67155 99176
52370 67878 97253
98831 4986 66246
22826 66113 72550
36089 41943 47131
1629 16983 61940
29260 31858 35094
40995 58840 61069
9379 49412 39738
23016 28226 56017
24428 69684 73378
20473 54461 68391
22207 64111 70615
25887 28916 34874
36711 57030 64491
42431 62431 70989
50568 59380 73371
91227 11787 86435
22448 29086 35825
7436 7696 39139
43261 57961 69233
48535 69872 70321
17435 58231 60537
89562 54190 73042
29983 58921 62465
16331 69742 70984
6159 21181 70058
42981 64002 73779
56483 60835 64755
21589 25450 30988
29268 53720 33022
44103 58802 68241
65144 66370 71276
17998 53972 57260
28423 33328 35490
36704 39443 37158
88699 49252 70060
923 47827 64458
23411 27244 11619
35903 45343 46390
23699 29242 60089
5503 38226 44575
3915 57156 65311
35342 54080 56811
13053 70795 17442
70324 97125 98807
54894 65251 57734
55045 70307 72665
25461 36718 44640
27068 36725 37759
5685 10329 63195
58339 67072 99320
88138 18372 29042
87438 88779 98816
94321 24469 98247
51176 86278 93217
84909 99935 28621
72881 83935 97526
97591 2058 34632
98935 62375 65221
37785 48963 69859
39219 40524 57977
50555 60194
88923 23422
52918 57756
22463 36113
6274 43395
25501 32075
5260 5868
42308 67029
50255 54230
34196 43704
34476 42776
78212 89258
26550 35616
47854 48190
61051 19317
43448 66887
21821 68170
69114 72164
33759 35637
56503 58809
60251 67028
20470 66141
44391 56693
298 65186
49036 60352
43001 71583
77321 77959
81242 54666
88907 55412
3767 6127
41422 65380
32106 42582
89972 90425
17020 57761
36359 47505
8433 60326
15696 18695
97824 24400
54540 61000
31625 44392
36351 62034
14258 43537
21213 59458
62144 55645
2725 57952
83403 84185
55117 70641
40026 54625
36958 53794
27087 67936
32703 92444
64008 64368
42493 70311
43866 54526
29548 64301
27965 59097
98095 98304
27953 22587
63208 63825
89129 91757
45500 68197
45497 56133
48288 65754
97622 38546
24924 24952
62825 66533
85929 98770
26316 27882
4587 58732
34053 68363
43783 67012
43820 73960
90903 91696
20392 34190
46980 73054
46831 73000
24194 40200
35048 45725
78211 96494
27005 29182
31416 32085
85142 45581
1982 5600
65372 66485
13835 2289
43687 39012
39195 44415
65255 68786
30059 45619
56273 62085
38734 39082
23701 42509
83043 86938
43112 57096
56890 69828
82535 53085
10224 52839
1482 56999
99673 97177
11854 69619
1641 54687
11150 57158
41346 48228
39052 53142
26478 15927
567 68775
84309 58600
50227 73786
35861 32928
70866 61554
17867 38053
28606 40093
54559 57770
13117 67374
80171 96157
79310 23003
9056 40915
81277 29055
4998 63028
21111 31256
39046 69958
81680 97199
524 5835
53788 50925
13343 51018
37958 41160
38266 69351
22568 72120
35552 60213
45596 58654
12340 55094
86584 51062
3560 36812
23742 56597
8868 68765
42249 73928
75425 38740
69804 72546
72972 91114
72898 56507
75405 30576
87243 93906
23357 67707
40470 56669
22403 66281
84364 86055
76468 83333
47973 70309
50860 57445
3128 59691
90593 96678
72989 68554
15755 57795
26073 37043
29715 21768
13179 57660
38648
80292
50128
54842
44150
23724
56994
51937
30074
57308
38452
73828
29451
27132
59174
39212
58832
56379
23084
49152
1896
18667
92006
58908
38473
73150
47742
23488
54294
38631
36068
51902
21959
68509
47996
54642
60074
22507
22339
44797
87640
40083
41192
57827
37473
22426
50710
10580
92481
40225
47582
23110
86265
36492
22357
71569
55348
31500
63795
49244
23385
63733
39007
23547
62474
57629
53046
50558
59700
38604
37367
35449
68839
72699
42912
38720
26933
22219
50668
22384
20725
39116
2331
31532
53132
55489
42196
43578
46900
20886
55463
67248
21084
54150
22536
36678
4792
4440
14600
71440
59568
30265
65620
5236
57090
71232
54493
30923
31204
9046
58192
66445
72666
18186
63668
20587
67727
17644
28995
64350
53684
15972
69977
68802
20867
19758
18487
52643
20588
28162
35233
39290
1584
35469
63803
41158
17869
48056
59841
73983
30312
65667
54296
28091
57405
22831
99108
17634
3217
43286
41434
60290
64868
33996
85850
19402
80375
19377
51291
5632
40987
64557
78699
23459
61171
57216
26164
34954
329
45289
4256
19554
55134
793
80931
39717
22798
36106
73771
21168
57411
23032
58618
27360
20957
42170
32859
50396
83394
40773
63694
20811
25525
20766
48776
38795
21051
58763
56703
66131
73202
21673
20282
21905
61974
21827
21677
16963
59302
31018
19455
71309
73063
49848
58417
22929
39428
43743
41386
22672
21387
40121
21268
43769
32134
53550
16953
61736
52907
41122
19637
43739
19568
39886
34341
47699
18822
16465
61248
18287
15930
55668
9090
28025
63380
20575
33078
80134
45589
40394
18214
49347
17186
33363
68718
62475
51934
48930
57974
52429
61857
73642
20268
60337
54475
16624
3461
57127
54575
53343
53304
39162
53289
53231
52952
52868
52759
52709
52522
52508
52477
28907
88420
31005
64003
52357
50000
31144
52348
49991
52011
52006
54363
51739
51566
53728
54517
54443
54372
54165
65950
68307
58500
53786
54064
37565
53851
89206
51477
58442
54815
50101
68957
53706
27779
53622
53503
62931
53452
57779
41280
48665
60925
75067
48838
70051
56470
48707
36922
48705
48697
55319
34106
81246
49140
48659
48645
48587
48530
58309
48328
53870
60941
48325
38897
69538
48298
58271
51297
39512
60725
51252
51186
51144
51126
8700
50827
50767
50761
27191
19344
74770
64908
50119
50006
49942
26372
49890
59868
49887
49857
49295
49279
67543
58466
58432
58422
96134
58409
53695
58223
53509
60580
58130
58115
39259
58489
58084
72226
58083
57979
67407
57946
57727
57564
78777
58290
57181
57009
59234
59873
59698
59669
59614
17188
59610
42216
18646
59462
59377
59287
23932
73508
71019
59210
59154
58993
51922
58818
58703
96415
58629
65700
58539
98608
40836
46354
58139
55342
55242
55235
57592
59630
55194
33981
55059
58305
54978
55782
54850
54817
19462
54801
40659
56964
54746
40604
59175
54739
54737
54699
56305
56978
5124
73477
61604
56814
56778
56739
56605
70747
56531
56339
63410
48166
56288
56262
79832
59443
56116
70258
56016
63087
67801
55917
29990
74773
41680
94281
42324
42257
52857
42168
98736
41926
41916
63129
41829
41757
15830
42427
41675
53863
50536
41664
41645
20432
41544
41403
67330
49337
41294
41283
46076
36517
43459
59958
43392
62248
54634
34391
43249
43179
43022
43002
71286
51261
42734
47115
42679
42640
68567
58155
54828
92540
42629
9631
54414
46863
9138
37716
73071
40004
65931
39975
25833
39894
25752
39883
63453
65810
39779
40073
56396
63467
39761
39603
37246
39535
39507
39461
37104
39309
54752
73608
40385
63046
41236
88800
41036
40977
40899
33828
40881
57778
41143
40468
44821
43588
23886
51443
53800
40353
12069
40334
21478
40219
56718
52004
40203
40092
92070
65847
46908
46819
46778
56746
47318
46765
63264
72692
46736
54358
37859
56419
46595
46587
37159
47619
92402
46510
60652
46337
76978
46243
60385
62742
56643
55889
65317
48126
56918
48046
47941
47883
57311
47786
49966
47748
54286
69813
47632
47552
50816
47489
6368
51713
79997
47277
47217
47202
47199
47003
70497
44474
44464
44383
42009
20796
4297
56438
30511
44239
23026
59543
53998
44853
47344
23774
63843
38605
74083
43772
24916
93269
43638
3604
88456
44697
45845
46186
15545
46136
24923
68023
46121
43168
57310
64381
51442
45897
45895
39226
71772
45663
24450
71590
45457
45434
75896
45230
21660
45141
44931
19004
66022
65283
69997
65332
65336
67693
65512
65532
67889
65853
65883
65975
65984
65129
66098
66175
99173
66180
66186
66201
66226
66240
66330
66409
66486
66496
64346
63548
63654
63731
89658
63743
63754
63980
66337
97006
64143
64195
64339
66532
64448
64585
64594
71665
64656
64744
64818
97816
64821
64860
64954
65076
68172
67487
72201
67575
77003
67590
67596
67703
67844
67907
68053
68078
68158
67462
68186
68207
68219
68254
89467
68264
68325
68413
68475
68502
68529
68542
74191
73603
66544
97185
66570
66741
66859
66884
66896
88109
66926
66959
67120
63463
67229
74300
67250
69607
93177
67272
67296
74367
67347
83846
67451
67452
60586
59985
67056
60024
60025
60120
60160
60180
60281
60311
60376
60453
60514
59979
60598
60723
60745
60904
70332
60942
60946
60949
60959
61003
91692
61118
70453
62079
39844
36691
36965
37271
51689
65831
37272
60842
38428
37319
37455
61129
44127
37784
1238
37835
36878
37987
38120
40509
38291
38315
59937
71722
62891
71778
62400
62459
62468
62483
62621
62669
62680
90964
62799
62828
62850
62350
62908
62912
62913
62933
65290
70004
63040
63063
63202
63266
63356
63433
61824
63486
61207
61227
61244
61267
61369
61493
68564
61495
61570
61572
61769
68552
61954
62069
90353
62131
71572
62238
62243
95241
62264
62303
95301
62314
81394
77543
77667
77786
77790
78677
78768
78854
78897
79222
79948
80738
81114
77512
81946
82272
91700
98771
82405
83185
83737
84135
84803
84880
84893
85080
86577
74218
78932
74248
74250
74327
74341
74376
74579
74631
75054
75143
75380
85208
75620
75631
75748
76196
76493
76494
76594
76640
76854
76860
77253
77407
95781
90630
90834
90843
91111
91803
93040
93174
93235
94128
94313
94713
95654
90612
96788
96796
96960
97151
97572
97581
97689
98677
99105
99376
99541
99567
87710
99350
85430
85494
85583
85673
85696
86181
86551
86623
87001
87011
87055
74177
87978
88311
88312
88396
88662
88687
89041
89663
89838
90200
90448
90479
70507
69654
69832
69861
81646
69925
88781
69949
70145
70232
70268
70304
70477
69635
70511
70659
70703
82488
91916
70718
87217
70846
70882
70901
70927
70978
68848
68575
68629
68656
68672
96956
68688
68708
68788
68799
97083
99440
68823
87477
68954
68990
69008
69020
73734
69028
69191
69205
69262
69318
69328
69517
73252
72752
72799
84584
72823
72866
72904
77618
73001
73010
73014
75371
73227
72652
73309
73327
73451
73454
73524
85309
73697
73833
73874
74085
74095
74114
71856
71064
71195
71207
71234
71240
75954
71493
71501
71539
71672
71755
71838
36152
71989
72050
72110
72142
72209
72330
72358
72410
72464
72640
72643
57455
67783
54775
48233
18290
60716
18262
11608
63462
42715
12074
26216
91762
32428
54128
53019
31948
10877
36304
24519
9012
56049
52722
46068
23064
41808
10134
71698
40237
10294
40130
66057
73128
36803
34446
69801
46568
22170
23442
6453
61988
45977
9380
63591
98946
56094
51658
48331
78972
26151
15929
8858
41309
34003
46622
70192
96119
1153
78934
36641
59980
23883
28752
54617
59331
59930
58701
24197
19193
26264
9212
24738
59947
24317
31388
32565
24487
24271
36591
17410
11499
23284
56255
58612
19658
59727
27421
12165
56948
9800
14411
12773
20941
64793
407
18975
14539
2823
30955
22140
69280
54707
5059
947
61219
18751
70032
38155
31084
256
87465
33143
51247
67746
990
38702
44720
32978
63576
89503
22540
29707
69911
47723
35524
9081
89219
56607
66035
37754
43683
62664
13451
65305
35091
53862
82146
18374
46208
20701
36227
74451
36736
18090
20394
32179
62820
51647
7287
28318
836
30591
84802
11758
1228
2337
18611
64064
59465
38394
17904
46316
36888
18591
25662
8128
50772
47445
45227
59758
18938
92005
6820
32327
25256
41441
8730
31452
34173
49640
59068
15261
20657
2969
49927
32183
37593
98875
21878
30750
35464
16333
37546
12506
54337
64340
91367
27149
14015
52858
35114
18557
47850
2732
26302
24912
1197
32930
32114
22198
38697
56826
37970
55717
31393
97389
32502
32584
34848
52892
23242
58516
33009
61293
66007
21865
64291
35173
55213
33033
33101
52077
33224
36798
53004
69503
34429
35260
30049
30212
56480
44281
30973
30985
99338
31340
33396
31542
29365
31583
76366
85794
46171
31754
38246
65593
43691
46531
43204
56538
30010
3432
34484
91052
34781
60708
35322
42490
36945
37359
35141
47432
39991
94250
35467
55703
35741
60407
56433
72932
19275
64058
35910
73622
36026
53574
33480
66767
33902
53162
57270
64341
34023
62128
30934
71003
34261
69616
32555
38048
66332
34294
55457
60171
53253
60324
34400
72112
54391
32211
60495
27321
26265
58463
40947
37620
44116
60615
26565
30893
44796
31902
67257
74464
57317
67390
58121
27057
64769
52321
36795
81578
27131
64843
27136
27349
31677
31303
55571
38936
24717
37701
24898
25092
76946
25342
47532
25352
45720
90503
52640
90228
36172
2446
25735
65804
57913
69698
27970
32684
26969
27075
26108
20232
28029
34683
28684
24115
71255
92468
54031
22979
37396
29060
39988
2554
38042
29104
29212
25366
37388
29625
38281
57575
46485
29986
29850
46972
70542
27554
36141
37114
38223
27133
57774
93129
36005
37628
25843
27398
72181
54170
55593
99807
37833
27809
60807
27904
43491
50832
38633
69274
28253
28294
