20942 22285 23214 23850 24213 25042 25501 26204 26838 28287 31011 31018 31157 31393 34397 34684 34917 34959 35276 35490 73378 21652 24232 26665 26857 27859 28423 30590 30644 32075 32410 33523
13179 20395 23221 25490 30376 34782 43753 57038 57660 68941 71734 71813 73783 84582 88662 6820 15273 21753 34607 69702 70089 73067 73813 74255 76978 81246 88157
22400 22534 23617 25231 26436 29427 30137 34033 38905 38978 40693 42648 45319 47732 56263 58641 70980 73374 78692 83136 99224 7683 11854 38958 52600 65199 69530
34386 37280 42041 53686 61238 64105 95863 35828 36115 42904 59891 66191 71277 74060 97591 98726
31452 78750 79176 79503 94693 94977 98037 98095 98304 98906 52011 66443 72112 88571 91302
28897 40225 51934 57547 69950 23385 38093 52537 67198 67632
34341 78909 84054 91185 94013 27779 68675 71685 75763
49450 53342 72989 50150 57035 60119 67988 68554
61582 72161 79590 81711 92618 97043 8520 27101
87019 51261 55763 67348 74094 79232 82469
78159 37519 56708 60925 70749 98893
55319 82146 21632 22839 25808 47540
88138 18372 29042 38624 70052 73656
41347 94028 27809 29345 65094 98009
21657 21756 22897 24799 30865 40013
89996 6274 43395 46440 53509 75717
95714 40321 43557 47483 60391
81072 57274 59083 66872 96963
61709 65367 67534 73201 69612
97622 38546 49990 63895 70078
82201 29563 42987 58491 71401
25461 56016 58155 36718 44640
82455 44764 54165 58520 60882
33902 74464 14600 39861 66024
68238 97508 71754 74306
91114 14411 43628 72972
17280 44498 39287 68915
94966 33313 41004 96317
50028 74289 48610 53062
2080 56085 71304 56623
51151 53425 45001 47278
30271 60322 68227 6159
92865 50278 64970 99664
25887 31566 28916 34874
95629 95791 84783 85437
19566 19835 18181 18929
67155 99176 41926 51566
91227 11787 31143 86435
21589 30988 25450
29260 31858 35094
44103 58802 68241
64003 94128 58417
17435 60537 58231
24646 58838 29999
27953 21878 22587
36711 57030 64491
23055 43707 49537
29268 53720 33022
26715 48223 59236
72081 72976 74201
88923 16346 23422
46740 57955 66557
9090 68802 60038
38824 61419 69116
89129 60725 91757
65255 64064 68786
94321 24469 98247
37958 41160 47318
98935 62375 65221
59609 68463 61072
55045 70307 72665
55916 69402 70327
40995 58840 61069
7436 7696 39139
21181 17644 70058
10055 58874 52413
39937 42804 67412
65251 54894 57734
5260 70978 5868
22403 42715 66281
50568 59380 73371
43261 63356 57961
3915 57156 65311
89562 54190 73042
5503 38226 44575
92973 6905 7750
17998 53972 57260
30929 36314 67632
88699 49252 70060
1982 836 5600
23411 27244 11619
13053 70795 17442
91245 99063 59901
88737 78253 92754
97816 41829 62912
5685 10329 63195
78212 89258 93040
52596 58227
41441 56739
1482 56999
42858 54337
13343 51018
70866 61554
41422 65380
15696 18695
53715 55788
29707 22170
57058 60745
35910 72209
89219 99320
35048 45725
13501 73878
98770 59630
59762 72952
46980 73054
22357 37291
63208 63825
3128 59691
62825 66533
298 65186
62144 55645
90903 91696
75425 38740
43866 54526
43687 39012
61051 19317
20470 66141
45596 58654
54461 68391
45500 68197
60251 67028
45497 56133
25139 31992
43885 52694
79310 23003
10224 52839
27087 67936
23357 67707
53019 73828
24197 58309
7679 66901
44095 61207
1629 16983
8868 68765
34053 68363
26478 15927
14539 18911
36704 39443
34476 42776
23699 29242
4587 58732
9765 9853
96788 76640
42984 63133
21213 59458
22463 36113
23742 56597
44391 56693
8433 60326
84802 32555
50227 73786
87222 92803
63202 73404
39219 57977
24519 11150
17867 38053
32600 577
38734 39082
32134 55372
13835 2289
31625 44392
80989 71639
31084 28253
54559 57770
78211 96494
22448 29086
3560 36812
29715 21768
97572 43002
54080 56811
13299 54359
4998 63028
36958 53794
1641 54687
13117 67374
30059 45619
72898 56507
27965 59097
52579 72599
81277 29055
97824 24400
83394 58612
49036 60352
90593 96678
69189 70332
89972 90425
56890 69828
78854 43783
48685 57768
41346 48228
82136 90557
50255 54230
70251 55313
75405 30576
65372 66485
76468 83333
51588 71955
53818 19758
50555 60194
48288 65754
73928
20394
27554
73963
52858
34484
52857
3432
56991
19193
35114
39844
66007
36828
69925
33328
61769
65883
46243
53162
20575
48166
12773
89658
62680
57135
68688
53132
52892
44930
32930
24916
20302
22426
23110
52348
22831
21387
22929
52321
57774
30049
56017
64143
36795
54642
52522
51937
53046
59700
70778
47489
35358
64793
58139
52077
60949
51536
21673
51153
36736
52709
57913
43769
27904
91983
70453
69360
52705
19455
60025
23883
21827
20796
21905
6127
63795
57411
23032
52603
31532
24912
24898
86721
51922
56703
36814
58921
62248
35467
56607
94313
16963
51291
19462
56470
68475
56433
56276
45343
63087
74177
23064
56480
68424
17410
2969
57311
46221
61857
50767
69233
1584
5124
15972
37043
54294
57310
30973
31005
57009
99565
56918
44538
62742
48325
54817
61604
48046
56778
53706
16333
54850
18646
51647
68158
54752
53786
24952
18938
62658
99108
30750
97999
53684
407
19305
21478
72330
36922
25752
27970
56643
18975
91916
55939
67029
58937
55717
17904
55703
49823
74773
18214
61248
73063
35719
18633
56746
46765
54978
27057
58305
99338
21660
23459
65129
48544
43743
48930
26750
61129
44239
44415
16663
42170
62238
48838
91052
61487
44474
44697
40385
44821
45255
17020
52508
26108
45589
57795
48233
49279
56911
49337
77512
38697
34261
40915
40977
63754
70408
60089
41236
18290
79222
54634
42582
42639
97199
62820
60615
42871
73686
63453
78897
46390
89838
47883
47803
46587
67693
59930
72201
43295
46622
54737
25319
47632
43409
46736
74248
46908
47582
87055
17188
47131
47445
53863
56305
74049
48190
45977
72692
71583
46076
47699
73697
48056
46208
40881
41664
50536
46266
30312
48007
70989
55463
86278
46354
59698
71698
56094
51126
50832
37180
37246
90503
69432
37271
70542
51689
37272
48331
47505
38633
37319
65290
37565
77618
37694
72939
47432
37722
78972
36965
35616
36725
82272
36803
38048
53574
72410
50772
92481
54775
62472
51247
69280
27133
37114
56049
83737
51442
49224
37159
51144
51658
49412
39535
99935
49857
17869
41158
40985
39761
39883
86055
49763
56669
49887
39991
57827
41192
40083
40092
40237
49347
40706
69607
40773
8858
31204
54493
37759
57235
37784
50812
30265
45622
23442
37859
56545
66668
63046
58763
38648
56379
55571
4256
73014
38936
47996
39309
63548
64448
64368
95301
80884
64249
67330
73983
64002
63803
63741
63694
63668
63591
63576
64458
63380
85309
63129
62951
62913
62869
62850
62799
62669
62664
62513
62431
62400
66113
71665
67229
67193
67018
67012
66887
66884
69859
66532
66337
66186
66175
66135
62354
72752
66098
66022
73738
65975
65804
85494
65532
64886
64818
82488
64744
64656
60652
60290
60171
60160
60120
60074
59985
63264
59937
59873
59758
59669
59610
73960
68053
59543
59287
59154
68799
58818
58539
64011
58466
58348
73865
58339
68307
58326
61267
62343
68957
62303
62079
72050
69832
62069
61988
96203
61824
61493
63587
61369
81646
61244
61005
61003
61000
60959
60946
60904
60723
60708
60407
60337
76946
60311
75896
79997
98816
87640
78768
77786
85430
77667
77625
77003
82405
76860
76854
76196
80134
75143
75067
74684
76594
74376
74327
74095
73833
73779
73667
73608
80990
73227
91692
98728
98608
98107
97526
97151
96415
96134
95654
95241
93906
92925
98634
91980
73123
90834
90630
89663
89467
89090
88800
87438
86265
85814
85696
84803
84185
80171
67878
70321
70311
70126
73407
70080
70051
70004
69813
69742
68990
68564
68502
67946
70615
78934
67844
74451
67797
67647
67596
67575
67487
67452
77253
67272
67257
67248
71778
73010
73001
72901
72823
73908
72799
72768
72737
72666
72550
72358
72110
74085
64769
72881
71772
72699
71590
71569
71501
71300
84584
71276
71255
70718
70703
70659
38246
68672
37620
38702
68186
57096
50710
19658
16953
36798
38473
9631
52370
31754
73734
27882
30212
67390
26357
75748
31388
25843
60152
9138
22219
37367
23774
96157
90612
40200
88781
59947
23932
70309
18186
63467
47941
69654
31948
32085
74579
69034
54617
89503
23604
18822
16624
64341
15545
97052
28294
2337
56978
32211
53851
12165
72242
33078
72120
64195
33143
35524
22540
9800
25833
17634
3217
54734
84477
8700
990
98736
36106
22798
49848
19377
41943
32703
66445
23194
70747
43022
50785
26264
20867
41675
42168
27136
62465
34003
27349
27132
53695
63433
45663
47827
49991
50532
67072
97289
6368
54517
64340
32684
30955
2823
31256
60514
61736
58409
64821
60385
1238
73642
64954
68207
33828
32978
32610
48126
32235
37104
34190
93129
31583
60376
31542
40093
31500
66632
31144
37396
30923
60716
56280
27321
53289
30074
40353
30991
18007
57445
58115
58083
57979
57974
57952
57946
57756
64381
57727
57638
57629
57580
77407
29990
74040
57405
36591
51739
36172
36152
68443
35173
59377
40524
26933
43704
34683
23724
28162
20588
91700
35141
37359
28091
78699
68718
22140
72178
59979
57761
33363
70304
63843
53862
27149
26565
4297
66226
64008
58463
26302
26265
38708
53343
25735
29414
25662
16465
29753
21051
64006
55134
62314
33480
29625
64058
27461
38281
55593
69191
69028
20232
29104
65512
36678
28995
65593
51176
57127
63063
61954
28684
38604
20942 22285 23214 23850 24213 25042 25501 26204 26838 28287 31011 31018 31157 31393 34397 34684 34917 34959 35276 35490 73378 21652 24232 26665 26857 27859 28423 30590 30644 32075 32410 33523
22400 22534 23617 25231 26436 29427 30137 34033 38905 38978 40693 42648 45319 47732 56263 58641 70980 73374 78692 83136 99224 7683 11854 38958 52600 65199 69530
13179 20395 23221 25490 30376 34782 43753 57038 57660 68941 71734 71813 73783 84582 88662 6820 15273 21753 34607 69702 70089 73067 73813 74255 76978 81246 88157
34386 37280 42041 53686 61238 64105 95863 35828 36115 42904 59891 66191 71277 74060 97591 98726
31452 78750 79176 79503 94693 94977 98037 98095 98304 98906 52011 66443 72112 88571 91302
28897 40225 51934 57547 69950 23385 38093 52537 67198 67632
34341 78909 84054 91185 94013 27779 68675 71685 75763
61582 72161 79590 81711 92618 97043 8520 27101
49450 53342 72989 50150 57035 60119 67988 68554
87019 51261 55763 67348 74094 79232 82469
21657 21756 22897 24799 30865 40013
78159 37519 56708 60925 70749 98893
55319 82146 21632 22839 25808 47540
88138 18372 29042 38624 70052 73656
89996 6274 43395 46440 53509 75717
41347 94028 27809 29345 65094 98009
97622 38546 49990 63895 70078
82455 44764 54165 58520 60882
81072 57274 59083 66872 96963
61709 65367 67534 73201 69612
82201 29563 42987 58491 71401
33902 74464 14600 39861 66024
95714 40321 43557 47483 60391
25461 56016 58155 36718 44640
67155 99176 41926 51566
19566 19835 18181 18929
68238 97508 71754 74306
30271 60322 68227 6159
50028 74289 48610 53062
51151 53425 45001 47278
95629 95791 84783 85437
17280 44498 39287 68915
2080 56085 71304 56623
92865 50278 64970 99664
25887 31566 28916 34874
91114 14411 43628 72972
94966 33313 41004 96317
91227 11787 31143 86435
46740 57955 66557
65255 64064 68786
89129 60725 91757
5260 70978 5868
30929 36314 67632
1982 836 5600
21589 30988 25450
59609 68463 61072
36711 57030 64491
9090 68802 60038
38824 61419 69116
50568 59380 73371
43261 63356 57961
55045 70307 72665
23411 27244 11619
64003 94128 58417
88923 16346 23422
72081 72976 74201
40995 58840 61069
17998 53972 57260
55916 69402 70327
5685 10329 63195
5503 38226 44575
3915 57156 65311
91245 99063 59901
21181 17644 70058
92973 6905 7750
29260 31858 35094
37958 41160 47318
10055 58874 52413
27953 21878 22587
89562 54190 73042
94321 24469 98247
88737 78253 92754
7436 7696 39139
44103 58802 68241
24646 58838 29999
17435 60537 58231
98935 62375 65221
29268 53720 33022
78212 89258 93040
39937 42804 67412
97816 41829 62912
13053 70795 17442
23055 43707 49537
88699 49252 70060
26715 48223 59236
65251 54894 57734
22403 42715 66281
49036 60352
23699 29242
27965 59097
65372 66485
14539 18911
52596 58227
30059 45619
36704 39443
48288 65754
81277 29055
41422 65380
24197 58309
9765 9853
10224 52839
27087 67936
61051 19317
90903 91696
44095 61207
23742 56597
43866 54526
79310 23003
22463 36113
20470 66141
45596 58654
62144 55645
43885 52694
54461 68391
4587 58732
26478 15927
45500 68197
45497 56133
60251 67028
1482 56999
59762 72952
23357 67707
46980 73054
41441 56739
8433 60326
42984 63133
63208 63825
21213 59458
96788 76640
63202 73404
62825 66533
84802 32555
1629 16983
42858 54337
44391 56693
75425 38740
32600 577
75405 30576
32134 55372
29707 22170
15696 18695
89219 99320
25139 31992
53818 19758
17867 38053
13835 2289
72898 56507
13343 51018
53715 55788
38734 39082
22448 29086
54080 56811
13299 54359
24519 11150
4998 63028
51588 71955
36958 53794
78211 96494
98770 59630
83394 58612
29715 21768
22357 37291
3128 59691
97572 43002
3560 36812
89972 90425
298 65186
52579 72599
13501 73878
43687 39012
82136 90557
78854 43783
70866 61554
50227 73786
31084 28253
80989 71639
31625 44392
50255 54230
56890 69828
90593 96678
35910 72209
53019 73828
41346 48228
97824 24400
7679 66901
1641 54687
34476 42776
35048 45725
8868 68765
48685 57768
50555 60194
70251 55313
13117 67374
76468 83333
54559 57770
87222 92803
39219 57977
34053 68363
72410
38048
37271
69432
36803
70542
62472
90503
54775
53574
35616
36922
51689
37272
71698
30049
57774
37319
69191
92481
23110
47489
83737
56049
37159
37114
64793
58139
70778
27133
51658
82272
48331
65290
64143
66668
56017
36965
56094
36725
37180
37246
27057
56276
23064
68424
17410
58937
17904
49823
74773
18214
18633
56746
46765
68475
21660
23459
65129
30750
16333
18646
51647
18938
99108
97999
407
44538
57311
61857
50767
69233
1584
5124
15972
37043
54294
31005
99565
21478
62742
48325
54817
61604
19462
51922
36814
35467
16963
51291
24898
91983
34484
3432
56991
20394
39844
60025
51153
36736
24916
43769
27904
27554
69360
19455
21673
23883
21827
20796
21905
57411
23032
22831
21387
46243
72330
57913
25752
27970
56643
18975
35719
36828
69925
33328
61769
22929
20575
48166
12773
66007
62680
57135
44930
19193
20302
22426
89658
51536
4256
56379
58763
8858
56545
50812
38633
47505
50832
51126
51144
49224
51442
69280
73014
60949
52077
35358
59700
53046
51937
54642
36795
52321
52348
52522
24912
31532
54634
48190
74049
56305
18290
48233
26108
48544
48838
62238
61129
26750
48930
63453
52603
79222
49279
70408
63754
49337
56911
49347
49412
56669
49763
40985
49857
49887
56470
91916
73063
61248
55703
55717
67029
55939
30973
56480
74177
63087
45343
56433
54978
94313
56607
62248
58921
56703
86721
56778
48046
56918
57009
2969
57310
46221
68688
63795
6127
52705
70453
52709
73928
52857
35114
52858
73963
32930
52892
53132
73697
53162
65883
19305
53684
53706
62658
24952
53786
54752
68158
54850
99338
58305
34261
86055
39991
57827
41192
40083
40092
40237
40706
69607
40773
40881
77512
38697
39883
40915
40977
60089
41236
42582
42639
97199
62820
60615
42871
73686
61487
43743
45622
77618
37694
72939
47432
37722
78972
51247
31204
54493
37759
57235
37784
30265
44239
23442
37859
63046
38648
55571
38936
47996
39309
39535
99935
17869
41158
39761
87055
25319
46390
89838
46587
67693
59930
43295
46622
54737
78897
43409
46736
46908
59698
17188
47131
50772
47445
47582
74248
47632
72201
47803
47883
48007
30312
48056
45977
44415
16663
42170
91052
44474
44697
40385
44821
45255
17020
52508
45589
57795
37565
72692
71583
46076
47699
46208
53863
41664
50536
46266
70989
55463
86278
46354
63576
64458
64448
64368
95301
80884
64249
67330
73983
64002
63803
63741
63694
63668
63591
64656
63548
63380
85309
63129
62951
62913
62869
62850
62799
62669
62664
62513
62431
66135
81646
71665
67229
67193
67018
67012
66887
66884
69859
66532
66337
66186
66175
62400
66113
72752
66098
66022
73738
65975
65804
85494
65532
64886
64818
82488
64744
59610
60311
68053
60290
60171
60160
60120
60074
59985
63264
59937
59873
59758
59669
76946
73960
60652
59543
59287
59154
68799
58818
58539
64011
58466
58348
73865
58339
61369
62354
62343
68957
62303
62079
72050
69832
62069
61988
96203
61824
61493
63587
67248
61267
61244
61005
61003
61000
60959
60946
60904
60745
60723
60708
60407
60337
75143
79997
98816
87640
78768
77786
85430
77667
77625
77003
82405
76860
76854
76196
75896
80134
75067
74684
76594
74376
74327
74095
73833
73779
73667
73608
80990
73227
73123
91692
98728
98608
98107
97526
97151
96415
96134
95654
95241
93906
92925
98634
91980
73010
90834
90630
89663
89467
89090
88800
87438
86265
85814
85696
84803
84185
80171
67946
70321
70311
70126
73407
70080
70051
70004
69813
69742
69189
68990
68564
68502
70332
67878
78934
67844
74451
67797
67647
67596
67575
67487
67452
77253
67272
67257
71772
73001
72901
72823
73908
72799
72768
72737
72666
72358
72110
74085
71778
72881
68307
72699
71590
71569
71501
71300
84584
71276
71255
70718
70703
70659
70615
72550
38246
68672
37620
38702
68186
57096
50710
19658
16953
36798
38473
9631
52370
31754
73734
27882
30212
67390
26357
75748
31388
25843
60152
9138
22219
37367
23774
96157
90612
40200
88781
59947
23932
70309
18186
63467
47941
69654
31948
32085
74579
69034
54617
89503
23604
18822
16624
64341
15545
97052
28294
2337
56978
32211
53851
12165
72242
990
98736
72120
64195
33143
35524
22540
9800
25833
17634
3217
54734
84477
8700
1238
33078
36106
22798
49848
19377
41943
32703
66445
23194
70747
43022
50785
26264
41675
42168
27136
62465
34003
27349
27132
53695
63433
45663
47827
49991
50532
67072
97289
6368
54517
64340
32684
30955
2823
31256
60514
61736
58409
64821
60385
57058
31542
74040
57405
64954
68207
33828
32978
32610
48126
32235
37104
34190
93129
31583
60376
40093
73642
31500
66632
31144
37396
30923
60716
56280
27321
53289
30074
40353
30991
57580
58326
64769
58115
58083
57979
57974
57952
57946
57756
64381
57727
57638
57629
18007
77407
57445
36591
51739
36172
36152
68443
35173
59377
40524
26933
43704
34683
23724
28162
20588
91700
35141
37359
28091
78699
68718
22140
72178
59979
57761
33363
70304
63843
53862
27149
26565
4297
66226
64008
58463
26302
26265
38708
53343
25735
55593
29990
25662
16465
29753
21051
64006
55134
62314
33480
29625
64058
27461
38281
20867
29414
69028
20232
29104
65512
36678
28995
65593
51176
63063
61954
28684
38604
20942 22285 23214 23850 24213 25042 25501 26204 26838 28287 31011 31018 31157 31393 34397 34684 34917 34959 35276 35490 73378 21652 24232 26665 26857 27859 28423 30590 30644 32075 32410 33523
13179 20395 23221 25490 30376 34782 43753 57038 57660 68941 71734 71813 73783 84582 88662 6820 15273 21753 34607 69702 70089 73067 73813 74255 76978 81246 88157
22400 22534 23617 25231 26436 29427 30137 34033 38905 38978 40693 42648 45319 47732 56263 58641 70980 73374 78692 83136 99224 7683 11854 38958 52600 65199 69530
34386 37280 42041 53686 61238 64105 95863 35828 36115 42904 59891 66191 71277 74060 97591 98726
31452 78750 79176 79503 94693 94977 98037 98095 98304 98906 52011 66443 72112 88571 91302
28897 40225 51934 57547 69950 23385 38093 52537 67198 67632
34341 78909 84054 91185 94013 27779 68675 71685 75763
49450 53342 72989 50150 57035 60119 67988 68554
61582 72161 79590 81711 92618 97043 8520 27101
87019 51261 55763 67348 74094 79232 82469
21657 21756 22897 24799 30865 40013
88138 18372 29042 38624 70052 73656
55319 82146 21632 22839 25808 47540
89996 6274 43395 46440 53509 75717
78159 37519 56708 60925 70749 98893
82455 44764 54165 58520 60882
81072 57274 59083 66872 96963
25461 56016 58155 36718 44640
97622 38546 49990 63895 70078
94028 27809 29345 65094 98009
33902 74464 14600 39861 66024
95714 40321 43557 47483 60391
82201 29563 42987 58491 71401
61709 65367 67534 73201 69612
2080 56085 71304 56623
17280 44498 39287 68915
50028 74289 48610 53062
68238 97508 71754 74306
91114 14411 43628 72972
19566 19835 18181 18929
91227 11787 31143 86435
67155 99176 41926 51566
25887 31566 28916 34874
92865 50278 64970 99664
51151 53425 45001 47278
30271 60322 68227 6159
94966 33313 41004 96317
95629 95791 84783 85437
21589 30988 25450
29260 31858 35094
64003 94128 58417
36711 57030 64491
26715 48223 59236
24646 58838 29999
72081 72976 74201
29268 53720 33022
23055 43707 49537
27953 21878 22587
17435 60537 58231
44103 58802 68241
88923 16346 23422
46740 57955 66557
9090 68802 60038
38824 61419 69116
89129 60725 91757
65255 64064 68786
94321 24469 98247
37958 41160 47318
98935 62375 65221
59609 68463 61072
55045 70307 72665
55916 69402 70327
40995 58840 61069
7436 7696 39139
10055 58874 52413
21181 17644 70058
39937 42804 67412
65251 54894 57734
5260 70978 5868
22403 42715 66281
50568 59380 73371
43261 63356 57961
23411 27244 11619
30929 36314 67632
5503 38226 44575
92973 6905 7750
13053 70795 17442
17998 53972 57260
89562 54190 73042
1982 836 5600
91245 99063 59901
3915 57156 65311
88737 78253 92754
97816 41829 62912
88699 49252 70060
78212 89258 93040
5685 10329 63195
41422 65380
1482 56999
42858 54337
41441 56739
43866 54526
13343 51018
52596 58227
54559 57770
29707 22170
15696 18695
35910 72209
53715 55788
89219 99320
35048 45725
25139 31992
75425 38740
98770 59630
59762 72952
46980 73054
22357 37291
63208 63825
3128 59691
62825 66533
298 65186
62144 55645
90903 91696
13501 73878
79310 23003
43687 39012
61051 19317
20470 66141
45596 58654
70866 61554
54461 68391
45500 68197
60251 67028
45497 56133
43885 52694
10224 52839
27087 67936
23357 67707
53019 73828
24197 58309
7679 66901
1629 16983
8868 68765
44095 61207
34053 68363
26478 15927
14539 18911
36704 39443
34476 42776
23699 29242
4587 58732
9765 9853
96788 76640
42984 63133
21213 59458
22463 36113
23742 56597
44391 56693
8433 60326
84802 32555
50227 73786
63202 73404
39219 57977
24519 11150
17867 38053
32600 577
38734 39082
32134 55372
13835 2289
31625 44392
80989 71639
31084 28253
87222 92803
78211 96494
22448 29086
3560 36812
29715 21768
97572 43002
54080 56811
13299 54359
1641 54687
4998 63028
36958 53794
13117 67374
70251 55313
72898 56507
27965 59097
49036 60352
52579 72599
90593 96678
83394 58612
56890 69828
81277 29055
89972 90425
78854 43783
97824 24400
30059 45619
48685 57768
41346 48228
53818 19758
50255 54230
82136 90557
76468 83333
51588 71955
65372 66485
50555 60194
48288 65754
75405 30576
20302
51153
60025
73963
34484
3432
56991
20394
52857
39844
52858
35114
57135
69925
19305
33328
61769
46243
65883
20575
48166
12773
66007
62680
32930
53162
68688
53132
44930
52892
19193
43769
22426
89658
27554
51937
21387
22929
52348
57774
30049
56017
64143
52321
36795
23110
54642
22831
53046
70778
47489
59700
64793
58139
35358
52077
60949
66668
35616
21827
73928
52709
24916
25752
27904
91983
69360
70453
19455
21673
23883
36736
20796
21905
52705
6127
63795
57411
23032
52603
31532
24912
52522
56470
19462
56703
51922
36814
58921
62248
56607
94313
35467
16963
51291
86721
24898
68475
56433
56276
45343
63087
74177
23064
68424
17410
56480
54294
57311
46221
61857
50767
69233
1584
5124
15972
37043
57310
2969
30973
57009
31005
99565
56918
44538
62742
48325
54817
48046
56778
61604
97999
99338
18646
51647
54850
68158
54752
53786
18938
24952
99108
62658
16333
53706
407
53684
21478
72330
57913
92481
27970
56643
18975
35719
18633
55939
58937
67029
17904
55717
55703
49823
74773
18214
61248
73063
36828
91916
56746
46765
27057
54978
58305
21660
23459
65129
30750
44474
63453
48930
26750
44239
44415
16663
61129
42170
62238
48838
91052
43743
44697
40385
44821
45255
48544
17020
52508
45589
57795
26108
48233
49279
49337
77512
38697
34261
40915
40977
63754
70408
60089
41236
41347
18290
79222
54634
42582
42639
97199
62820
60615
42871
73686
61487
72201
46390
89838
47883
46587
67693
47803
59930
43295
46622
54737
78897
25319
43409
47632
46736
46908
74248
87055
17188
47131
47582
50772
41664
56305
74049
45977
72692
71583
46076
47699
48190
73697
46208
53863
56911
50536
46266
48056
30312
70989
48007
55463
86278
46354
59698
71698
56094
37180
37246
90503
69432
37271
70542
51689
37272
50832
47505
51126
37319
65290
37565
77618
37694
72939
47432
37722
78972
38633
51247
27133
82272
36803
38048
53574
72410
36922
47445
54775
62472
36965
51536
31204
37114
56049
83737
69280
51442
37159
49224
51658
48331
51144
39991
99935
17869
49857
41158
39761
40985
39883
86055
49763
56669
49412
39535
57827
41192
40083
40092
40237
49347
40706
69607
40773
40881
58763
54493
37759
57235
50812
37784
30265
45622
23442
56545
8858
37859
36725
63046
38648
56379
4256
55571
73014
38936
47996
49887
39309
63380
64368
95301
80884
64249
67330
73983
64002
63803
63741
63694
63668
63591
63576
63548
64448
85309
63129
62951
62913
62869
62850
62799
62669
62664
62513
62431
62400
62354
72752
67229
67193
67018
67012
66887
66884
69859
66532
66337
66186
66175
66135
66113
62343
66098
66022
73738
65975
65804
85494
65532
64886
64818
82488
64744
64656
64458
60652
60290
60171
60160
60120
60074
59985
63264
59937
59873
59758
59669
59610
73960
68053
59543
59287
59154
68799
58818
58539
64011
58466
58348
73865
58339
68307
58326
61244
68957
62303
62079
72050
69832
62069
61988
96203
61824
61493
63587
61369
61267
71665
61005
61003
61000
60959
60946
60904
60745
60723
60708
60407
60337
76946
60311
75143
79997
98816
87640
78768
77786
85430
77667
77625
77003
82405
76860
76854
76196
75896
80134
75067
74684
76594
74376
74327
74095
73833
73779
73667
73608
80990
73227
73123
91692
98728
98608
98107
97526
97151
96415
96134
95654
95241
93906
92925
98634
91980
73010
90834
90630
89663
89467
89090
88800
87438
86265
85814
85696
84803
84185
80171
78934
70311
70126
73407
70080
70051
70004
69813
69742
68990
68564
68502
67946
67878
70321
67844
74451
67797
67647
67596
67575
67487
67452
77253
67272
67257
67248
81646
72881
73001
72901
72823
73908
72799
72768
72737
72666
72550
72358
72110
74085
71778
64769
71772
72699
71590
71569
71501
71300
84584
71276
71255
70718
70703
70659
70615
30212
37620
38702
68186
57096
50710
19658
16953
36798
38473
9631
52370
31754
73734
38246
68672
67390
26357
75748
31388
25843
60152
9138
22219
37367
23774
96157
90612
89503
23604
59947
23932
70309
18186
63467
47941
69654
31948
32085
74579
69034
54617
40200
42168
18822
16624
64341
15545
97052
28294
2337
56978
32211
53851
12165
72242
27882
33078
72120
64195
33143
35524
22540
9800
25833
17634
3217
54734
84477
8700
990
98736
36106
22798
49848
19377
41943
32703
66445
23194
70747
43022
50785
26264
20867
6368
27136
62465
34003
27349
27132
53695
63433
45663
47827
49991
50532
67072
41675
88781
54517
64340
32684
30955
2823
31256
60514
61736
58409
64821
60385
57058
1238
73642
64954
68207
33828
32978
32610
48126
32235
37104
34190
93129
31583
60376
31542
57405
31500
66632
31144
37396
30923
60716
56280
27321
53289
30074
40353
30991
18007
57445
58115
58083
57979
57974
57952
57946
57756
64381
57727
57638
57629
57580
77407
29990
36591
51739
36172
36152
68443
35173
59377
40524
26933
43704
34683
40093
74040
63843
20588
91700
35141
37359
28091
78699
68718
22140
72178
59979
57761
33363
23724
28162
53862
27149
26565
4297
66226
64008
58463
26302
26265
38708
53343
25735
97289
29414
25662
16465
29753
21051
64006
55134
62314
33480
29625
64058
27461
38281
55593
69191
69028
20232
29104
65512
36678
28995
65593
51176
63063
61954
28684
38604
70304
20942 22285 23214 23850 24213 25042 25501 26204 26838 28287 31011 31018 31157 31393 34397 34684 34917 34959 35173 35276 35490 73378 21652 24232 26665 26857 27859 28423 30590 30644 32075 32410 33523
13179 20395 23221 25490 30376 34782 43753 57038 57660 68941 71734 71813 73783 84582 88662 6820 15273 21753 34607 69702 70089 73067 73813 74255 76978 81246 88157
22400 22534 23617 25231 26436 29427 30137 34033 38905 38978 40693 42648 45319 47732 56263 58641 70980 73374 78692 83136 99224 7683 11854 38958 52600 65199 69530
34386 37280 42041 53686 61238 64105 95863 35828 36115 42904 59891 66191 71277 74060 97591 98726
77625 78750 79503 94693 94977 98037 98095 98304 98906 52011 72112
28897 40225 51934 57547 69950 23385 38093 52537 67198 67632
34341 78909 84054 91185 94013 27779 68675 71685 75763
61582 72161 79590 81711 92618 97043 8520 27101
49450 53342 72989 50150 57035 60119 67988 68554
87019 51261 55763 67348 74094 79232 82469
21657 21756 22897 24799 30865 40013
88138 18372 29042 38624 70052 73656
78159 37519 56708 60925 70749 98893
89996 6274 43395 46440 53509 75717
95714 40321 43557 47483 60391
94028 27809 29345 65094 98009
61709 65367 67534 73201 69612
82201 29563 42987 58491 71401
82146 21632 22839 25808 47540
81072 57274 59083 66872 96963
82455 44764 54165 58520 60882
31452 79176 66443 88571 91302
25461 56016 58155 36718 44640
91227 11787 31143 86435
95629 95791 84783 85437
2080 56085 71304 56623
50028 74289 48610 53062
94966 33313 41004 96317
67155 99176 41926 51566
30271 60322 68227 6159
92865 50278 64970 99664
17280 44498 39287 68915
51151 53425 45001 47278
19566 19835 18181 18929
91114 14411 43628 72972
68238 97508 71754 74306
1982 836 5600
40995 58840 61069
88923 16346 23422
25887 28916 34874
24646 58838 29999
94321 24469 98247
55045 70307 72665
65251 54894 57734
29260 31858 35094
38824 61419 69116
74464 14600 66024
36711 57030 64491
88699 49252 70060
23411 27244 11619
46740 57955 66557
21589 30988 25450
59609 68463 61072
27953 21878 22587
9090 68802 60038
98935 62375 65221
29268 53720 33022
89129 60725 91757
30929 36314 67632
23055 43707 49537
72081 72976 74201
17435 60537 58231
55916 69402 70327
89562 54190 73042
5260 70978 5868
88737 78253 92754
7436 7696 39139
64003 94128 58417
50568 59380 73371
92973 6905 7750
65255 64064 68786
3915 57156 65311
26715 48223 59236
43261 63356 57961
5503 38226 44575
21181 17644 70058
39937 42804 67412
97622 38546 49990
5685 10329 63195
13053 70795 17442
78212 89258 93040
97816 41829 62912
17998 53972 57260
44103 58802 68241
22403 42715 66281
91245 99063 59901
10055 58874 52413
9765 9853
81277 29055
44391 56693
23742 56597
90903 91696
14539 18911
23699 29242
10224 52839
98770 59630
62144 55645
30059 45619
84802 32555
65372 66485
96788 76640
21213 59458
62825 66533
42984 63133
8433 60326
59762 72952
46980 73054
63208 63825
48288 65754
63202 73404
32134 55372
35048 45725
36958 53794
53715 55788
54559 57770
4998 63028
33902 39861
87222 92803
32600 577
39219 57977
24519 11150
35910 72209
31625 44392
80989 71639
31084 28253
38734 39082
8868 68765
44095 61207
50227 73786
97572 43002
29715 21768
60251 67028
20470 66141
61051 19317
45596 58654
37958 41160
54461 68391
22463 36113
45500 68197
26478 15927
45497 56133
4587 58732
43885 52694
79310 23003
43866 54526
23357 67707
27087 67936
1482 56999
41441 56739
52596 58227
41422 65380
1641 54687
52579 72599
1629 16983
89972 90425
53019 73828
34476 42776
78211 96494
76468 83333
78854 43783
15696 18695
13343 51018
56890 69828
13501 73878
3560 36812
43687 39012
90593 96678
75405 30576
70866 61554
34053 68363
48685 57768
97824 24400
17867 38053
50255 54230
50555 60194
82136 90557
36704 39443
13117 67374
70251 55313
13835 2289
25139 31992
89219 99320
27965 59097
49036 60352
72898 56507
22448 29086
29707 22170
298 65186
22357 37291
3128 59691
51588 71955
53818 19758
75425 38740
54080 56811
41346 48228
83394 58612
7679 66901
13299 54359
36965
48325
62472
27133
53574
82272
36814
66668
51922
24197
35616
36725
19462
61604
54775
36803
38048
54294
72410
54817
36922
92481
51689
61857
69191
20867
90503
69432
26264
37271
50785
70542
50767
37272
71698
43022
57311
70747
37319
65290
37565
56643
37043
56049
83737
62742
44538
99565
31005
77618
37159
51658
37114
48331
56094
15972
5124
1584
37180
37246
69233
16333
22426
99108
89658
27554
18938
51647
34484
3432
18646
20302
30750
56991
20394
39844
65129
60025
51153
23459
36736
57913
18975
35719
36828
69925
27970
25752
33328
61769
46243
21660
20575
48166
12773
72330
21478
44930
407
19193
97999
57774
20796
68424
21905
23064
22831
21387
22929
56276
68475
17410
30049
56017
24898
64143
23110
51291
16963
64793
58139
21673
24916
43769
27904
91983
27057
46765
69360
56746
19455
35467
18633
18214
23883
74773
21827
49823
17904
58937
51937
47505
50832
51126
51144
49224
51442
69280
51536
60949
52077
35358
59700
53046
38633
54642
36795
52321
52348
52522
31566
24912
31532
52603
63795
6127
52705
70453
70408
18290
48233
26108
48544
48838
62238
61129
26750
48930
63453
54634
79222
49279
52709
63754
49337
49347
49412
56669
49763
40985
49857
49887
73014
4256
56379
50812
56433
58763
8858
56545
61248
55703
55717
67029
55939
30973
56480
74177
63087
45343
55463
56470
94313
56607
62248
58921
56703
56778
48046
56918
57009
2969
57310
46221
53706
73928
52857
35114
52858
73963
32930
52892
53132
68688
53162
65883
19305
53684
56305
62658
24952
53786
54752
68158
54850
99338
58305
54978
91916
73063
55319
70989
41236
40083
40092
40237
40706
69607
40773
40881
77512
38697
34261
40915
40977
60089
41192
42582
42639
97199
62820
42858
60615
42871
73686
61487
43743
44239
44415
16663
38936
72939
47432
37759
57235
37784
30265
45622
23442
37859
63046
38648
54337
55571
42170
47996
39309
39535
99935
17869
41158
39761
39883
86055
23032
57411
39991
57827
70778
43295
46622
54737
78897
43409
46736
46908
87055
17188
47131
47318
50772
47445
59930
47489
47582
74248
47632
72201
47803
47883
48007
30312
48056
73697
48190
74049
46076
91052
44474
44697
40385
44821
45255
17020
52508
45589
57795
45977
72692
71583
37694
47699
46208
53863
41664
50536
86278
46354
59698
25319
46390
89838
46587
67693
63548
64448
64368
95301
80884
64249
67330
73983
64002
63803
63741
63694
63668
63591
63576
64458
63380
85309
63129
62951
62913
62869
62850
62799
66007
62680
62669
62664
62513
66113
71665
67229
67193
67018
67012
66887
66884
69859
66532
66337
66186
66175
66135
62431
72752
66098
66022
73738
65975
65804
85494
65532
64886
64818
82488
64744
64656
59669
76946
60311
68053
60290
60171
60160
60120
60074
59985
63264
59937
59873
59758
60337
59610
73960
60652
59543
59287
59154
68799
58818
58539
64011
58466
58348
73865
63587
62400
62354
62343
68957
62303
62079
72050
69832
62069
61988
96203
61824
61493
81646
61369
61267
61244
61005
61003
61000
60959
60946
60904
60745
60723
60708
60407
75143
79997
98816
87640
78768
77786
85430
77667
77003
82405
76860
76854
76196
75896
80134
75067
74684
76594
74376
74327
74095
73833
73779
73667
73608
80990
73227
73123
91692
98728
98608
98107
97526
97151
96415
96134
95654
95241
93906
92925
98634
91980
73010
90834
90630
89663
89467
89090
87438
86265
85814
85696
84803
84185
88800
80171
67878
70311
70126
73407
70080
70051
70004
69813
69742
68990
68564
68502
68443
67946
70321
78934
67844
74451
67797
67647
67596
67575
67487
67452
77253
67272
67257
67248
72881
73001
72901
72823
73908
72799
72768
72737
72666
72550
72358
72110
74085
71778
58339
71772
72699
71590
71569
71501
71300
84584
71276
71255
70718
70703
70659
70615
73734
27882
68672
37620
38702
68186
57096
50710
19658
16953
36798
38473
9631
52370
31754
72242
38246
30212
67390
26357
75748
31388
25843
60152
9138
22219
37367
23774
96157
54617
88781
59947
37722
23932
70309
18186
63467
47941
69654
31948
32085
74579
69034
90612
40200
23604
18822
16624
64341
15545
97052
28294
2337
56978
32211
53851
12165
54734
60385
57058
1238
98736
72120
64195
33143
35524
22540
9800
25833
17634
3217
64821
84477
8700
990
78972
51247
33078
36106
22798
49848
19377
41943
32703
66445
49991
89503
42168
27136
62465
54493
31204
34003
27349
27132
53695
63433
45663
47827
97289
50532
67072
41675
6368
54517
64340
32684
30955
2823
31256
60514
61736
58409
31500
68207
33828
32978
32610
48126
32235
37104
34190
93129
31583
60376
31542
73642
64954
66632
31144
37396
30923
60716
56280
27321
53289
30074
40353
30991
18007
29990
57629
68307
58326
64769
58115
58083
57979
57974
57952
57946
57756
64381
57727
57638
25662
57580
36591
51739
36172
36152
59377
40524
26933
43704
34683
40093
74040
57405
53862
91700
35141
37359
28091
78699
68718
22140
72178
59979
57761
33363
23724
63843
20588
27149
77407
57445
26565
4297
66226
64008
58463
26302
26265
38708
53343
25735
69028
16465
29753
21051
64006
55134
62314
33480
29625
64058
27461
38281
55593
29414
23194
20232
29104
65512
36678
28995
65593
51176
63063
61954
28684
38604
70304
28162
22400 22534 23617 25231 26436 29427 30137 34033 38905 38978 40693 42648 45319 47732 56263 58641 70980 73374 78692 83136 99224 7683 11854 38958 52600 65199 69530
20942 22285 23214 23850 24213 25042 25501 26204 26838 28287 31011 31157 34917 34959 35173 35276 35490 73378 21652 24232 26665 26857 30590 30644 32075 32410 33523
13179 20395 23221 25490 30376 34782 43753 57038 57660 68941 71734 71813 73783 6820 15273 21753 34607 70089 73067 73813 74255
34386 37280 42041 53686 61238 64105 95863 35828 36115 42904 59891 66191 71277 74060 97591 98726
77625 78750 79503 94693 94977 98037 98095 98304 98906 52011 72112
28897 40225 51934 69950 23385 38093 52537 57547 67198 67632
34341 78909 84054 91185 94013 27779 68675 71685 75763
61582 72161 79590 81711 92618 97043 8520 27101
49450 53342 72989 50150 57035 67988 68554
87019 51261 55763 67348 74094 79232 82469
88138 18372 29042 38624 70052 73656
31018 31393 34397 34684 27859 28423
89996 6274 43395 46440 53509 75717
81072 57274 59083 66872 96963
82201 29563 42987 58491 71401
61709 65367 67534 73201 69612
94028 27809 29345 65094 98009
82455 44764 54165 58520 60882
31452 79176 66443 88571 91302
25461 56016 58155 36718 44640
91114 14411 43628 72972
17280 44498 39287 68915
21657 21756 24799 30865
50028 74289 48610 53062
95629 95791 84783 85437
82146 22839 25808 47540
2080 56085 71304 56623
19566 19835 18181 18929
94966 33313 41004 96317
30271 60322 68227 6159
51151 53425 45001 47278
4587 23742 56597 58732
92865 50278 64970 99664
95714 40321 47483 60391
91227 11787 31143 86435
68238 97508 71754 74306
67155 99176 41926 51566
24646 58838 29999
94321 24469 98247
23411 27244 11619
88923 16346 23422
40995 58840 61069
36711 57030 64491
27953 21878 22587
55045 70307 72665
21589 30988 25450
59609 68463 61072
88699 49252 70060
17998 53972 57260
72081 72976 74201
38824 61419 69116
46740 57955 66557
98935 62375 65221
29268 53720 33022
23055 43707 49537
30929 36314 67632
17435 60537 58231
89129 60725 91757
29260 31858 35094
43261 63356 57961
21181 17644 70058
22403 42715 66281
91245 99063 59901
5503 38226 44575
65255 64064 68786
89562 54190 73042
55916 69402 70327
26715 48223 59236
88737 78253 92754
3915 57156 65311
50568 59380 73371
5685 10329 63195
97816 41829 62912
7436 7696 39139
74464 14600 66024
13053 70795 17442
10055 58874 52413
44103 58802 68241
78212 89258 93040
25887 28916 34874
1982 836 5600
65251 54894 57734
64003 94128 58417
84802 32555
90903 91696
49036 60352
1482 56999
9765 9853
48288 65754
63202 73404
43866 54526
62144 55645
27965 59097
81277 29055
8433 60326
21213 59458
30059 45619
42984 63133
62825 66533
9090 60038
43687 39012
65372 66485
13501 73878
46980 73054
13343 51018
59762 72952
29707 22170
63208 63825
31625 44392
39937 42804
36958 53794
4998 63028
34476 42776
33902 39861
87222 92803
39219 57977
32600 577
24519 11150
32134 55372
54559 57770
80989 71639
31084 28253
38734 39082
8868 68765
44095 61207
97572 43002
96788 76640
29715 21768
50227 73786
60251 67028
20470 66141
45596 58654
61051 19317
37958 41160
54461 68391
22463 36113
45500 68197
89219 99320
45497 56133
26478 15927
44391 56693
43885 52694
79310 23003
3560 36812
23357 67707
27087 67936
52596 58227
41422 65380
35048 45725
53715 55788
298 65186
78211 96494
51588 71955
5260 5868
1629 16983
78854 43783
70251 55313
34053 68363
82136 90557
75425 38740
97824 24400
70866 61554
89972 90425
50555 60194
50255 54230
48685 57768
90593 96678
14539 18911
7679 66901
25139 31992
13117 67374
17867 38053
52579 72599
15696 18695
53818 19758
1641 54687
75405 30576
72898 56507
98770 59630
13299 54359
13835 2289
54080 56811
22448 29086
36704 39443
41346 48228
97622 38546
10224 52839
83394 58612
23699 29242
56890 69828
76468 83333
3128 59691
22357 37291
38048
36725
82272
36803
40092
57009
35910
54294
36106
22798
53574
72410
37319
36922
36814
35616
58139
61604
18975
36965
66668
19462
37271
70542
51689
24197
64793
51922
37272
71698
15972
83737
62742
44538
37180
99565
37043
37159
69191
56049
5124
61857
51658
50767
69233
48331
1584
19377
54775
62472
56094
64744
49848
82488
69432
27133
92481
26264
20867
90503
37114
54817
37246
48325
18646
407
27554
34484
97999
99108
18938
3432
56991
51647
89658
20394
16333
30750
39844
65129
23459
60025
21660
27057
12773
35719
36828
69925
33328
61769
46243
56643
20575
48166
51153
27970
44930
25752
57913
19193
72330
21478
20302
22426
30049
58937
17410
68424
23064
22831
21387
56276
22929
57774
17904
56017
68475
24898
51291
16963
64143
23110
60514
31005
19455
36736
46765
24916
43769
56746
27904
91983
69360
18633
35467
21673
47941
63467
23883
21827
18186
70309
49823
52348
69280
51536
60949
52077
35358
59700
53046
51937
69654
31948
53019
54642
36795
52321
51442
52522
31566
24912
31532
52603
63795
6127
52705
70453
52709
73928
52857
35114
49763
62238
61129
26750
48930
63453
54634
79222
49279
70408
63754
49337
49412
56669
52858
40985
49857
49887
73014
4256
56379
50812
38633
47505
50832
51126
51144
49224
56433
56545
61248
55703
55717
67029
55939
30973
56480
74049
56305
74177
63087
45343
8858
56470
62248
58921
56703
56739
56778
48046
56918
2969
57310
46221
57311
57580
24952
64381
57727
73963
32930
52892
53132
68688
53162
65883
19305
53684
53706
62658
48838
53786
54752
68158
54850
99338
58305
54978
91916
73063
55319
70989
55463
58763
42639
6368
40237
40706
69607
40773
40881
77512
38697
34261
40915
40977
60089
41236
42582
40083
97199
62820
42858
60615
42871
73686
61487
43743
44239
44415
16663
42170
91052
47996
37565
37759
57235
37784
30265
45622
23442
37859
63046
38648
54337
55571
38936
44474
39309
39535
99935
17869
41158
39761
39883
86055
23032
57411
39991
57827
41192
47489
54737
78897
43409
46736
46908
87055
17188
47131
72939
47432
50772
47445
70778
46622
47582
74248
47632
72201
47803
47883
48007
30312
48056
18290
48233
26108
48544
46208
44697
40385
44821
45255
17020
52508
45589
57795
45977
72692
71583
46076
47699
65290
53863
41664
50536
86278
46354
59698
25319
46390
89838
46587
67693
59930
43295
63591
64458
64448
64368
95301
80884
64249
67330
73983
64002
63803
63741
63694
63668
64656
63576
63548
63380
85309
63129
62951
62913
62869
62850
62799
66007
62680
62669
66532
67412
77253
67272
67257
67248
81646
71665
67229
67193
67012
66887
66884
69859
62664
66337
66186
66175
66113
72752
66098
66022
73738
65975
85494
65532
64886
64818
63264
60407
64821
60385
60337
76946
60311
68053
60290
60171
60160
60120
60074
59985
60708
59937
59873
59758
59669
59610
73960
60652
59543
59287
59154
68799
58818
58539
61824
62513
62431
62400
62354
62343
68957
62303
62079
72050
69832
62069
61988
96203
86265
61493
63587
61369
61267
61244
61005
61003
61000
60959
60946
60904
60745
60723
76196
80134
79997
98816
87640
78768
77786
85430
77667
77618
77003
82405
76860
76854
80171
75896
75143
75067
74684
76594
74376
74327
74095
73833
73779
73697
73667
73608
91980
98728
98608
98107
97526
97151
96415
96134
95654
95241
93906
92973
92925
98634
80990
91692
90834
90630
89663
89467
89090
88662
87438
85814
85696
84803
84185
88800
68502
70703
70659
70615
70321
70311
70126
73407
70080
70004
69813
69742
68990
68564
70718
68443
68186
67946
67878
78934
67844
74451
67797
67647
67596
67575
67487
67452
72209
73227
73123
73010
73001
72901
72823
73908
72799
72768
72737
72666
72550
72358
64011
72110
74085
71778
72881
71772
72699
71590
71569
71501
71300
84584
71276
71255
38246
72242
27882
68672
37620
38702
50710
19658
16953
41441
36798
38473
31754
73734
65804
30212
67390
26357
75748
31388
25843
60152
9138
22219
37367
23774
96157
90612
84477
32085
74579
69034
54617
40200
23604
16624
64341
15545
97052
28294
2337
56978
89503
18822
22540
98736
72120
64195
33143
35524
9631
52370
32211
53851
57638
12165
3217
33363
61736
58409
1238
9800
21905
20796
49347
25833
70051
94313
56607
17634
57761
54734
57629
41943
32703
66445
23194
70747
43022
50785
8700
990
78972
51247
50532
42168
27136
62465
54493
31204
34003
27349
27132
53695
63433
45663
47827
49991
23932
74773
18214
67072
41675
54517
64340
32684
30955
2823
31256
25735
72178
59979
31500
68207
33828
32978
32610
48126
32235
37104
34190
93129
31583
60376
31542
73642
64954
66632
31144
37396
30923
60716
56280
27321
53289
30074
40353
30991
18007
29990
57756
58466
58348
73865
58339
68307
58326
64769
58115
58083
57979
57974
57952
57946
25662
36591
51739
36172
36152
59377
40524
26933
43704
34683
40093
74040
57405
73828
57445
20588
91700
35141
37359
28091
78699
68718
22140
23724
63843
53862
27149
77407
28162
26565
4297
66226
64008
58463
26302
26265
38708
53343
97289
88781
59947
37722
69028
16465
29753
21051
64006
55134
62314
33480
29625
64058
27461
38281
55593
29414
33078
20232
29104
65512
36678
28995
65593
51176
63063
61954
28684
38604
70304
22400 23617 25231 29427 34033 40693 42648 45319 47732 56263 58641 70980 73374 78692 83136 99224 22534 26436 30137 38905 38958 52600 65199 69530
20395 23221 25490 30376 34782 43753 57038 68941 71734 73783 6820 15273 16663 21753 34607 70089 71813 73067 73813 74255
34386 37280 42041 53686 61238 64105 95863 35828 36115 42904 59891 66191 71277 74060 97591 98726
20942 22285 24213 25501 26204 26838 28287 34917 35276 24232 26857 32075 35490
23214 25042 31011 21652 23850 26665 30590 30644 31157 33523
61582 72161 79590 81711 92618 97043 8520 27101
78909 84054 91185 94013 27779 71685 75763
87019 51261 55763 67348 74094 79232 82469
28897 69950 23385 38093 52537 67198 67632
89996 6274 43395 46440 53509 75717
61709 65367 67534 73201 69612
39219 40524 43866 54526 57977
82455 44764 54165 58520 60882
94028 27809 29345 65094 98009
67155 99176 41926 51566
17280 44498 39287 68915
50028 74289 48610 53062
53342 49450 57035 67988
79176 66443 88571 91302
68238 97508 71754 74306
81072 59083 66872 96963
98095 98304 52011 72112
51151 53425 45001 47278
30271 60322 68227 6159
2080 56085 71304 56623
82201 29563 42987 71401
94966 33313 41004 96317
92865 50278 64970 99664
21657 21756 24799 30865
19566 19835 18181 18929
4587 23742 56597 58732
95629 95791 84783 85437
17998 53972 57260
36711 57030 64491
38824 61419 69116
25887 28916 34874
34397 34684 27859
88699 49252 70060
55045 70307 72665
21181 17644 70058
21589 30988 25450
24646 58838 29999
55916 69402 70327
59609 68463 61072
65251 54894 57734
44103 58802 68241
23411 27244 11619
26715 59236 48223
50568 59380 73371
46740 57955 66557
65255 64064 68786
25461 36718 44640
89129 60725 91757
23055 43707 49537
1982 836 5600
98935 62375 65221
72081 72976 74201
29268 53720 33022
7436 7696 39139
23699 29242 60089
43261 63356 57961
10055 58874 52413
40995 58840 61069
29260 31858 35094
3915 57156 65311
94321 24469 98247
88138 18372 29042
89562 54190 73042
27953 21878 22587
13053 70795 17442
5685 10329 63195
88737 78253 92754
30929 36314 67632
17435 60537 58231
5503 38226 44575
97816 41829 62912
91227 11787 86435
34053 68363
89219 99320
70866 61554
50227 73786
56890 69828
94128 58417
45500 68197
94977 98037
30059 45619
88923 23422
48685 57768
50255 54230
50555 60194
83394 58612
76468 83333
7679 66901
52596 58227
46980 73054
84802 32555
31018 28423
90593 96678
89972 90425
26478 15927
43885 52694
63208 63825
42984 63133
98770 59630
21213 59458
45497 56133
5260 5868
3560 36812
65372 66485
44391 56693
60251 67028
81277 29055
62825 66533
97622 38546
13299 54359
79310 23003
13343 51018
48288 65754
29707 22170
74464 14600
61051 19317
9765 9853
27965 59097
49036 60352
8433 60326
59762 72952
13117 67374
41346 48228
62144 55645
36958 53794
78854 43783
54559 57770
53715 55788
36704 39443
39937 42804
4998 63028
72898 56507
72989 68554
78212 89258
38734 39082
78211 96494
34476 42776
20470 66141
41422 65380
24519 11150
45596 58654
27087 67936
1629 16983
22403 66281
96788 76640
53818 19758
3128 59691
75425 38740
90903 91696
87222 92803
75405 30576
298 65186
8868 68765
1482 56999
25139 31992
97824 24400
31625 44392
51588 71955
54080 56811
22448 29086
10224 52839
70251 55313
37958 41160
1641 54687
22463 36113
23357 67707
97572 43002
29715 21768
17867 38053
82136 90557
43687 39012
54461 68391
13501 73878
35048 45725
15696 18695
23604 31566
13835 2289
52579 72599
47996
23110
64143
56017
60514
37114
51689
48331
56094
37180
37246
90503
69432
37271
70542
51658
37272
71698
37319
65290
37565
37722
78972
40881
92481
54294
41441
82272
36803
38048
53574
72410
36922
31005
54775
62472
36965
27133
51247
56049
83737
37159
23459
48325
54817
82488
64744
35910
57009
61604
19462
51922
36814
38978
27057
62742
58083
21660
24912
23064
68424
17410
17904
49823
70309
18186
63467
47941
57660
9800
74773
18214
24898
68475
56276
85309
63129
8700
990
69859
66532
18646
36106
22798
49848
19377
1584
5124
15972
37043
99565
22357
44538
24916
22426
89658
27554
34003
27349
34484
3432
20394
39844
60025
51153
36736
20302
43769
27904
91983
69360
19455
21673
23883
21827
22831
21387
22929
48166
51647
18938
72330
25752
57913
27970
56643
14539
18975
36828
33328
20575
30049
12773
26264
20867
69191
65129
16333
30750
61857
50767
44930
19193
52858
54642
36795
52321
52348
52522
31532
52603
63795
6127
52705
73928
52857
35114
53019
64381
57727
73963
32930
52892
72178
59979
33363
57761
53132
68688
53162
56669
51144
49337
49763
40985
49857
49887
73014
4256
56379
50812
38633
47505
50832
51126
65883
94693
49224
51442
69280
51536
60949
52077
35358
59700
53046
51937
69654
31948
56703
30973
56480
74049
56305
74177
63087
45343
56433
56470
94313
56607
62248
58921
55939
56778
48046
56918
56978
2969
57310
46221
57311
41192
40083
57827
57974
57979
54978
19305
53684
53706
62658
24952
53786
70453
52709
54752
68158
54850
99338
58305
63754
91916
73063
55319
70989
55463
58763
8858
56545
61248
55703
55717
67029
42871
69607
40773
56746
77512
38697
34261
40915
40977
34341
41236
42582
42639
60615
40706
61487
43743
44239
44415
42170
44474
40385
44821
45255
17020
52508
45589
57795
39535
54493
37759
37784
30265
45622
23442
37859
63046
38648
54337
55571
38936
39309
45977
99935
17869
41158
39761
39883
86055
23032
57411
57952
39991
40092
40237
48056
47318
72939
47432
50772
47445
70778
47489
47582
74248
47632
47883
48007
30312
47131
18290
48233
26108
48544
48838
62238
61129
26750
48930
63453
54634
79222
49279
89838
72692
71583
46076
47699
46208
53863
41664
50536
86278
46354
59698
25319
46390
31204
46587
67693
59930
43295
46622
54737
78897
43409
46736
46908
87055
17188
63576
64448
64368
64340
95301
80884
64249
67330
64003
73983
64002
63803
63668
63591
64458
63548
63380
62951
62913
62869
62850
97199
62820
62799
66007
62680
62669
62664
66887
67487
67452
86265
67412
77253
67272
67257
67248
81646
71665
67229
67193
67012
62513
66884
66337
66186
66113
72752
66098
66022
65975
85494
65532
64886
64818
64656
60074
60723
60708
60407
64821
60385
60337
76946
60311
68053
60290
60171
60160
60120
60745
59985
63264
59937
59873
59758
59669
59610
73960
60652
59543
59377
59287
59154
61824
62465
62431
62400
62354
62343
68957
62303
62079
72050
69832
62069
61988
96203
67575
61493
63587
61369
61267
61244
61207
61005
61003
61000
60959
60946
60904
82405
80171
80134
79997
98816
87640
78768
78750
77786
85430
77667
77625
77618
77003
82146
76860
76854
76196
75896
75143
75067
74684
76594
74376
74327
74095
73833
73779
91980
98906
98728
98608
98107
97526
97151
96415
96134
95654
95241
93906
92925
98634
73697
91692
90834
90630
89663
89467
89090
88662
87438
85696
84803
84185
88800
69813
84584
71276
71255
70718
70703
70659
70615
70321
70311
70080
73378
70051
70004
71300
69742
68990
68564
68502
68186
67946
67878
78934
67844
74451
67797
67647
67596
72666
73667
73608
80990
73227
73123
73010
73001
72901
72823
73908
72799
72768
72737
68799
72550
72358
72209
72110
74085
71778
72881
71772
72699
71590
71569
71501
12165
36172
96157
90612
89503
23774
42168
18633
9090
9631
52370
32211
53851
57638
27132
65804
72242
27882
68672
37620
38702
50710
19658
16953
66668
36725
35616
99108
59947
26565
29414
34959
44697
4297
66226
64008
58463
26302
26265
38708
53343
88781
97999
57756
23932
63202
16624
35524
22540
98736
72120
64195
33143
51291
64341
15545
54517
63433
45663
47827
49991
50532
32684
30955
2823
31256
25735
67072
41675
6368
53695
61736
58409
1238
49347
25833
17634
3217
54734
70747
50785
43022
57629
21905
31388
407
84477
18822
36798
38473
35467
16963
31754
73734
38246
30212
67390
26357
53862
25843
60152
9138
46765
99063
22219
37367
27136
41943
32703
66445
23194
40200
68207
33828
32978
48126
32610
32235
37104
34190
93129
32134
32085
74579
54617
33902
80989
31084
31583
60376
31542
73642
31500
31452
66632
31144
37396
30923
60716
68443
58818
58539
64011
58466
73865
58339
68307
58326
64769
58115
36591
51739
36152
56280
35173
26933
43704
34683
40093
74040
57405
57946
73828
64793
58139
64954
28162
55593
72201
97289
28995
65593
51176
63063
61954
28684
97052
28294
38604
70304
38281
20588
91700
35141
37359
28091
78699
68718
22140
23724
27149
77407
57445
63843
25662
65512
36678
69028
20232
29104
27321
53289
30074
40353
30991
18007
49412
29990
20796
16465
29753
61769
46243
21051
64006
55134
62314
33480
29625
64058
27461
