79503 94693 98095 23442 77625 78750 94977 98304
72161 92618 27149 46243 51153 61582 97043
78692 17867 18007 23617 42648
84582 23221 30376 81246 88157
82455 54165 57727 58520
22897 30865 21657 24799
88737 74684 78253 92754
95629 84783 85437 95791
20395 57038 68941
68463 59609 61072
89996 53509 75717
43885 52694 40353
50028 53062 74289
78909 27779 91185
29715 21768 23883
51151 53425 47278
21589 25450 30988
65251 54894 57734
30271 29242 68227
20942 24232 34917
65367 67534 73201
31858 35094
56890 69828
70866 61554
69432 59609
15696 18695
39937 42804
13835 2289
42984 63133
52596 58227
52579 72599
34476 42776
22929 298
78211 96494
36704 39443
4998 63028
89129 91757
44930 18186
36958 53794
23742 56597
17020 57761
29268 33022
23055 43707
7436 7696
78212 89258
78854 43783
88138 71590
91227 86435
28294
50772
63825
29104
36678
77253
52709
64006
63668
23214
37280
12165
91692
38633
64381
64458
56305
32610
60946
61487
63264
92865
47582
47445
56094
61824
44821
53343
47432
46765
46622
54737
46076
45343
26302
2823
27953
65372
1482
65512
32978
66226
68564
57770
59979
28091
67012
89562
19193
9090
67257
12773
84185
35114
42168
48007
63063
64491
64821
33480
47827
21213
66022
26750
21673
20588
24916
78897
65290
38048
34261
35173
44538
58921
29707
63795
39991
55571
59700
79176
60949
54817
65804
61000
48325
62742
19462
78972
54775
53574
36803
23357
60120
59947
59930
59610
58463
57952
57411
57946
53162
57827
62850
99063
49857
56778
60652
65975
56607
49347
50767
82488
64793
62669
49887
74773
64249
38281
54230
71734
53706
49337
95863
48930
48233
74201
62913
60537
54634
53046
69832
73063
52858
62799
65883
56433
61988
47632
62069
52321
51937
60171
58115
52705
51176
57127
68718
63467
18975
39535
39761
20470
40773
40915
27965
43743
44415
61207
68799
68957
69280
73608
70453
70718
71665
71778
72768
58763
68688
57638
27321
43769
78934
34003
34190
34484
34959
72799
44103
56470
75405
44391
35910
36152
36591
36725
38246
88781
79590
81646
82136
83394
84477
84584
84802
85309
85696
87438
78159
89467
91980
94028
94128
94313
94966
95241
96134
96415
86278
73001
73014
73054
73642
73697
73734
73908
74327
74376
58409
75067
75143
75896
76196
76468
76860
77003
77512
77667
90630
67647
67390
41422
21387
73960
15545
16624
43866
57629
68990
70004
18822
51126
40200
13343
35524
20796
65593
42871
13117
41943
63843
45596
31204
14539
74049
98935
27132
38697
33828
31532
1641
41675
99935
990
4297
30265
26478
13501
20232
31583
38734
78768
9138
25843
30212
30973
63433
37958
73123
30074
53684
52508
32703
49848
41192
33143
64818
38604
61493
72358
66532
37859
43687
72901
73983
17188
57955
46390
71276
17869
8868
17410
23064
62431
30049
58083
23459
40385
64769
