79503 77625 78750 94693 94977
20395 57038 68941
22897 21657 24799
51151 47278
75748 31388
30376 71734
53972 57260
78211 96494
52579 72599
82455 58520
43885 52694
91227 86435
42984 63133
33078 30074
59947
47632
46390
45596
56480
1482
70004
27953
48930
47131
47445
54775
54230
49347
59979
63063
64793
49887
50767
38633
12773
60652
26357
43769
2823
26715
31084
34959
26478
94966
30973
49848
26750
31583
79176
42168
45343
52709
63467
62742
29104
61487
32703
60376
57127
76196
58463
72799
56094
58921
61207
60120
51176
58115
60171
46076
61000
62799
48007
62913
63264
44415
63433
55571
63795
49857
64249
52858
38281
29707
50832
51126
75067
51937
56433
52321
37859
34261
52508
39309
53162
36591
63576
32610
53684
54080
38697
55916
56017
56470
75896
73734
73697
73123
73063
73014
73001
72901
71665
70718
70453
68990
73908
68957
67647
67390
81646
66226
66022
86278
65975
65372
64821
64769
78768
96134
94028
90630
90593
88781
85696
84802
82146
82136
78854
89562
64458
78212
89467
84584
78159
76468
75405
74773
74327
73983
73960
19835
38734
99176
36725
33480
32978
13501
78692
18975
39535
23064
17410
40385
34484
87438
35524
17020
13343
96415
36152
47582
68564
30271
38048
64381
92481
62669
41192
54850
59930
38246
35141
17869
65804
65290
67257
15696
92865
26302
46622
37759
57952
39991
44103
57629
43687
