22400 23617 25231 29427 40693 42648 47732 56263 58641 70980 73374 78692 83136 99224 38958 40977 52600 65199
34386 37280 42041 61238 95863 42904 59891 66191 71277 74060 97591 98726
61582 72161 79590 81711 92618 97043 8520
20395 73783 25490 57038 68941
20942 22285 34917 24232 28287
88737 74684 78253 92754
28897 23385 38093 69950
97508 68238 71754 74306
26715 9631 23724 59236
30271 29242 60322 68227
78909 27779 84054 91185
95629 95791 84783 85437
36711 57030 64491
75425 38740 45255
29268 53720 33022
46740 57955 66557
82136 27970 90557
59609 68463 61072
55045 70307 72665
31011 30590 33523
21589 25450 30988
23055 43707 49537
65251 54894 57734
50028 53062 74289
51151 53425 47278
98095 98304 52011
65367 67534 73201
15696 18695
52596 58227
43261 63356
20470 66141
53715 55788
87019 51261
94128 58417
42984 63133
65372 66485
23742 56597
43885 52694
94013 84054
39844 37319
3915 57156
34476 42776
63208 63825
89562 54190
90903 91696
36958 53794
25139 31992
56890 69828
10055 52413
5503 44575
22929 298
23411 27244
45596 58654
30955 27904
94693 23442
35276 23774
78211 96494
27882 22831
13299 54359
36704 39443
52579 72599
41422 65380
7436 7696
13835 2289
98935 68990
89129 91757
32610 1238
29715 21768
21213 59458
17435 60537
44391 56693
31858 35094
17020 57761
98906 47883
88138 71590
78212 89258
31018 28423
89219 99320
90593 96678
44930 18186
94977 87055
78854 43783
70866 61554
46980 73054
51588 71955
4998 63028
23883
46390
71276
72358
47432
47582
63587
8868
47632
34782
64458
64744
48228
73734
1629
39761
74201
46221
31256
35524
23032
48233
46076
33328
30991
31532
23214
54737
46622
18633
35910
51536
17869
46765
67029
18007
19193
46243
43769
59947
18290
78934
34003
27321
68053
18822
18938
19462
71734
21181
27132
31204
51176
27349
35358
38604
51153
21905
25461
62742
5124
44697
34959
58763
99338
20796
8858
89467
46736
74327
990
99565
49848
49347
73010
77003
40881
67390
49412
32684
74773
49887
66226
82488
41192
49337
23459
58083
37784
1641
50227
41675
62669
2823
50767
31144
63063
43704
22463
39991
63795
38633
38048
34261
45622
37958
62303
73123
37271
50710
15545
57770
29990
41943
33828
38697
36725
38734
78768
36678
29104
77253
36591
35173
73983
53574
43295
44821
50772
43022
57629
90630
43409
22426
42168
92481
84803
41664
60514
36795
72901
40985
40385
407
43687
40353
30074
40200
32085
50785
44103
30265
45343
32978
48126
32703
45589
21673
42639
21051
62820
29707
20867
20232
70004
33480
4297
26478
47131
20575
20588
37359
24916
48930
34484
19835
36803
73667
55593
35141
13501
49763
35114
43743
96788
39309
44415
54817
60949
38281
27461
51144
64249
34683
51922
57946
48325
27087
48007
44538
37859
66532
34190
46587
64821
69832
62913
71569
62951
63087
63264
63467
63576
63843
66007
64143
72799
64381
64769
64793
62799
65290
97289
65512
65532
65883
66632
71501
67072
67248
67257
67647
68443
68564
68957
60652
58463
61709
59287
59610
59698
84584
59700
79176
59873
59930
59979
60074
60120
60152
60171
69028
74177
60946
61487
92865
98816
61000
61005
61207
61493
97199
61988
62472
62658
62680
91983
75067
75143
75896
76196
76468
76860
77512
77667
81646
83737
84477
84802
85309
85696
86055
86278
88781
90834
91980
93906
94313
95241
96134
96415
97151
97526
97999
98107
98634
98728
72768
69280
73608
69360
69432
70309
73014
70453
70659
70718
70778
71778
72120
72178
72242
68688
98736
72881
73963
72939
73001
73227
73642
73697
73779
73908
73928
73960
74085
74376
26302
38702
94966
17410
23064
23357
38246
30212
63754
71665
23932
62343
51126
56470
75405
28091
58539
1482
27953
14539
74049
27149
62314
48544
62069
61824
42871
65593
27965
29753
9138
24898
49857
20302
70615
47445
28684
68718
9800
36814
24912
51689
30049
26565
72550
7679
26357
17188
28294
13117
17867
31583
12773
84185
39535
36965
18975
43866
16624
50532
54752
63668
66668
53706
57411
57952
54294
54634
54775
54850
54978
55463
56545
55717
55939
62431
56094
53684
56305
56433
56607
65804
56778
65975
56918
62869
57827
57979
68799
58326
64818
58409
53851
55571
25843
30865
53046
73063
25319
30973
63433
31005
64006
33143
12165
91692
32211
8700
57638
32235
51937
52321
52370
52508
68197
52603
52705
58115
52709
52858
53162
53343
