22400 22534 23617 25231 26436 29427 30137 34033 38905 38978 40693 42648 45319 47732 56263 58641 70980 73374 78692 83136 99224 7683 11854 38958 52600 65199
9090 13179 20395 23221 25490 30376 34782 43753 57038 57660 68941 71734 71813 73783 6820 15273 21753 70089 73067 74255
23850 25042 31011 31018 31157 31393 34397 34684 27859 28423 30590 30644 33523
77625 78750 79503 94693 94977 98037 98095 98304 98906 52011 72112
34386 37280 42041 53686 61238 64105 95863 59891 71277 74060 97591
20942 24213 26204 26838 28287 34917 35490 24232
61709 65367 67534 72081 72976 73201 74201 69612
61582 72161 79590 81711 92618 97043 8520
34341 78909 84054 91185 94013 27779 71685
28897 40225 51934 69950 23385 38093
87019 51261 55763 67348 74094
95629 95791 84783 85437
21657 21756 24799 30865
4587 23742 56597 58732
67155 99176 41926 51566
68238 97508 71754 74306
74684 88737 78253 92754
30271 60322 68227 6159
49450 53342 72989 68554
19566 19835 18181 18929
89996 6274 53509 75717
82201 29563 42987
23699 29242 60089
91114 43628 72972
39219 40524 57977
78212 89258 93040
17998 53972 57260
50028 74289 53062
36711 57030 64491
55045 70307 72665
81072 57274 96963
65251 54894 57734
51151 53425 47278
23055 43707 49537
3915 57156 65311
29268 53720 33022
5685 10329 63195
97816 41829 62912
5503 38226 44575
17280 19305 44498
29260 31858 35094
25461 56016 58155
21589 30988 25450
24646 58838 29999
22285 25501 32075
46740 57955 66557
91245 99063 59901
31566 34959 35276
10055 58874 52413
26715 48223 59236
2080 56085 71304
59609 68463 61072
76468 83333
1482 56999
60251 67028
52596 58227
90593 96678
48685 57768
50255 54230
50555 60194
97824 24400
88923 23422
15696 18695
88699 49252
70251 55313
43261 63356
50568 59380
17867 38053
51588 71955
41422 65380
82455 58520
17435 60537
26478 15927
90903 91696
21213 59458
89129 91757
42984 63133
38824 69116
63208 63825
46980 73054
20470 66141
45596 58654
59762 72952
44391 56693
37958 41160
22463 36113
41346 48228
65372 66485
95714 60391
30059 45619
94321 98247
45500 68197
8433 60326
14539 18911
89219 99320
43885 52694
49036 60352
79310 23003
43866 54526
23411 27244
1982 836
13835 2289
44474 67878
36958 53794
25139 31992
39937 42804
4998 63028
32600 577
89972 90425
13117 67374
55916 69402
298 65186
44095 61207
89562 54190
35048 45725
53715 55788
54559 57770
24519 11150
34476 42776
87222 92803
84803 88800
82136 90557
75425 38740
22448 29086
78211 96494
54080 56811
13299 54359
78854 43783
5260 5868
70866 61554
36704 39443
97622 38546
30929 36314
22403 42715
52579 72599
3560 37367
7679 66901
94128 58417
29715 21768
13053 70795
53818 19758
92865 99664
1629 16983
34053 68363
25887 34874
22357 37291
37565
41192
43769
22831
23110
21827
69432
37759
71698
37319
65290
37271
27904
23883
70542
91983
37272
51689
82272
58139
27087
83737
66668
56049
37114
35616
27133
36725
64793
36965
62472
36803
54775
92481
36922
72410
38048
57235
60514
90503
22929
57774
30049
56017
64143
37246
53574
23357
21387
37180
56094
48331
51658
37159
31005
54294
36591
51739
51922
37043
99565
44538
62742
48325
54817
82488
64744
35910
57009
61604
19462
24197
15972
36814
51291
24898
68475
56276
20575
48166
23064
68424
17410
58937
17904
19377
17634
3217
54734
57629
41943
3128
32703
66445
23194
70747
43022
50785
49823
33078
36106
22798
49848
26264
20867
69191
61857
50767
69233
1584
5124
27554
35719
36828
69925
33328
61769
46243
12773
9765
44930
19193
20302
22426
89658
18975
69360
19455
21673
34484
3432
56991
20394
39844
60025
51153
36736
84802
16333
70309
18186
63467
47941
18633
56746
46765
27057
21660
23459
65129
30750
24916
18646
51647
18938
99108
97999
407
21478
72330
57913
25752
27970
56643
36795
49224
51442
69280
51536
60949
52077
35358
59700
53046
51937
69654
31948
53019
54642
51144
52321
52348
52522
24912
31532
52603
63795
6127
52705
70453
52709
73928
52857
35114
56669
62238
61129
26750
48930
63453
27965
54634
79222
49279
70408
63754
49337
49412
21181
52858
49763
40985
49857
56890
49887
73014
4256
56379
50812
38633
47505
50832
51126
56607
55703
55717
67029
55939
30973
56480
74049
56305
74177
63087
45343
56433
56470
94313
61248
62248
58921
56703
56739
83394
56778
48046
56918
2969
57310
46221
57311
57580
54752
64381
57727
73963
32930
52892
53132
68688
53162
65883
53684
53706
62658
24952
53786
48838
68158
54850
99338
58305
54978
91916
73063
55319
70989
55463
58763
8858
56545
42639
40237
7436
40706
69607
40773
40881
77512
38697
34261
40915
40977
40995
41236
42582
40092
97199
62820
42858
60615
42871
73686
61487
43743
44239
44415
16663
42170
45497
39535
30265
50227
45622
23442
37859
63046
38648
8868
54337
38734
55571
38936
47996
39309
44697
99935
17869
41158
39761
39883
86055
23032
44103
57411
39991
57827
67072
40083
74248
78897
43409
46736
46908
87055
17188
47131
72939
47432
50772
47445
70778
47489
47582
54737
47632
72201
47803
47883
81277
48007
30312
48056
18290
48233
26108
48288
48544
53863
40385
44821
45255
17020
52508
54461
45589
57795
45977
72692
71583
46076
47699
46208
37784
41664
50536
86278
46354
59698
25319
46390
89838
46587
67693
59930
43295
46622
63576
64448
64368
95301
80884
64249
67330
64003
73983
64002
63803
63741
63694
63668
63591
64458
63548
63380
85309
63129
62951
62913
62869
62850
62825
62799
66007
62680
62669
66186
77253
67272
67257
67248
81646
71665
67229
67193
67012
66887
66884
69859
66532
66337
62664
66175
66113
72752
66098
66022
73738
65975
85494
65532
65255
64886
64818
64656
60074
60723
60708
60407
64821
60385
60337
76946
60311
68053
60290
60171
60160
98935
60120
60745
59985
63264
59937
59873
59758
59669
59610
73960
60652
59543
59377
59287
59154
61824
62513
62431
62400
62354
62343
68957
62303
62144
62079
72050
69832
62069
61988
96203
67412
74085
61493
63587
61369
61267
61244
61051
61005
61003
61000
60959
60946
60904
76196
80171
80134
79997
98816
87640
78768
77786
85430
77667
77618
77003
82405
76860
76854
82146
75896
75405
75143
75067
76594
74376
74327
74095
73833
73779
73697
73667
73608
91980
98728
98608
98107
97526
97151
96415
96134
95654
95241
94966
93906
92973
92925
98634
80990
91692
91227
91052
90834
90630
89663
89467
89090
88662
87438
85814
85696
84185
68564
70703
70659
70615
70321
70311
70126
73407
70080
73378
70051
70004
69813
69742
68990
70718
68502
68186
67946
78934
67844
74451
67797
67647
67596
67575
67487
67452
86265
72358
73227
73123
73010
73001
72901
72898
72823
73908
72799
72768
72737
72666
72550
68799
72209
72110
71778
72881
71772
72699
71590
71569
71501
71300
84584
71276
71255
37620
72120
13343
64195
33143
29707
35524
32211
53851
57638
12165
65804
72242
27882
68672
98736
38702
50710
19658
16953
23214
41441
10224
36798
38473
35467
16963
9631
52370
23604
97289
88781
59947
57756
37722
78972
51247
23932
96788
32085
74579
69034
54617
40200
31754
63202
16624
64341
15545
97052
28294
2337
56978
43687
84477
13501
18822
22540
72178
18214
98770
1641
41675
6368
54517
64340
32684
30955
2823
31256
88138
25735
27953
74773
59979
57761
33363
61736
58409
1238
9800
21905
20796
8700
990
49347
53695
89503
73734
38246
30212
67390
26357
75748
31388
25843
60152
9138
22219
23774
96157
90612
53343
42168
27136
62465
54493
31204
34003
27349
27132
63433
45663
47827
49991
50532
60376
68207
33828
32978
32610
48126
32235
37104
34190
93129
32134
31625
80989
31084
31583
33902
31542
73642
31500
31452
66632
31144
37396
30923
60716
56280
27321
53289
30074
57952
58818
58539
64011
58466
58348
73865
58339
68307
58326
64769
58115
58083
57979
57974
40353
57946
36172
36152
68443
35173
26933
43704
34683
40093
74040
57405
73828
64954
23724
61954
28684
38604
79176
70304
28162
20588
91700
35141
37359
28091
78699
68718
22140
63063
63843
53862
27149
77407
57445
26565
4297
66226
64008
58463
26302
26265
38708
64058
30991
18007
29990
25662
16465
29753
97572
21051
64006
55134
62314
33480
29625
25833
27461
38281
55593
29414
69028
20232
29104
65512
36678
74464
28995
65593
51176
