20942 22285 23774 23850 24213 25042 25501 26204 26838 28287 31011 31018 31393 34397 34684 34917 34959 35173 35276 35490 73378 21652 24232 26665 26857 27859 28423 30590 30644 32075 33523
22400 22534 23617 25231 26436 29427 30137 34033 38905 38978 40693 42648 45319 47732 56263 58641 70980 73374 78692 83136 99224 7683 11854 38958 52600 65199 69530
9090 13179 20395 23221 25490 30376 34782 43753 57038 57660 68941 71734 71813 73783 6820 15273 21753 34607 70089 73067 73813 74255
34386 37280 42041 53686 61238 64105 95863 35828 36115 42904 59891 66191 71277 74060 97591 98726
77625 78750 79503 94693 94977 98037 98095 98304 98906 52011 72112
61709 65367 67534 72081 72976 73201 74201 69612
61582 72161 79590 81711 92618 97043 8520 27101
28897 40225 51934 69950 23385 38093 52537 67198
34341 78909 84054 91185 94013 27779 71685 75763
87019 51261 55763 67348 74094 79232
49450 53342 72989 50150 67988 68554
17280 19305 44498 39287 68915
89996 6274 53509 75717
21657 21756 24799 30865
19566 19835 18181 18929
2080 56085 71304 56623
50028 74289 48610 53062
30271 60322 68227 6159
51151 53425 45001 47278
82201 29563 42987 71401
81072 57274 66872 96963
4587 23742 56597 58732
67155 99176 41926 51566
25461 56016 58155 44640
95629 95791 84783 85437
91114 14411 43628 72972
68238 97508 71754 74306
38824 61419 69116
17435 60537 58231
55045 70307 72665
29260 31858 35094
13053 70795 17442
29268 53720 33022
59609 68463 61072
21589 30988 25450
25887 28916 34874
78212 89258 93040
98935 62375 65221
46740 57955 66557
24646 58838 29999
88138 18372 29042
23055 43707 49537
17998 53972 57260
65255 64064 68786
92865 64970 99664
55916 69402 70327
5503 38226 44575
36711 57030 64491
3915 57156 65311
91245 99063 59901
65251 54894 57734
88699 49252 70060
26715 48223 59236
10055 58874 52413
7436 7696 39139
97816 41829 62912
89562 54190 73042
23699 29242 60089
88737 78253 92754
82455 54165 58520
5685 10329 63195
48685 57768
76468 83333
89129 91757
56890 69828
14539 18911
29707 22170
50255 54230
62825 66533
21181 17644
41346 48228
1482 56999
46980 73054
63208 63825
49036 60352
27965 59097
44391 56693
95714 60391
8433 60326
9765 9853
65372 66485
13343 51018
30059 45619
43687 39012
1982 836
4998 63028
40995 61069
52596 58227
41422 65380
29715 21768
44103 68241
53715 55788
35048 45725
39937 42804
36958 53794
54559 57770
88923 23422
34476 42776
87222 92803
39219 57977
24519 11150
44095 61207
32600 577
50227 73786
22403 42715
31625 44392
89219 99320
21213 59458
90903 91696
26478 15927
20470 66141
45596 58654
94321 98247
37958 41160
54461 68391
45500 68197
22463 36113
42984 63133
79176 66443
60251 67028
43885 52694
79310 23003
43866 54526
74464 14600
23411 27244
43261 63356
50568 59380
13117 67374
298 65186
13835 2289
75405 30576
22448 29086
54080 56811
50555 60194
1641 54687
72898 56507
78211 96494
53818 19758
30929 36314
7679 66901
52579 72599
23604 31566
15696 18695
1629 16983
17867 38053
91227 86435
98770 59630
97622 38546
3560 36812
22357 37291
83394 58612
3128 59691
94966 33313
94128 58417
13299 54359
70866 61554
89972 90425
82136 90557
5260 5868
78854 43783
75425 38740
25139 31992
10224 52839
70251 55313
97824 24400
51588 71955
34053 68363
36704 39443
90593 96678
61857
69233
82272
36803
44538
30750
38048
53574
50767
54775
72410
36922
27133
36965
69191
92481
62472
20867
31005
30049
89503
99565
37043
18938
23110
23357
60514
51647
36725
18646
15972
54294
5124
66668
35616
16333
1584
51689
33078
37246
90503
27057
69432
37271
51247
78972
70542
37180
37272
71698
37319
990
65290
37565
37759
57580
23459
56049
26264
65129
83737
42168
19377
49848
22798
36106
37114
37159
21660
51658
48331
18633
56094
56746
46765
56276
56643
27970
22426
89658
27554
25752
48166
20575
31157
20302
34484
57913
72330
3432
68475
56991
20394
39844
24898
58937
63467
18186
70309
35719
36828
49823
69925
33328
17904
47941
8700
61769
17410
46243
12773
68424
23064
44930
19193
54817
407
82488
19455
21673
97999
23883
21827
96157
90612
64744
22831
21387
48325
22929
62742
99108
57774
18975
56017
43769
51291
60025
51153
36736
36814
51922
24197
84802
24916
64143
27904
91983
19462
61604
21478
57009
69360
35910
52348
69280
51536
60949
52077
35358
59700
53046
51937
69654
31948
53019
54642
36795
52321
51442
52522
24912
31532
52603
63795
6127
52705
70453
52709
73928
52857
35114
52858
49763
48838
62238
61129
26750
48930
63453
54634
79222
49279
70408
63754
49337
49412
56669
64381
40985
49857
49887
73014
4256
56379
50812
38633
47505
50832
51126
51144
49224
45343
58763
8858
56545
61248
55703
55717
67029
55939
30973
56480
74049
56305
74177
63087
55463
56433
56470
62248
58921
56703
56739
56778
48046
56918
2969
57310
46221
57311
53706
57727
73963
32930
52892
72178
59979
33363
57761
53132
68688
53162
65883
53684
48544
62658
24952
53786
54752
68158
54850
99338
58305
54978
91916
73063
55319
70989
62820
40237
40706
69607
40773
40881
77512
38697
34261
40915
40977
41236
42582
42639
97199
40092
42858
60615
42871
73686
61487
43743
44239
44415
16663
42170
45497
91052
44474
39309
37784
30265
45622
23442
37859
63046
38648
8868
54337
38734
55571
38936
47996
44697
39535
99935
17869
41158
39761
39883
86055
23032
57411
39991
57827
41192
40083
47582
78897
43409
46736
46908
87055
17188
47131
72939
47432
72952
50772
47445
70778
47489
54737
74248
47632
72201
47803
47883
81277
48007
30312
48056
18290
48233
26108
48288
53863
40385
44821
45255
17020
52508
45589
57795
45977
72692
71583
46076
47699
46208
57235
41664
50536
86278
46354
59698
25319
46390
89838
46587
67693
59930
43295
46622
63591
64458
64448
64368
95301
80884
64249
67330
64003
73983
64002
63803
63741
63694
63668
64656
63576
63548
63380
85309
63129
62951
62913
62869
62850
62799
66007
62680
62669
66532
67412
77253
67272
67257
67248
81646
71665
67229
67193
67012
66887
66884
69859
62664
66337
66186
66175
66113
72752
66098
66022
73738
65975
85494
65532
64886
64818
60074
60745
60723
60708
60407
64821
60385
60337
76946
60311
68053
60290
60171
60160
60120
60904
59985
63264
59937
59873
59762
59758
59669
59610
73960
60652
59543
59287
59154
96203
62513
62431
62400
62354
62343
68957
62303
62144
62079
72050
69832
62069
61988
86265
61824
74085
61493
63587
61369
61267
61244
61051
61005
61003
61000
60959
60946
76854
82146
80171
80134
79997
98816
87640
78768
77786
85430
77667
77618
77003
82405
76860
88800
76196
75896
75143
75067
74684
76594
74376
74327
74095
73833
73779
73697
73667
98634
98728
98608
98107
97526
97151
96788
96415
96134
95654
95241
93906
92973
92925
73608
91980
91692
90834
90630
89663
89467
89090
88662
87438
85814
85696
84803
84185
68502
70703
70659
70615
70321
70311
70126
73407
70080
70004
69813
69742
68990
68564
70718
68443
68186
67946
67878
78934
67844
74451
67797
67647
67596
67575
67487
67452
72358
80990
73227
73123
73010
73001
72901
72823
73908
72799
72768
72737
72666
72550
68799
72209
72110
71778
72881
71772
72699
71590
71569
71501
71300
84584
71276
71255
50710
72120
64195
33143
35524
32211
53851
57638
12165
65804
72242
27882
68672
37620
38702
98736
19658
16953
23214
41441
36798
38473
35467
16963
9631
52370
31754
73734
38246
37722
26565
4297
66226
64008
58463
26302
26265
38708
53343
97289
88781
59947
57756
30212
23932
63202
16624
64341
15545
97052
28294
2337
56978
84477
13501
18822
22540
25833
32684
30955
2823
31256
25735
27953
61736
58409
1238
9800
21905
20796
49347
53695
64340
70051
94313
56607
17634
3217
54734
57629
41943
32703
66445
23194
70747
43022
34003
67390
26357
75748
31388
25843
60152
9138
22219
37367
27136
62465
54493
31204
57445
27349
27132
63433
45663
47827
49991
50532
74773
18214
67072
41675
6368
54517
93129
73828
64793
58139
27087
64954
33902
68207
33828
32978
32610
48126
32235
37104
34190
57405
32134
32085
74579
69034
54617
40200
80989
31084
31583
60376
31542
73642
31500
57974
58818
58539
64011
58466
58348
73865
58339
68307
58326
64769
58115
58083
57979
31452
57952
57946
36591
51739
36172
36152
59377
40524
26933
43704
34683
40093
74040
28162
64058
27461
38281
55593
29414
28995
65593
51176
63063
61954
28684
38604
70304
29625
20588
91700
35141
37359
28091
78699
68718
22140
23724
63843
53862
27149
77407
30074
66632
31144
37396
30923
60716
56280
65512
36678
69028
20232
29104
27321
53289
50785
40353
30991
18007
29990
25662
16465
29753
97572
21051
64006
55134
62314
33480
