22400 22534 23617 25231 26436 29427 30137 34033 38905 38978 40693 42648 45319 47732 56263 58641 70980 73374 78692 83136 99224 7683 11854 38958 52600 65199 69530
13179 20395 23221 25490 30376 34782 43753 57038 57660 68941 71734 71813 73783 6820 15273 21753 34607 70089 73067 73813 74255
23850 25042 31011 31018 31393 34397 34684 35173 73378 21652 26665 27859 28423 30590 30644 33523
34386 37280 42041 53686 61238 64105 95863 35828 36115 42904 59891 66191 71277 74060 97591 98726
77625 78750 79503 94693 94977 98037 98095 98304 98906 52011 72112
20942 24213 26204 26838 28287 34917 35490 24232 26857
28897 40225 51934 69950 23385 38093 52537 67198 67632
61709 65367 67534 72081 72976 73201 74201 69612
61582 72161 79590 81711 92618 97043 8520 27101
78909 84054 91185 94013 27779 71685 75763
49450 53342 72989 50150 57035 67988 68554
87019 51261 55763 67348 74094 79232
25461 56016 58155 36718 44640
22285 25501 34959 35276 32075
17280 19305 44498 39287 68915
21657 21756 24799 30865
30271 60322 68227 6159
4587 23742 56597 58732
81072 57274 66872 96963
50028 74289 48610 53062
89996 6274 53509 75717
92865 50278 64970 99664
94966 33313 41004 96317
82201 29563 42987 71401
95629 95791 84783 85437
68238 97508 71754 74306
51151 53425 45001 47278
91114 14411 43628 72972
2080 56085 71304 56623
39219 43866 54526 57977
19566 19835 18181 18929
3560 37367 36812
65255 64064 68786
23699 29242 60089
65251 54894 57734
38824 61419 69116
30929 36314 67632
88699 49252 70060
25887 28916 34874
17998 53972 57260
88138 18372 29042
79176 66443 91302
26715 48223 59236
22403 42715 66281
55916 69402 70327
10055 58874 52413
7436 7696 39139
82455 54165 58520
36711 57030 64491
59609 68463 61072
55045 70307 72665
64003 94128 58417
98935 62375 65221
23055 43707 49537
17435 60537 58231
21589 30988 25450
29268 53720 33022
29260 31858 35094
24646 58838 29999
1982 836 5600
46740 57955 66557
5503 38226 44575
89562 54190 73042
91227 11787 86435
88737 78253 92754
78212 89258 93040
91245 99063 59901
13053 70795 17442
5685 10329 63195
99176 41926 51566
97816 41829 62912
41346 48228
21181 17644
50568 59380
43261 63356
43885 52694
79310 23003
49036 60352
27965 59097
1482 56999
60251 67028
89972 90425
42984 63133
48685 57768
25139 31992
44103 68241
90903 91696
10224 52839
56890 69828
21213 59458
76468 83333
53715 55788
78854 43783
35048 45725
39937 42804
90593 96678
88923 23422
3915 57156
8433 60326
63208 63825
46980 73054
5260 5868
23411 27244
23357 67707
83394 58612
43687 39012
13835 2289
95714 60391
84803 88800
62825 66533
9765 9853
89129 91757
65372 66485
40995 61069
13343 51018
30059 45619
44391 56693
82136 90557
52596 58227
29707 22170
70866 61554
74464 14600
14539 18911
48288 65754
41422 65380
22357 37291
38734 39082
23604 31566
78211 96494
52579 72599
75425 38740
13117 67374
3128 59691
20470 66141
45596 58654
53818 19758
37958 41160
22463 36113
72898 56507
26478 15927
50227 73786
50255 54230
31625 44392
1641 54687
94321 98247
98770 59630
298 65186
61051 19317
54461 68391
13299 54359
27953 22587
54080 56811
22448 29086
45500 68197
44095 61207
75405 30576
4998 63028
50555 60194
54559 57770
36704 39443
97824 24400
97622 38546
17867 38053
29715 21768
34476 42776
15696 18695
70251 55313
89219 99320
87222 92803
51588 71955
7679 66901
32600 577
1629 16983
24519 11150
36958 53794
34053 68363
22831
22798
64143
36106
21387
22929
23110
57774
30049
21827
33078
56017
36803
23883
56094
54775
62472
36965
27133
37114
56049
83737
37159
51658
48331
92481
37180
37246
90503
69432
37271
70542
51689
37272
23194
35616
31005
54294
36591
19377
51739
64793
58139
27087
50785
66668
60514
36725
82272
43022
21673
38048
53574
72410
36922
70747
70309
15972
56276
20575
48166
5124
23064
68424
17410
58937
17904
49823
68475
18186
63467
47941
18633
56746
1584
46765
65129
30750
16333
18646
24197
62742
48325
54817
44538
82488
64744
35910
57009
99565
61604
19462
51647
51922
36814
27057
37043
23459
21660
35467
16963
51291
24898
39844
27554
50767
61857
69360
19455
31157
34484
3432
69191
56991
20394
89658
20867
60025
51153
36736
84802
24916
43769
26264
27904
91983
35719
18938
99108
97999
407
21478
72330
57913
25752
27970
56643
18975
49848
40092
69233
36828
69925
33328
12773
44930
19193
20302
22426
54642
51144
49224
51442
69280
51536
60949
52077
35358
59700
53046
51937
69654
31948
53019
51126
36795
52321
52348
52522
24912
31532
52603
63795
6127
52705
70453
52709
73928
49337
48233
26108
48544
48838
62238
61129
26750
48930
63453
54634
79222
49279
70408
63754
52857
49412
56669
49763
40985
49857
49887
73014
4256
56379
50812
38633
47505
50832
56433
8858
56545
61248
55703
55717
67029
55939
30973
56480
74049
56305
74177
63087
45343
58763
56470
62248
58921
56703
56739
56778
48046
56918
2969
57310
46221
57311
57580
62658
35114
52858
64381
57727
73963
32930
52892
53132
68688
53162
65883
53684
53706
18290
24952
53786
54752
68158
54850
99338
58305
54978
91916
73063
55319
70989
55463
41236
41192
40083
6368
40237
40706
69607
40773
40881
77512
38697
34261
40915
40977
34341
57827
42582
42639
97199
62820
42858
60615
42871
73686
61487
43743
44239
44415
16663
55571
37319
65290
37565
37759
57235
37784
30265
45622
23442
37859
63046
38648
8868
54337
42170
38936
47996
39309
39535
99935
17869
41158
39761
39883
86055
23032
57411
39991
50772
59930
43295
46622
54737
78897
43409
46736
46908
87055
17188
47131
72939
47432
72952
67693
47445
70778
47489
47582
74248
47632
72201
47803
47883
81277
48007
30312
48056
71583
45497
91052
44474
44697
40385
44821
45255
17020
52508
45589
57795
45977
72692
71698
46076
47699
46208
53863
41664
50536
86278
46354
59698
25319
46390
89838
46587
63576
64458
64448
64368
95301
80884
64249
67330
73983
64002
63803
63741
63694
63668
63591
64656
63548
63380
85309
63129
62951
62913
62869
62850
62799
66007
62680
62669
62664
66337
67272
67257
67248
81646
71665
67229
67193
67155
67012
66887
66884
69859
66532
62513
66186
66175
66113
72752
66098
66022
73738
65975
85494
65532
65311
64886
64818
63264
60708
60407
64821
60385
60337
76946
60311
68053
60290
60171
60160
60120
60074
59985
60723
59937
59873
59762
59758
59669
59610
73960
60652
59543
59287
59154
68799
58818
61824
62431
62400
62354
62343
68957
62303
62144
62079
72050
69832
62069
61988
96203
77253
74085
61493
63587
61369
61267
61244
61005
61003
61000
60959
60946
60904
60745
75896
80134
79997
98816
87640
78768
77786
85430
77667
77618
77003
82405
76860
76854
76196
80171
75143
75067
74684
76594
74376
74327
74095
73833
73779
73697
73667
73608
80990
98634
98728
98608
98107
97526
97151
96788
96415
96134
95654
95241
93906
92973
92925
73227
91980
91692
90834
90630
89663
89467
89090
88662
87438
85814
85696
84185
82146
68186
70615
70321
70311
70126
73407
70080
70004
69813
69742
68990
68564
68502
68443
70659
67946
67878
78934
67844
74451
67797
67647
67596
67575
67487
67452
86265
67412
72110
73123
73010
73001
72901
72823
73908
72799
72768
72737
72666
72550
72358
72209
58539
71778
72881
71772
72699
71590
71569
71501
71300
84584
71276
71255
70718
70703
50710
35524
9090
9631
52370
32211
53851
57638
12165
65804
72242
27882
68672
37620
38702
33143
19658
16953
23214
41441
36798
38473
31754
73734
38246
30212
67390
26357
75748
16624
26302
26265
38708
53343
97289
88781
59947
57756
37722
78972
51247
23932
63202
31388
64341
15545
97052
28294
2337
56978
84477
13501
18822
22540
98736
72120
64195
8700
30955
2823
31256
25735
72178
59979
57761
33363
61736
58409
1238
9800
21905
20796
32684
990
49347
53695
25833
70051
94313
56607
17634
3217
54734
57629
41943
32703
34003
25843
60152
9138
22219
23774
96157
90612
89503
42168
27136
62465
54493
31204
58463
27349
27132
63433
45663
47827
49991
50532
74773
18214
67072
41675
54517
64340
80989
33828
32978
32610
48126
32235
37104
34190
93129
32134
32085
74579
69034
54617
40200
68207
31084
31583
60376
31542
73642
31500
31452
66632
31144
37396
30923
60716
56280
57946
64011
58466
58348
73865
58339
68307
58326
64769
58115
58083
57979
57974
57952
27321
36172
36152
59377
40524
26933
43704
34683
40093
74040
57405
73828
64954
33902
28091
28995
65593
51176
63063
61954
28684
38604
70304
28162
20588
91700
35141
37359
36678
78699
68718
22140
23724
63843
53862
27149
77407
57445
26565
4297
66226
64008
64006
53289
30074
40353
30991
18007
29990
25662
16465
29753
61769
46243
97572
21051
66445
55134
62314
33480
29625
64058
27461
38281
55593
29414
69028
20232
29104
65512
