22400 22534 23617 25231 26436 29427 30137 34033 38905 38978 40693 42648 45319 47732 56263 58641 70980 73374 78692 83136 99224 11854
9090 13179 20395 23221 25490 30376 34782 43753 57038 57660 68941 71734 71813 73783 6820 21753 70089 73067 74255
23850 25042 31011 31018 31393 34397 34684 35173 73378 27859 28423 30644
77625 78750 79503 94693 94977 98037 98095 98304 98906 52011
34386 37280 42041 53686 61238 64105 95863 59891 74060
61709 65367 67534 72081 72976 73201 74201 69612
20942 24213 26204 28287 34917 35490 24232
61582 72161 79590 81711 92618 97043 8520
34341 78909 84054 91185 94013 71685
28897 40225 51934 69950 23385
19566 19835 18181 18929
30271 60322 68227 6159
4587 23742 56597 58732
21657 21756 24799 30865
23604 31566 34959 35276
81072 57274 96963
5685 10329 63195
51151 53425 47278
49450 53342 72989
24646 58838 29999
25461 56016 58155
29260 31858 35094
46740 57955 66557
29268 53720 33022
17280 19305 44498
62513 68238 97508
78212 89258 93040
55045 70307 72665
21589 30988 25450
59609 68463 61072
10055 58874 52413
36711 57030 64491
26715 48223 59236
3915 57156 65311
88737 78253 92754
23699 29242 60089
2080 56085 71304
91245 99063 59901
43885 52694
45596 58654
37958 41160
90903 91696
45500 68197
25139 31992
5503 38226
94321 98247
20470 66141
79310 23003
43866 54526
22357 37291
88923 23422
60251 67028
52596 58227
82455 58520
13835 2289
65372 66485
50555 60194
50255 54230
48685 57768
65251 54894
90593 96678
53715 55788
41346 48228
49036 60352
30059 45619
44474 67878
46980 73054
13053 70795
89996 6274
63208 63825
38824 69116
89129 91757
70866 61554
23194 26838
80171 96157
17435 60537
13117 67374
21213 59458
99176 51566
42984 63133
7679 66901
1629 16983
34053 68363
95714 60391
23055 43707
298 65186
25887 34874
30929 36314
14539 18911
8433 60326
88699 49252
15696 18695
1982 836
17998 53972
39219 57977
35048 45725
54559 57770
34476 42776
55916 69402
22403 42715
4998 63028
36958 53794
39937 42804
87019 55763
22448 29086
44095 61207
13299 54359
25501 32075
23411 27244
50568 59380
43261 63356
97816 62912
95629 95791
75425 38740
50028 74289
78854 43783
51588 71955
82136 90557
89562 54190
82201 42987
84803 88800
78211 96494
89972 90425
70251 55313
52579 72599
22426
20302
12773
19193
91916
44930
9765
20394
89658
54978
27554
69360
19455
21673
31157
58305
34484
22285
3432
56991
18646
25752
23459
51647
55463
18938
99108
97999
70989
407
21478
72330
57913
46243
27970
56643
18975
35719
36828
69925
33328
55319
61769
73063
36725
60514
54080
31005
54294
53786
36591
51739
64793
58139
27087
24952
66668
35616
23357
82272
36803
38048
53574
72410
36922
92481
54775
62472
62658
53706
36965
22463
99338
60025
51153
36736
84802
24916
43769
27904
91983
54850
23883
21827
39844
68158
22831
21387
22929
54752
57774
30049
55703
61248
56017
64143
23110
56470
50785
62248
8700
990
78972
51247
3560
33078
36106
22798
49848
19377
43022
26264
20867
56433
69191
45343
63087
61857
50767
74177
69233
56305
1584
48046
57580
25833
57311
70051
46221
94313
56607
57310
2969
56918
17634
3217
74049
54734
57629
41943
56778
3128
83394
56739
32703
66445
70747
56703
58921
18186
56276
20575
56545
48166
23064
68424
17410
17867
58937
17904
49823
70309
55717
63467
47941
18633
56746
46765
8858
27057
58763
21660
37114
65129
30750
64744
5124
15972
56480
30973
37043
99565
55939
44538
62742
48325
54817
82488
16333
35910
57009
67029
61604
19462
24197
51922
36814
51291
24898
68475
54737
46354
59698
25319
46390
89838
51937
46587
53046
67693
59700
59930
43295
46622
86278
78897
43409
46736
46908
35358
87055
17188
47131
72939
47432
72952
50772
54642
44821
24912
52522
45255
52348
17020
52508
54461
45589
57795
52321
36795
47445
53019
45977
72692
71583
46076
47699
31948
69654
46208
53863
41664
50536
40985
51536
54634
79222
49279
70408
63754
69280
49337
49412
21181
56669
51442
49763
27965
49224
49857
56890
49887
73014
51144
4256
56379
51126
50832
50812
38633
30312
70778
47489
47582
74248
52077
47632
72201
60949
47803
47883
81277
48007
40385
48056
18290
48233
26108
48288
48544
48838
62238
61129
26750
48930
63453
54337
52892
37784
30265
50227
45622
23442
32930
37859
63046
73963
38648
8868
52858
57235
38734
55571
24519
38936
47996
35114
39309
87222
39535
99935
17869
41158
37180
27133
47505
56049
83737
65883
53162
37159
68688
53132
51658
48331
56094
39761
37246
90503
69432
37271
70542
51689
37272
71698
37319
65290
37565
37759
42871
40977
40995
70453
52705
41236
6127
42582
42639
97199
62820
42858
60615
53818
73686
61487
43743
63795
52603
31532
44239
44415
16663
42170
45497
44697
40237
39883
86055
52857
54517
23032
44103
57411
39991
57827
41192
40083
40092
53684
7436
73928
40706
69607
40773
40881
52709
41422
77512
38697
34261
40915
63694
64818
64656
64458
64448
64368
95301
80884
64249
67330
64003
73983
64002
63803
63741
64886
63668
63591
63576
63548
63380
85309
63129
62951
62913
62869
62850
62825
62799
66007
69859
86265
67412
77253
67272
67257
67248
81646
71665
67229
67193
67155
67012
66887
66884
62680
66532
66337
66186
66175
66113
72752
66098
66022
73738
65975
85494
65532
65255
98935
60745
60723
60708
60407
89219
64821
60385
60337
76946
60311
68053
60290
60171
60160
60904
60120
60074
59985
63264
59937
59873
59762
59758
59669
59610
73960
60652
59543
59287
96203
62669
62664
62431
62400
62354
62343
68957
62303
62144
62079
72050
69832
62069
61988
67452
61824
74085
61493
63587
61369
61267
61244
61051
61005
61003
61000
60959
60946
82405
85814
85696
84185
82146
80134
79997
98816
87640
78768
77786
85430
77667
77618
77003
87438
76860
76854
76196
75896
75405
75143
75067
74684
76594
74376
74327
74095
73833
73779
92973
98728
98608
98107
97622
97526
97151
96788
96415
96134
95654
95241
94966
94128
93906
73697
92925
92865
98634
91980
91692
91227
91052
90834
90630
89663
89467
89090
88662
68990
71255
70718
70703
70659
70615
70321
70311
70126
73407
70080
70004
69813
69742
97824
71276
68564
68502
68443
68186
67946
78934
67844
74451
67797
67647
76468
67596
67575
67487
72666
73667
73608
80990
73227
73123
73010
73001
72901
72898
72823
73908
72799
72768
72737
59154
72550
72358
72209
72110
71778
72881
71772
72699
71590
71569
71501
71300
84584
68672
98736
72120
13343
64195
33143
29707
35524
32211
53851
12165
65804
1482
72242
27882
22540
37620
38702
50710
19658
16953
23214
41441
10224
36798
38473
35467
16963
9631
52370
23932
26565
26478
4297
66226
64008
58463
26302
26265
38708
53343
97289
88781
59947
37722
31754
44391
63202
16624
64341
15545
97052
28294
2337
56978
43687
84477
13501
18822
88138
74773
18214
67072
1641
41675
6368
91114
98770
64340
32684
56811
30955
2823
31256
50532
25735
27953
72178
59979
57761
33363
61736
58409
1238
9800
5260
21905
20796
49347
90612
73734
38246
30212
36704
67390
26357
75748
31388
25843
60152
9138
22219
37367
23774
57445
89503
42168
27136
62465
54493
31204
34003
27349
27132
63433
45663
47827
49991
93129
74040
57405
73828
64954
33902
68207
33828
32978
32610
48126
32600
32235
37104
34190
40093
32134
32085
74579
69034
54617
40200
31625
80989
31084
31583
60376
31542
73642
31500
57974
68799
58818
58539
64011
58466
58348
73865
58339
68307
58326
64769
58115
58083
57979
31452
57952
57946
57756
64381
57727
57638
36172
36152
59377
40524
26933
43704
34683
70304
69028
20232
29104
65512
36678
74464
28995
65593
51176
63063
61954
28684
38604
79176
29414
28162
20588
91700
35141
37359
28091
78699
68718
22140
23724
63843
53862
27149
77407
16465
66632
31144
37396
30923
60716
56280
27321
53289
30074
40353
30991
18007
29990
25662
53695
29753
29715
97572
21051
64006
55134
62314
33480
29625
64058
27461
38281
55593
