22400 22534 23617 25231 26436 29427 30137 34033 38905 38978 40693 42648 45319 47732 56263 58641 70980 73374 78692 83136 99224 7683 11854 38958 52600 65199 69530
9090 13179 20395 23221 25490 30376 34782 43753 57038 57660 68941 71734 71813 73783 6820 15273 21753 34607 60038 70089 73067 73813 74255
34386 37280 42041 53686 61238 64105 95863 35828 36115 42904 59891 66191 71277 74060 97591 98726
20942 22285 24213 25501 26204 26838 28287 34917 35276 35490 24232 26857 32075 32410
23214 23850 25042 31011 31157 35173 73378 21652 26665 30590 30644 33523
77625 78750 79503 94693 94977 98037 98095 98304 98906 52011 72112
28897 40225 51934 69950 23385 38093 52537 57547 67198 67632
34341 78909 84054 91185 94013 27779 68675 71685 75763
61709 65367 67534 72081 72976 73201 74201 69612
61582 72161 79590 81711 92618 97043 8520 27101
49450 53342 72989 50150 57035 67988 68554
87019 51261 55763 67348 74094 79232 82469
89996 6274 43395 46440 53509 75717
88138 18372 29042 38624 70052
25461 56016 58155 36718 44640
62513 68238 97508 71754 74306
82455 44764 54165 58520 60882
81072 57274 59083 66872 96963
82201 29563 42987 58491 71401
92865 50278 64970 99664
91227 11787 31143 86435
21657 21756 24799 30865
79176 66443 88571 91302
17280 44498 39287 68915
19566 19835 18181 18929
2080 56085 71304 56623
4587 23742 56597 58732
94966 33313 41004 96317
95629 95791 84783 85437
51151 53425 45001 47278
30271 60322 68227 6159
50028 74289 48610 53062
91114 14411 43628 72972
10055 58874 52413
74464 14600 66024
17998 53972 57260
30929 36314 67632
34397 34684 27859
43261 63356 57961
25887 28916 34874
50568 59380 73371
29260 31858 35094
88923 16346 23422
17435 60537 58231
98935 62375 65221
46740 57955 66557
23055 43707 49537
89129 60725 91757
38824 61419 69116
59609 68463 61072
55045 70307 72665
65255 64064 68786
1982 836 5600
44103 58802 68241
40995 58840 61069
23411 27244 11619
23699 29242 60089
21181 17644 70058
88699 49252 70060
7436 7696 39139
29268 53720 33022
65251 54894 57734
36711 57030 64491
24646 58838 29999
89562 54190 73042
26715 48223 59236
78212 89258 93040
91245 99063 59901
99176 41926 51566
5685 10329 63195
27953 21878 22587
5503 38226 44575
55916 69402 70327
22403 42715 66281
94321 24469 98247
88737 78253 92754
3915 57156 65311
82146 25808 47540
21589 30988 25450
97816 41829 62912
13053 70795 17442
48288 65754
23357 67707
14539 18911
89972 90425
1482 56999
52596 58227
32134 55372
27965 59097
44391 56693
5260 5868
43885 52694
22463 36113
49036 60352
41422 65380
56890 69828
62144 55645
42984 63133
21213 59458
97572 43002
41346 48228
10224 52839
90903 91696
13501 73878
63202 73404
62825 66533
43866 54526
22357 37291
8433 60326
95714 60391
63208 63825
46980 73054
97622 38546
3128 59691
9765 9853
45500 68197
43687 39012
89219 99320
60251 67028
83394 58612
94128 58417
54461 68391
79310 23003
65372 66485
13343 51018
70866 61554
30059 45619
3560 36812
29715 21768
81277 29055
29707 22170
44095 61207
72898 56507
1629 16983
7679 66901
87222 92803
34476 42776
96788 76640
52579 72599
75425 38740
13117 67374
36958 53794
33902 39861
31625 44392
53818 19758
13835 2289
39219 57977
76468 83333
98770 59630
20470 66141
24519 11150
45596 58654
1641 54687
32600 577
38734 39082
75405 30576
37958 41160
298 65186
13299 54359
8868 68765
54080 56811
22448 29086
78211 96494
50227 73786
27087 67936
84803 88800
26478 15927
48685 57768
90593 96678
50255 54230
50555 60194
82136 90557
36704 39443
84802 32555
97824 24400
53715 55788
25139 31992
61051 19317
31084 28253
34053 68363
15696 18695
4998 63028
54559 57770
51588 71955
78854 43783
17867 38053
70251 55313
45497 56133
35048 45725
39937 42804
21827
23883
21673
19455
69925
37159
36922
92481
54775
62472
36965
27133
37114
56049
83737
72410
51658
48331
56094
37180
37246
90503
69432
37271
54294
21387
22929
57774
30049
56017
64143
23110
60514
31005
22831
36172
36591
51739
64793
58139
66668
35616
36725
24898
48325
54817
82488
64744
35910
57009
61604
19462
24197
51922
36814
51291
62742
68475
56276
23064
68424
17410
58937
17904
49823
70309
18186
63467
26264
70747
43022
50785
8700
990
78972
51247
33078
36106
22798
49848
19377
47941
20867
69191
61857
50767
69233
1584
5124
15972
37043
99565
44538
34484
33328
61769
46243
20575
48166
12773
44930
19193
20302
22426
89658
27554
39991
3432
56991
20394
39844
60025
51153
36736
24916
43769
27904
91983
99108
18633
56746
46765
27057
21660
23459
65129
30750
16333
18646
51647
18938
69360
97999
407
21478
72330
57913
25752
27970
56643
18975
35719
36828
54642
51144
49224
51442
69280
51536
60949
52077
35358
59700
53046
51937
69654
31948
53019
51126
36795
52321
52348
52522
31566
24912
31532
52603
63795
6127
52705
70453
52709
49337
26108
48544
48838
62238
61129
26750
48930
63453
54634
79222
49279
70408
63754
73928
49412
56669
49763
40985
49857
49887
73014
4256
56379
50812
38633
47505
50832
56433
8858
56545
61248
55703
55717
67029
55939
30973
56480
74049
56305
74177
63087
45343
58763
56470
62248
58921
56703
56739
56778
48046
56918
2969
57310
46221
57311
57580
62658
52857
35114
52858
73963
32930
52892
53132
68688
53162
65883
19305
53684
53706
48233
24952
53786
54752
68158
54850
99338
58305
54978
91916
73063
55319
70989
55463
40915
57411
49991
57827
41192
40083
40092
40237
40706
69607
40773
40881
77512
38697
34261
23032
40977
41236
42582
42639
97199
62820
42858
60615
42871
73686
61487
43743
44239
63046
51689
37272
71698
37319
65290
37565
37759
57235
37784
30265
45622
23442
37859
44415
38648
54337
55571
38936
47996
39309
39535
99935
17869
41158
39761
39883
86055
50772
59930
43295
46622
54737
78897
43409
46736
46908
87055
17188
47131
72939
47432
72952
67693
47445
70778
47489
47582
74248
47632
72201
47803
47883
48007
30312
48056
18290
71583
16663
42170
91052
44474
40385
44821
45255
17020
52508
45589
57795
45977
72692
70542
46076
47699
46208
53863
41664
50536
86278
46354
59698
25319
46390
89838
46587
63548
64368
95301
80884
64249
67330
64003
73983
64002
63803
63741
63694
63668
63591
63576
64448
63380
85309
63129
62951
62913
62869
62850
62799
66007
62680
62669
62664
62431
66186
67257
67248
81646
71665
67229
67193
67155
67012
66887
66884
69859
66532
66337
62400
66175
66113
72752
66098
66022
73738
65975
85494
65532
64886
64818
64656
64458
59873
60385
60337
76946
60311
68053
60290
60171
60160
60120
60074
59985
63264
59937
64821
59762
59758
59669
59610
73960
60652
59543
59287
59154
68799
58818
58539
64011
63587
62354
62343
68957
62303
62079
72050
69832
62069
61988
96203
61824
74085
61493
67272
61369
61267
61244
61005
61003
61000
60959
60946
60904
60745
60723
60708
60407
75143
98816
87640
78768
77786
85430
77667
77618
77003
82405
76860
76854
76196
75896
79997
75067
74684
76594
74376
74327
74095
73833
73779
73697
73667
73608
80990
73227
91980
98728
98608
98107
97526
97151
96415
96134
95654
95241
93906
92973
92925
98634
73123
91692
90834
90630
89663
89467
89090
88662
87438
85814
85696
84185
80171
80134
67946
70321
70311
70126
73407
70080
70004
69813
69742
68990
68564
68502
68443
68186
70615
67878
78934
67844
74451
67797
67647
67596
67575
67487
67452
86265
67412
77253
71778
73010
73001
72901
72823
73908
72799
72768
72737
72666
72550
72358
72209
72110
58466
72881
71772
72699
71590
71569
71501
71300
84584
71276
71255
70718
70703
70659
36798
32211
53851
12165
65804
72242
27882
68672
37620
38702
50710
19658
16953
41441
35524
38473
35467
16963
9631
52370
31754
73734
38246
30212
67390
26357
75748
31388
16624
31393
82272
36803
37722
23932
53574
38048
32085
74579
69034
54617
40200
23604
25843
64341
15545
97052
28294
2337
56978
84477
18822
22540
98736
72120
64195
33143
21905
32684
30955
2823
31256
25735
72178
59979
57761
33363
61736
58409
1238
9800
64340
20796
49347
25833
70051
94313
56607
17634
3217
54734
57629
41943
32703
66445
34003
60152
9138
22219
37367
23774
96157
90612
89503
42168
27136
62465
54493
31204
59947
27349
27132
53695
63433
45663
47827
50532
74773
18214
67072
41675
6368
54517
31500
33828
32978
32610
48126
32235
37104
34190
93129
80989
31583
60376
31542
73642
68207
31452
66632
31144
37396
30923
60716
56280
27321
53289
30074
40353
30991
18007
64381
58348
73865
58339
68307
58326
64769
58115
58083
57979
57974
57952
57946
57756
29990
57727
57638
36152
59377
40524
26933
43704
34683
40093
74040
57405
73828
64954
26565
91700
35141
37359
28091
78699
68718
22140
23724
63843
53862
27149
77407
57445
20588
29414
34959
44697
4297
66226
64008
58463
26302
26265
38708
53343
97289
88781
69028
25662
16465
29753
21051
64006
55134
62314
33480
29625
64058
27461
38281
55593
23194
20232
29104
65512
36678
28995
65593
51176
63063
61954
28684
38604
70304
28162
