20942 22285 23194 23214 23774 23850 24213 25042 25501 26204 26838 28287 31011 31157 34917 34959 35173 35276 35490 73378 21652 24232 26665 26857 30590 30644 32075 33523
22400 22534 23617 25231 26436 29427 30137 34033 38905 38978 40693 42648 45319 47732 56263 58641 70980 73374 78692 83136 99224 7683 11854 38958 52600 65199 69530
9090 13179 20395 23221 25490 30376 34782 43753 57038 57660 68941 71734 71813 73783 6820 15273 21753 34607 70089 73067 73813 74255
34386 37280 42041 53686 61238 64105 95863 35828 36115 42904 59891 66191 71277 74060 97591 98726
77625 78750 79503 94693 94977 98037 98095 98304 98906 52011 72112
34341 78909 84054 91185 94013 27779 71685 75763
61582 72161 79590 81711 92618 97043 8520 27101
28897 40225 51934 69950 23385 38093 52537 67198
87019 51261 55763 67348 74094 79232
61709 65367 67534 73201 69612
4587 23742 56597 58732
25461 56016 58155 44640
89996 6274 53509 75717
82201 29563 42987 71401
30271 60322 68227 6159
51151 53425 45001 47278
19566 19835 18181 18929
68238 97508 71754 74306
17280 44498 39287 68915
91114 14411 43628 72972
95629 95791 84783 85437
2080 56085 71304 56623
49450 53342 72989 68554
21657 21756 24799 30865
34397 34684 27859
65255 64064 68786
10055 58874 52413
72081 72976 74201
65251 54894 57734
7436 7696 39139
55045 70307 72665
59609 68463 61072
98935 62375 65221
66098 76468 83333
46740 57955 66557
17435 60537 58231
29260 31858 35094
3915 57156 65311
99176 41926 51566
5503 38226 44575
5685 10329 63195
13053 70795 17442
17998 53972 57260
88699 49252 70060
24646 58838 29999
39219 40524 57977
21589 30988 25450
29268 53720 33022
82455 54165 58520
23055 43707 49537
23699 29242 60089
36711 57030 64491
55916 69402 70327
26715 48223 59236
78212 89258 93040
81072 57274 96963
88737 78253 92754
91245 99063 59901
89562 54190 73042
97816 41829 62912
50028 74289 53062
38824 69116
46980 73054
9765 9853
62825 66533
13343 51018
95714 60391
1982 836
89129 91757
21213 59458
43687 39012
90903 91696
8433 60326
44391 56693
42984 63133
94321 98247
45500 68197
27965 59097
48685 57768
34053 68363
56890 69828
7679 66901
75425 38740
1629 16983
21181 17644
41346 48228
49036 60352
92865 99664
36704 39443
78854 43783
14539 18911
30059 45619
65372 66485
1482 56999
59762 72952
63208 63825
32600 577
35048 45725
54559 57770
44103 68241
53715 55788
39937 42804
34476 42776
43261 63356
50568 59380
87222 92803
79176 66443
36958 53794
24519 11150
4998 63028
29715 21768
22403 42715
31625 44392
50227 73786
44095 61207
43866 54526
45596 58654
37958 41160
98770 59630
89219 99320
91227 86435
60251 67028
43885 52694
79310 23003
20470 66141
22463 36113
26478 15927
89972 90425
82136 90557
88923 23422
52596 58227
41422 65380
23411 27244
22448 29086
22357 37291
97824 24400
17867 38053
78211 96494
97622 38546
1641 54687
75405 30576
298 65186
3560 36812
72898 56507
13835 2289
52579 72599
83394 58612
70866 61554
54080 56811
5260 5868
13299 54359
30929 36314
50555 60194
25887 34874
13117 67374
94128 58417
25139 31992
15696 18695
51588 71955
90593 96678
53818 19758
94966 33313
70251 55313
50255 54230
54294
31005
41441
62742
57310
60514
23357
23110
74049
82488
36736
57009
69360
19455
21673
56918
35910
23883
21827
64744
2969
64143
74177
22831
21387
22929
63087
57774
56305
54817
30049
56017
48325
37180
83737
50767
61857
57311
69191
20867
37159
30973
51658
48331
56094
56049
37246
26264
90503
99935
69432
37271
70542
51689
37272
71698
5124
64793
58139
27087
66668
35616
36725
72410
99565
37043
36922
15972
44538
92481
1584
69233
54775
62472
36965
56480
27133
46221
37114
25752
51647
18938
99108
97999
58937
407
21478
72330
56703
57913
18646
27970
56643
18975
35719
17410
36828
69925
33328
61769
46243
27057
96157
90612
89503
42168
47941
18633
63467
56746
46765
18186
68424
56739
21660
23459
10224
70309
49823
65129
30750
16333
17904
48046
27554
34484
3432
56991
51291
20394
39844
36814
51922
24197
24898
60025
51153
84802
56433
19462
24916
61604
43769
27904
45343
74579
23064
58921
20575
48166
12773
56276
44930
19193
20302
32085
91983
62248
69034
54617
56778
56470
68475
40200
23604
22426
89658
4256
54634
79222
49279
70408
63754
49337
49412
56669
49763
40985
49857
49887
73014
63453
56379
70747
43022
50785
50812
38633
47505
50832
51126
51144
49224
51442
69280
30312
47432
50772
47445
70778
47489
47582
74248
47632
72201
47803
47883
81277
48007
51536
48056
18290
48233
26108
48288
48544
48838
62238
61129
70989
26750
48930
65883
52858
64381
57727
73963
32930
52892
72178
59979
33363
57761
53132
68688
53162
35114
19305
53684
53706
62658
24952
53786
54752
68158
54850
99338
58305
54978
73063
52522
60949
52077
35358
59700
53046
51937
69654
31948
53019
54642
36795
52321
52348
72939
31566
24912
31532
55319
52603
63795
6127
52705
70453
52709
73928
52857
40773
86055
23032
57411
39991
55703
57827
41192
40083
40092
40237
61248
40706
69607
39883
40881
57580
77512
38697
34261
40915
40977
40995
41236
56545
42582
42639
97199
54337
65290
37565
37759
57235
37784
30265
55939
45622
23442
37859
63046
38648
8868
62820
38734
55571
38936
47996
67029
39309
39535
91916
17869
41158
39761
55717
67693
46208
8858
58763
53863
41664
50536
86278
46354
59698
25319
46390
89838
46587
47699
59930
43295
46622
54737
78897
43409
46736
55463
46908
87055
17188
47131
44697
42858
60615
42871
73686
61487
43743
44239
44415
16663
42170
45497
91052
44474
37319
40385
44821
45255
17020
52508
54461
45589
57795
45977
72692
71583
46076
63591
64458
64448
64368
95301
80884
64249
67330
64003
73983
64002
63803
63741
63694
63668
64656
63576
63548
63380
85309
63129
62951
62913
62869
62850
62799
66007
62680
62669
66532
77253
67272
67257
67248
81646
71665
67229
67193
67155
67012
66887
66884
69859
62664
66445
66337
66186
66175
66113
72752
66022
73738
65975
85494
65532
64886
64818
59985
60723
60708
60407
64821
60385
60337
76946
60311
68053
60290
60171
60160
60120
60074
60745
63264
59937
59873
59758
59669
59610
73960
60652
59543
59377
59287
59154
68799
96203
62513
62431
62400
62354
62343
68957
62303
62144
62079
72050
69832
62069
61988
67412
61824
61493
63587
61369
61267
61244
61051
61005
61003
61000
60959
60946
60904
76196
80171
80134
79997
98816
87640
78768
77786
85430
77667
77618
77003
82405
76860
76854
82146
75896
75143
75067
74684
76594
74376
74327
74095
73833
73779
73697
73667
73608
91980
98728
98608
98107
97526
97151
96415
96134
95654
95241
93906
92973
92925
98634
80990
91692
90834
90630
89663
89467
89090
88662
87438
85814
85696
84803
84185
88800
68443
70703
70659
70615
70321
70311
70126
73407
70080
70004
69813
69742
68990
68564
68502
70718
68186
67946
67878
78934
67844
74451
67797
67647
67596
67575
67487
67452
86265
72209
73227
73123
73010
73001
72901
72823
73908
72799
72768
72737
72666
72550
72358
58818
72110
74085
71778
72881
71772
72699
71590
71569
71501
71300
84584
71276
71255
36798
35524
32211
53851
57638
12165
65804
72242
27882
68672
37620
38702
50710
19658
16953
33143
38473
35467
16963
9631
52370
31754
73734
38246
30212
67390
26357
75748
31388
64341
97289
88781
59947
57756
31393
82272
36803
37722
23932
53574
38048
63202
16624
25843
15545
97052
28294
2337
56978
84477
13501
18822
22540
29707
98736
72120
64195
17634
88138
25735
27953
61736
58409
1238
9800
21905
20796
49347
25833
70051
94313
56607
31256
3217
54734
57629
41943
3128
8700
990
78972
51247
33078
36106
22798
49848
45663
60152
9138
22219
37367
27136
62465
54493
31204
34003
27349
27132
53695
63433
53343
47827
49991
50532
74773
18214
67072
41675
6368
54517
64340
32684
30955
2823
31583
33902
68207
33828
32978
32703
32610
48126
32235
37104
34190
93129
32134
80989
31084
64954
60376
31542
73642
31500
31452
66632
31144
37396
30923
60716
56280
65512
36678
57952
58539
64011
58466
58348
73865
58339
68307
58326
64769
58115
58083
57979
57974
69028
57946
36591
51739
36172
36152
26933
43704
34683
40093
74040
57405
73828
96788
23724
63063
61954
28684
38604
70304
28162
20588
91700
35141
37359
28091
78699
68718
22140
51176
63843
53862
27149
77407
57445
26565
4297
66226
64008
58463
26302
26265
38708
21051
20232
29104
27321
53289
30074
40353
30991
18007
29990
25662
16465
29753
97572
19377
64006
55134
62314
33480
29625
64058
27461
38281
55593
29414
74464
28995
65593
