22400 22534 23617 25231 26436 29427 30137 34033 38905 38978 40693 42648 45319 47732 56263 58641 70980 73374 78692 83136 99224 7683 11854 38958 52600 65199 69530
20942 22285 23194 23850 24213 25042 26204 26838 28287 31011 34917 34959 35276 35490 73378 21652 24232 26665 26857 30590 30644 33523
13179 20395 23221 25490 30376 34782 43753 57038 57660 68941 71734 71813 73783 6820 15273 21753 34607 70089 73067 73813 74255
34386 37280 42041 53686 61238 64105 95863 35828 36115 42904 59891 66191 71277 74060 97591 98726
31452 78750 79503 94693 94977 98037 98095 98304 98906 52011 72112
28897 40225 51934 69950 23385 38093 52537 67198 67632
57638 61709 65367 67534 72081 72976 73201 74201 69612
61582 72161 79590 81711 92618 97043 8520 27101
87019 51261 55763 67348 74094 79232 82469
78909 84054 91185 94013 27779 71685 75763
49450 53342 72989 50150 57035 67988 68554
89996 6274 43395 46440 53509 75717
31018 31393 34397 34684 27859 28423
81072 57274 59083 66872 96963
62513 68238 97508 71754 74306
82455 44764 54165 58520 60882
25461 56016 58155 36718 44640
91114 14411 43628 72972
50028 74289 48610 53062
82201 29563 42987 71401
79176 66443 88571 91302
2080 56085 71304 56623
21657 21756 24799 30865
17280 44498 39287 68915
19566 19835 18181 18929
67155 99176 41926 51566
4587 23742 56597 58732
94966 33313 41004 96317
95629 95791 84783 85437
30271 60322 68227 6159
51151 53425 45001 47278
92865 50278 64970 99664
17998 53972 57260
23411 27244 11619
55045 70307 72665
88699 49252 70060
59609 68463 61072
10055 58874 52413
21181 17644 70058
65255 64064 68786
40995 58840 61069
23055 43707 49537
25501 32075 32410
65251 54894 57734
98935 62375 65221
26715 48223 59236
29268 53720 33022
64003 94128 58417
17435 60537 58231
46740 57955 66557
30929 36314 67632
24646 58838 29999
94321 24469 98247
89129 60725 91757
21589 30988 25450
38824 61419 69116
1982 836 5600
29260 31858 35094
89562 54190 73042
3915 57156 65311
97816 41829 62912
55916 69402 70327
22403 42715 66281
91245 99063 59901
91227 11787 86435
5503 38226 44575
39219 40524 57977
88138 18372 29042
88737 78253 92754
50568 59380 73371
5685 10329 63195
43261 63356 57961
13053 70795 17442
25887 28916 34874
78212 89258 93040
44103 58802 68241
36711 57030 64491
27953 21878 22587
7436 7696 39139
63208 63825
4998 63028
8433 60326
59762 72952
31625 44392
88923 23422
46980 73054
65372 66485
36958 53794
42984 63133
44391 56693
62825 66533
21213 59458
8868 68765
78211 96494
53715 55788
49036 60352
27965 59097
14539 18911
1482 56999
48288 65754
96788 76640
52596 58227
95714 60391
9765 9853
50227 73786
81277 29055
30059 45619
43687 39012
29715 21768
97572 43002
41422 65380
37958 41160
43866 54526
60251 67028
79310 23003
43885 52694
44095 61207
35048 45725
26478 15927
45497 56133
89219 99320
39937 42804
54559 57770
13501 73878
22463 36113
45500 68197
54461 68391
38734 39082
61051 19317
74464 14600
45596 58654
23357 67707
20470 66141
34476 42776
87222 92803
13343 51018
29707 22170
90903 91696
62144 55645
84802 32555
24519 11150
32600 577
27087 67936
7679 66901
3128 59691
90593 96678
52579 72599
48685 57768
50255 54230
298 65186
50555 60194
89972 90425
13835 2289
97824 24400
15696 18695
36704 39443
70866 61554
13117 67374
75425 38740
25139 31992
17867 38053
1629 16983
44474 67878
5260 5868
70251 55313
82136 90557
34053 68363
78854 43783
80171 96157
51588 71955
22357 37291
98770 59630
17020 57761
97622 38546
22448 29086
53818 19758
54080 56811
1641 54687
13299 54359
41346 48228
75405 30576
3560 36812
23699 29242
10224 52839
56890 69828
83394 58612
72898 56507
76468 83333
35616
66668
36725
60514
82272
35467
23110
51922
16963
58139
61604
31005
19462
36814
64793
51739
36591
72410
54294
36172
24197
61857
56049
83737
15972
5124
1584
69233
37159
50767
51658
37043
48331
56094
69191
20867
37180
37246
90503
69432
37271
54775
38048
57009
35910
53574
64744
32930
82488
36922
92481
36803
54817
48325
62472
62742
36965
44538
27133
37114
99565
3432
18646
16333
19193
20302
22426
89658
27554
31157
34484
51647
30750
65129
56991
20394
39844
23459
21660
27057
46765
33328
25752
56643
57913
72330
21478
18975
35719
36828
69925
60025
407
20575
48166
12773
97999
99108
39991
44930
18938
52892
23064
21673
23883
56276
21827
68475
22831
21387
24898
68424
27970
22929
73963
33363
59979
72178
57774
30049
56017
24916
56746
51153
36736
18633
51291
47941
63467
18186
70309
64143
49823
43769
17904
58937
27904
91983
69360
19455
17410
53019
51126
51144
49224
51442
69280
51536
60949
52077
35358
59700
53046
51937
69654
31948
50832
54642
36795
52321
52348
52522
31566
24912
31532
52603
63795
6127
52705
70453
56669
48544
48838
62238
61129
26750
48930
63453
54634
79222
49279
70408
63754
49337
49412
52709
49763
40985
49857
49887
73014
4256
56379
70747
43022
50785
50812
38633
47505
94313
61248
55703
55717
67029
55939
30973
56480
74049
56305
74177
63087
45343
56433
56470
56545
56607
62248
58921
56703
56739
56778
48046
56918
2969
57310
46221
57311
57580
53786
73928
52857
35114
52858
53132
68688
53162
65883
19305
53684
53706
62658
24952
26108
54752
68158
54850
99338
58305
54978
91916
73063
55319
70989
55463
58763
8858
40915
57411
18214
57827
41192
40083
40092
40237
40706
69607
40773
40881
77512
38697
34261
23032
40977
34341
60089
41236
42582
42639
97199
62820
42858
60615
42871
73686
61487
63046
51689
37272
71698
37319
65290
37565
37759
57235
37784
30265
45622
23442
37859
43743
38648
54337
55571
38936
47996
39309
39535
99935
17869
41158
39761
39883
86055
47445
59930
43295
46622
54737
78897
43409
46736
46908
87055
17188
47131
72939
47432
50772
67693
70778
47489
47582
74248
47632
72201
47803
47883
48007
30312
48056
18290
48233
71583
44239
44415
16663
42170
44697
40385
44821
45255
52508
45589
57795
45977
72692
70542
46076
47699
46208
53863
41664
50536
86278
46354
59698
25319
46390
89838
46587
63668
64656
64458
64448
64368
95301
80884
64249
67330
73983
64002
63803
63741
63694
64818
63591
63576
63548
63380
85309
63129
62951
62913
62869
62850
62799
66007
62680
66532
67412
77253
67272
67257
67248
81646
71665
67229
67193
67012
66887
66884
69859
62669
66445
66337
66186
66175
66113
72752
66098
66022
73738
65975
85494
65532
64886
63264
60407
64821
60385
60337
76946
60311
68053
60290
60171
60160
60120
60074
59985
60708
59937
59873
59758
59669
59610
73960
60652
59543
59377
59287
59154
68799
58818
61824
62664
62431
62400
62354
62343
68957
62303
62079
72050
69832
62069
61988
96203
86265
61493
63587
61369
61267
61244
61005
61003
61000
60959
60946
60904
60745
60723
76860
82146
80134
79997
98816
87640
78768
77786
85430
77667
77625
77618
77003
82405
88800
76854
76196
75896
75143
75067
74684
76594
74376
74327
74095
73833
73779
73697
91980
98728
98608
98107
97526
97151
96415
96134
95654
95241
93906
92973
92925
98634
73667
91692
91052
90834
90630
89663
89467
89090
88662
87438
85814
85696
84803
84185
68990
70718
70703
70659
70615
70321
70311
70126
73407
70080
70051
70004
69813
69742
71255
68564
68502
68186
67946
78934
67844
74451
67797
67647
67596
67575
67487
67452
72550
73608
80990
73227
73123
73010
73001
72901
72823
73908
72799
72768
72737
72666
58539
72358
72209
72110
71778
72881
71772
72699
71590
71569
71501
71300
84584
71276
50710
36152
9090
9631
52370
32211
53851
12165
65804
72242
27882
68672
37620
38702
18822
19658
16953
23214
41441
36798
38473
31754
73734
38246
30212
67390
26357
75748
74579
53343
35524
22540
98736
72120
64195
33143
97289
88781
59947
37722
23932
32085
31388
69034
54617
40200
23604
63202
16624
64341
15545
97052
28294
2337
56978
84477
17634
32684
30955
2823
31256
25735
61736
58409
1238
9800
21905
20796
49347
25833
64340
3217
54734
57629
41943
8700
990
78972
51247
33078
36106
22798
49848
19377
34003
25843
60152
9138
22219
37367
23774
90612
89503
42168
27136
62465
54493
31204
38708
27349
27132
53695
63433
45663
47827
49991
50532
74773
67072
41675
6368
54517
31084
33902
68207
33828
32978
32703
32610
48126
32235
37104
34190
93129
32134
80989
64954
31583
60376
31542
73642
31500
66632
31144
37396
30923
60716
56280
27321
53289
57946
64011
58466
58348
73865
58339
68307
58326
64769
58115
58083
57979
57974
57952
30074
57756
64381
57727
74085
68443
35173
26933
43704
34683
40093
74040
57405
73828
22140
63063
61954
28684
38604
70304
28162
20588
91700
35141
37359
28091
78699
68718
51176
23724
63843
53862
27149
77407
57445
26565
4297
66226
64008
58463
26302
26265
33480
40353
30991
18007
29990
25662
16465
29753
61769
46243
21051
64006
55134
62314
26264
29625
64058
27461
38281
55593
29414
69028
20232
29104
65512
36678
28995
65593
