22400 22534 23617 25231 26436 29427 30137 34033 38905 38978 40693 42648 45319 47732 56263 58641 70980 73374 78692 83136 99224 7683 11854 38958 52600 65199
13179 20395 23221 25490 30376 34782 43753 57038 57660 68941 71734 71813 73783 6820 15273 21753 34607 70089 73067 74255
22285 23850 25042 25501 31011 31157 34397 34684 34959 35173 35276 73378 21652 27859 30590 30644 32075 33523
34386 37280 42041 53686 61238 64105 95863 35828 36115 42904 59891 66191 71277 74060 97591 98726
77625 78750 79503 94693 94977 98037 98095 98304 98906 52011 72112
61709 65367 67534 72081 72976 73201 74201 69612
78909 84054 91185 94013 27779 71685 75763
20942 24213 26204 28287 34917 35490 24232
61582 72161 79590 81711 92618 97043 8520
87019 51261 55763 67348 74094 79232
28897 40225 51934 69950 23385 38093
17280 19305 44498 68915
82201 29563 42987 71401
89996 6274 53509 75717
30271 60322 68227 6159
49450 53342 72989 68554
25461 56016 58155 44640
21657 21756 24799 30865
4587 23742 56597 58732
67155 99176 41926 51566
95629 95791 84783 85437
68238 97508 71754 74306
74684 88737 78253 92754
19566 19835 18181 18929
88699 49252 70060
91114 43628 72972
55045 70307 72665
50028 74289 53062
21589 30988 25450
65251 54894 57734
81072 57274 96963
17998 53972 57260
78212 89258 93040
23055 43707 49537
10055 58874 52413
65255 64064 68786
51151 53425 47278
59609 68463 61072
3915 57156 65311
2080 56085 71304
97816 41829 62912
5503 38226 44575
29268 53720 33022
26715 48223 59236
7436 7696 39139
29260 31858 35094
82455 54165 58520
13053 70795 17442
91245 99063 59901
24646 58838 29999
36711 57030 64491
89562 54190 73042
46740 57955 66557
50555 60194
43885 52694
50568 59380
43261 63356
48685 57768
70251 55313
50255 54230
41346 48228
15696 18695
23411 27244
88923 23422
90593 96678
52596 58227
97824 24400
41422 65380
17867 38053
30929 36314
56890 69828
23699 29242
1482 56999
76468 83333
38824 69116
9765 9853
95714 60391
46980 73054
44391 56693
63208 63825
45500 68197
94321 98247
62825 66533
59762 72952
89129 91757
37958 41160
45596 58654
20470 66141
90903 91696
42984 63133
21213 59458
26478 15927
36704 39443
27965 59097
98935 65221
13343 51018
79176 66443
1982 836
60251 67028
43866 54526
79310 23003
49036 60352
30059 45619
89219 99320
65372 66485
8433 60326
14539 18911
17435 60537
22463 36113
55916 69402
91227 86435
298 65186
35048 45725
13117 67374
25139 31992
36958 53794
54559 57770
4998 63028
89972 90425
23194 26838
87222 92803
98770 59630
75405 30576
44474 67878
39219 57977
34476 42776
13299 54359
32600 577
54080 56811
22448 29086
78211 96494
24519 11150
78854 43783
75425 38740
13835 2289
3560 36812
82136 90557
22357 37291
70866 61554
51588 71955
97622 38546
5685 10329
83394 58612
44095 61207
94966 33313
94128 58417
25887 34874
50227 73786
53818 19758
34053 68363
92865 99664
52579 72599
39937 42804
72898 56507
22403 42715
7679 66901
29715 21768
53715 55788
5260 5868
1629 16983
91983
40092
84802
37246
37319
37272
90503
71698
36736
22929
24916
51689
69432
37271
43769
27904
70542
62472
31005
37114
54294
36591
51739
64793
27133
36965
58139
56049
27087
54775
92481
36922
72410
36725
66668
35616
57774
21827
37180
56094
22831
21387
48331
51658
65290
23883
30049
37159
56017
83737
64143
23110
23357
60514
61604
1584
5124
15972
37043
99565
44538
62742
48325
54817
82488
64744
35910
57009
69233
19462
24197
51922
36814
27057
23459
21660
35467
16963
51291
24898
68475
990
17634
3217
54734
57629
41943
3128
32703
66445
70747
43022
50785
8700
56276
78972
51247
33078
36106
22798
49848
19377
26264
20867
69191
61857
50767
20302
57913
25752
27970
56643
18975
35719
36828
69925
33328
12773
44930
19193
72330
22426
89658
27554
69360
19455
21673
34484
3432
56991
20394
39844
60025
18633
20575
48166
23064
68424
17410
58937
17904
49823
70309
18186
63467
47941
51153
56746
46765
65129
30750
16333
18646
51647
18938
99108
97999
407
21478
31948
50832
51126
51144
49224
51442
69280
51536
60949
52077
35358
59700
53046
51937
69654
47505
53019
54642
36795
52321
52348
52522
31566
24912
31532
52603
63795
6127
52705
49337
26108
48288
48544
48838
62238
61129
26750
48930
63453
54634
79222
49279
70408
63754
70453
49412
21181
56669
49763
40985
49857
63195
49887
73014
4256
56379
50812
38633
56433
8858
56545
61248
55703
55717
67029
55939
30973
56480
74049
56305
74177
63087
45343
58763
56470
62248
58921
56703
56739
56778
48046
56918
2969
57310
46221
57311
57580
62658
52709
73928
52857
35114
52858
73963
32930
52892
53132
68688
53162
65883
53684
53706
48233
24952
53786
54752
68158
54850
99338
58305
54978
91916
73063
55319
70989
55463
60089
40083
18214
40237
40706
69607
40773
40881
77512
38697
34261
40915
40977
34341
40995
41192
41236
42582
42639
97199
62820
42858
60615
42871
73686
61487
43743
44239
44415
47996
37759
57235
37784
30265
45622
23442
37859
63046
38648
8868
54337
38734
55571
38936
16663
39309
39535
99935
17869
41158
39761
39883
86055
23032
44103
57411
39991
57827
47445
59930
43295
46622
54737
78897
43409
46736
46908
87055
17188
47131
72939
47432
50772
67693
70778
47489
47582
74248
47632
72201
47803
47883
81277
48007
30312
48056
18290
71583
42170
45497
44697
40385
44821
45255
17020
52508
54461
45589
57795
45977
72692
37565
46076
47699
46208
53863
41664
50536
86278
46354
59698
25319
46390
89838
46587
85309
80884
64249
67330
64003
73983
64002
63803
63741
63694
63668
63591
63576
63548
63380
95301
63129
62951
62913
62869
62850
62799
66007
62680
62669
62664
62513
62431
62400
66113
67257
67248
81646
71665
67229
67193
67012
66887
66884
69859
66532
66337
66186
66175
62354
72752
66098
66022
73738
65975
85494
65532
64886
64818
64656
64458
64448
64368
59873
64821
60385
60337
76946
60311
68053
60290
60171
60160
60120
60074
59985
63264
59937
60407
59758
59669
59610
73960
60652
59543
59287
59154
68799
58818
58539
64011
58466
63587
62343
68957
62303
62144
62079
72050
69832
62069
61988
96203
61824
74085
61493
67272
61369
61267
61244
61051
61005
61003
61000
60959
60946
60904
60745
60723
60708
76854
82146
80171
80134
79997
98816
87640
78768
77786
85430
77667
77618
77003
82405
76860
88800
76196
75896
75143
75067
76594
74376
74327
74095
73833
73779
73697
73667
73608
91980
98728
98608
98107
97526
97151
96788
96415
96134
95654
95241
93906
92973
92925
98634
80990
91692
91052
90834
90630
89663
89467
89090
88662
87438
85814
85696
84803
84185
68186
70659
70615
70321
70311
70126
73407
70080
70004
69813
69742
68990
68564
68502
68443
70703
67946
78934
67844
74451
67797
67647
67596
67575
67487
67452
86265
67412
77253
72209
73227
73123
73010
73001
72901
72823
73908
72799
72768
72737
72666
72550
72358
58348
72110
71778
72881
71772
72699
71590
71569
71501
71300
84584
71276
71255
70718
27882
98736
72120
64195
33143
35524
9090
9631
52370
32211
53851
57638
12165
65804
72242
29707
68672
37620
38702
50710
19658
16953
23214
41441
10224
36798
38473
31754
73734
23604
88781
59947
31393
82272
36803
37722
23932
53574
38048
32085
74579
69034
54617
40200
38246
63202
16624
64341
15545
97052
28294
2337
56978
43687
84477
13501
18822
22540
59979
67072
1641
41675
6368
54517
64340
32684
30955
2823
31256
88138
25735
27953
72178
74773
57761
33363
61736
58409
1238
9800
21905
20796
49347
53695
25833
70051
94313
89503
30212
67390
26357
75748
31388
25843
60152
9138
22219
37367
23774
96157
90612
97289
42168
27136
62465
54493
31204
34003
27349
27132
63433
45663
47827
49991
50532
73642
32978
32610
48126
32235
37104
34190
93129
32134
31625
80989
31084
31583
60376
31542
33828
31500
31452
66632
31144
37396
30923
60716
56280
27321
53289
30074
40353
30991
36172
73865
58339
68307
58326
64769
58115
58083
57979
57974
57952
57946
57756
64381
57727
18007
36152
59377
40524
26933
43704
34683
40093
74040
57405
73828
64954
33902
68207
63843
61954
28684
38604
70304
28162
20588
91700
35141
37359
28091
78699
68718
22140
23724
63063
53862
27149
77407
57445
26565
4297
66226
64008
58463
26302
26265
38708
53343
64058
29990
25662
16465
29753
61769
46243
97572
21051
64006
55134
62314
33480
29625
56607
27461
38281
55593
29414
69028
20232
29104
65512
36678
74464
28995
65593
51176
