42648 78692 83136 17867 18633 22400 23617 25231 29427 34033 38958 40693 47732 52600 56263 58641 65199 70980 73374 99224
95863 34386 42041 42904 61238 66191 71277 97591 98726
92618 97043 46243 51153 61582 72161 81711
26715 9631 23724 48223 59236
35276 22285 23774 34959
34917 22285 28287
43885 52694 40353
59609 61072 68463
44930 18186
67534 61709
74201 61709
94693 23442
57638 61709
39844 37319
98906 47883
27882 22831
94977 87055
98728
47131
17188
60537
73123
72901
71734
71276
81646
42871
41943
40881
990
19835
26357
30074
27149
18007
48007
34261
91983
96494
97999
