15250 15506 17239 18007 18633 22400 22534 23617 25139 25231 25319 26436 29427 38905 38958 40693 42648 47732 49763 52600 52603 56263 58641 60152 62658 65199 70980 72939 73374 74736 76308 78692 80625 83136 87418 97289 98107 99224 31992 34033 92925
9522 22692 31950 35098 41579 43409 43685 52705 67193 71300 71401 74040 75613 80989 82201 82492 90544 94695 96565 99179 67838 73309
8405 8860 35573 37404 37722 38708 38876 49823 51311 52579 53769 57768 62869 68424 68443 69400 72599 81345 96016 54734 70057
20395 21753 23221 25490 30376 32610 34607 34782 57038 68941 71734 73783 73813 91039 6820 43753 70089
34386 37280 42041 42904 61238 66191 71277 95863 35828 59891 74060 97591 98726
23254 25208 36828 42871 44930 48007 51083 56280 70408 72054 72901 73123 73667
5362 6096 29656 44027 60100 63837 64011 67647 82972 87516 49379 56326 66551
36814 43295 44538 45622 50532 53715 55788 62343 64006 66668 70251 86720 55313
29999 42984 58838 63133 72768 93869 24646 31948 49224 50812 70080
21652 23214 25042 26665 27461 30590 30644 31011 34773 33523
77625 78750 79503 94693 94977 98095 98304 98906
51153 61582 72161 79590 81711 92618 93411 97043
71685 75763 78909 84054 91185 94013 60132
22516 56545 58326 61005 62951 66632 72242
22093 37180 39937 40706 42804 73865
13299 17043 46740 54359 57955 66557
44366 62472 74049 83496 91980 87101
75371 75479 77149 82136 82524 90557
88332 88513 91983 97999 98728 99593
20942 22285 24213 34917 24232 28287
28897 52537 67198 23385 38093 69950
23055 31647 43707 49537 56276
45255 85243 89090 80884 96203
59609 61072 68463 69432 71494
62513 68238 97508 71754 74306
72081 72976 73599 74201 66173
29332 46221 48544 51536 63587
47461 54670 58633 61487 72737
1577 7679 50785 51588 71955
45977 51176 86278 93217
22897 24799 30865 21657
84783 85437 95629 95791
98759 99923 22944 53989
14083 43885 52694 64249
26690 30271 60322 68227
26715 9631 48223 59236
79176 88571 91302 66443
45709 56101 73089 73908
24924 30212 34959 35276
51016 61352 64886 67412
97185 2969 13343 17998
78253 88737 92754 78381
47278 51151 53425 48064
91245 99063 55916 59901
18181 19566 19835 18929
81152 84477 99663 77381
54722 68951 69612
82455 83520 57727
67348 87019 51261
923 64458 47827
43820 68053 73960
69114 72164 66022
97816 41829 62912
27518 21756 26750
10055 58874 52413
17435 58231 60537
50028 53062 74289
36089 41943 47131
58339 67072 99320
7436 7696 39139
35903 45343 46390
34921 9081 52424
42981 64002 73779
43261 57961 69233
89562 54190 73042
54634 94028 98009
55045 70307 72665
89996 6274 75717
54894 65251 57734
29983 58921 62465
29268 53720 33022
56483 60835 64755
27068 36725 37759
22826 66113 72550
88779 98816 87438
61709 65367 73201
70324 97125 98807
36704 39443 37158
36711 57030 64491
21589 25450 30988
45933 52596 58227
9379 49412 3432
72881 83935 97526
46150 71559 61419
98935 65221 68990
23016 28226 56017
65144 66370 71276
16331 70984
36351 62034
24194 40200
34476 42776
60251 67028
29548 64301
32703 92444
43448 66887
69318 59762
33078 25752
36359 47505
46831 73000
39052 53142
20470 66141
23742 56597
46980 73054
69804 72546
35342 54080
20432 27554
12340 55094
9853 67946
25461 44640
54559 57770
65255 68786
567 68775
89206 16465
53788 50925
5503 44575
11854 69619
78211 96494
42308 67029
78212 89258
72989 68554
48963 69859
39195 44415
30929 36314
52370 97253
40026 54625
56503 58809
2725 57952
11150 57158
50860 57445
7683 38978
34196 43704
54540 61000
94966 33313
63208 63825
20392 34190
17020 57761
87222 92803
47973 70309
65372 66485
15696 18695
1641 54687
13179 57660
17867 38053
524 5835
26478 15927
4998 63028
23411 27244
23701 42509
26316 27882
26073 37043
33759 35637
59727 58139
41544 36152
22568 72120
86584 60376
3915 57156
56273 62085
31416 32085
23927 37291
43783 67012
32106 42582
70866 61554
3767 6127
45500 68197
31858 35094
92865 99664
26550 35616
21111 31256
13835 2289
44391 56693
9056 40915
29715 21768
36958 53794
41422 65380
24428 73378
21213 59458
43249 39219
43001 71583
28606 40093
15755 57795
28253 15930
27965 59097
31018 28423
75425 38740
72898 56507
42249 73928
81946 91227
89129 91757
83043 86938
34397 34684
77321 77959
99350 40237
98771 61369
83403 84185
77543 70304
87243 93906
81680 97199
71019 62354
56890 69828
94128 58417
75748 31388
91114 43628
71672 56379
84364 86055
75405 30576
90593 96678
99541 71698
84909 99935
80171 96157
87978 50832
90903 91696
42431 62431
26164
58612
61227
24450
71590
56255
32565
41808
6453
17410
90630
46900
30265
65620
61207
25525
20811
58463
52918
67801
26302
26216
12074
57216
61572
80375
56016
63087
23724
76946
31340
27132
23883
62079
28752
62128
56994
64346
25092
80292
41036
62303
23488
23084
36068
54842
50128
63356
85142
20473
74684
37785
47786
91692
20588
10134
19402
25342
55593
13451
65305
60598
35091
58701
98770
61988
46863
61495
58155
54828
92540
42629
54414
42493
60171
55457
42639
42427
60324
94281
42324
42257
60586
18290
42168
98736
42734
43392
59979
60024
34391
43179
43022
46076
60074
60180
41916
60281
47115
42679
61493
68564
42640
53253
68567
60946
44796
60842
43687
31902
67257
53870
60941
60942
27321
27075
67390
60959
35449
61051
43112
23459
50227
61171
41664
62828
60716
41757
15830
41680
41675
53863
39512
50536
71440
51297
41645
62474
60725
53046
41403
39046
67330
63668
32859
65336
63576
38720
62908
20766
63654
33143
54170
61219
21268
63694
59465
61003
63743
66337
49640
63980
59068
23032
9380
98946
40203
63046
63266
63462
26565
57411
44103
15261
56396
58618
27360
63467
29707
63486
20957
63548
44720
71665
50396
83394
30164
5632
9138
64557
39779
39975
64585
40987
40004
64594
88699
65129
65931
8868
8730
8433
80931
32134
51934
64064
64143
21905
43168
57260
61974
57127
47699
63040
52907
41122
19637
43739
64381
78699
61570
20886
38633
71778
22426
50710
92481
47582
36492
55348
62468
22403
62350
69274
62475
51902
21959
58908
30074
48930
51443
53800
22384
23547
62264
57629
50558
24916
63733
43286
62400
50668
40353
20725
2331
63463
62459
41283
43578
10580
22507
62913
57308
38452
22929
13501
62820
39428
43743
41386
22672
21673
60514
53503
20587
67727
62931
21387
56094
51658
26151
67534
62483
12069
62669
20282
90964
56948
12165
62680
27005
62131
21677
16963
59302
32179
64793
5868
20394
27087
53231
41280
69564
88420
53343
59958
43459
64769
53304
39162
53289
57779
62933
65290
70004
61824
52952
58130
52868
52759
64908
68957
98634
58084
64818
67543
53728
58442
39259
54815
50101
52709
53706
58115
27779
53684
15972
53622
53550
63433
53452
86623
60580
51144
58223
74770
51126
8700
1629
58271
48659
53509
50827
50816
61857
52429
73642
58409
50767
50761
27191
69977
52477
28907
60120
54575
31005
52357
50000
31144
52011
72226
52006
54363
51689
65831
51477
51186
62243
58192
95241
55235
74773
57181
55782
46354
55668
55489
53132
58290
55342
55242
29990
57592
59630
55194
33981
55117
48046
55059
54978
40836
56305
66131
73202
56605
56531
56778
56438
30511
56339
63410
54850
56288
56262
79832
37958
59443
56116
70258
56814
55917
54296
54443
64339
54358
37859
92070
59841
48056
40985
73983
67407
70795
57979
54165
65950
58083
58500
27859
54064
53851
59175
57317
54817
19462
54801
78777
40659
56964
54746
40604
50119
54461
54739
54737
57564
38223
54699
57946
19344
57977
45895
15545
46171
59210
46136
24923
59234
68023
46121
51442
45897
46186
23932
45845
71772
45589
59287
54617
59331
59377
45457
51922
58703
58818
46972
70778
46819
46778
46765
63264
72692
62069
46736
46587
46568
58993
47619
92402
46337
76978
61769
38660
27809
60807
42009
4297
20796
59758
43866
36795
81578
59698
74083
59873
64843
27131
60407
1482
43772
56703
93269
45141
90353
59462
45434
18646
45289
35861
42216
75896
45230
96415
44931
19004
44853
44797
40083
54372
17188
59614
44383
46243
48665
48645
48587
48530
96134
58309
48328
57756
62742
69910
48325
38897
69538
48298
63754
49337
48228
55889
65317
49295
50006
49991
49942
26372
49890
59868
49887
49848
64821
48126
49140
75067
61736
55717
56470
48707
48705
65332
48697
51713
60652
46510
53998
23357
70497
47344
23774
63843
69997
58629
47277
47217
47202
47199
60311
47003
56419
65283
65847
58466
56918
58422
65076
30991
47883
47854
45497
59947
58432
43638
38734
58489
49966
47748
65700
21821
54286
47632
47552
66180
21181
41143
65532
67889
65804
65853
65883
65975
65984
66175
99173
56669
66201
66226
66240
66330
66409
66486
66496
66532
73603
66544
35114
40130
66057
73128
54642
87640
39116
48233
40470
38291
40509
66570
40773
73771
40881
40977
49857
60949
33224
39886
40995
57778
68542
68078
68158
68172
68219
68254
89467
68264
68325
68413
68502
68529
67907
68552
68575
68629
68656
68688
68708
68788
68799
97083
99440
67250
66741
66767
66859
66896
88109
66926
66959
67056
67120
74191
40121
93177
67296
74367
67347
83846
67451
67452
67462
67703
67746
40394
36517
35825
68823
64744
19275
35910
73622
64860
36026
53162
97389
43588
39844
26969
59980
36691
52321
37271
38428
37319
42912
68839
47432
60495
34484
91052
57638
76494
39894
34781
35322
42490
36945
54031
35233
36965
20941
35358
38604
41309
47723
35524
35741
44697
39290
38631
24317
55571
38936
39007
58832
47742
72699
54752
73608
39226
38605
20575
39603
39988
30010
34446
36803
69801
39991
41192
22339
37835
22979
37396
37455
70453
44127
37473
37701
40947
37784
1238
68848
23442
56811
36878
37987
38120
38246
38281
38315
62850
44150
83185
78768
78854
78897
79948
80738
81114
81277
81394
82146
82272
91700
77790
83737
84135
84309
84803
84880
84893
85080
85208
85494
85583
76468
74341
74376
74579
74631
75054
75143
75380
75620
75631
76196
85673
76493
76640
76854
76860
77003
77066
77253
77512
77667
77786
97006
91111
91803
93040
93174
93235
94313
95781
96788
96796
96956
96960
90843
97052
97151
97572
97581
97689
98677
99105
99176
99565
99567
88312
85696
86181
86577
87001
87011
87055
87477
87710
88138
88311
74327
88396
97824
88687
88907
89041
89219
90200
90448
90479
90834
70927
70327
70332
70477
70507
70511
70703
82488
70718
87217
70846
70901
70268
71064
71195
71207
71234
71240
75954
71286
71309
71493
71501
69742
68954
69008
69020
73734
69028
69205
69262
69328
69517
69635
71539
69832
69861
81646
69911
69925
88781
69949
70032
70145
70232
73874
73014
73063
73227
73252
73327
73451
73454
73508
73524
85309
73697
73010
73963
78677
74085
74095
74114
74177
74218
78932
74250
74300
72410
71572
71722
71755
71838
71856
71989
72142
72178
72330
72358
32211
72464
72640
72643
72652
72799
84584
72866
72904
98831
73001
49152
14600
32327
25256
50772
47445
45227
18611
55939
37546
1197
18557
17644
37367
4792
22536
36678
18938
92005
23886
40385
44821
25843
91367
47532
25352
91762
56607
66035
37754
55763
10294
62799
20657
37628
27149
62891
1896
49036
59700
51937
54294
73150
92006
18667
54150
52722
46068
9800
34173
27421
18751
39309
12506
55463
67248
21084
92468
13117
64195
24271
29086
30893
14258
407
21478
40334
57913
25366
2554
35552
38042
33328
54775
57827
62314
33480
21168
70659
52508
12773
57455
54128
53019
10877
36304
23026
30059
35469
24115
1228
43769
18262
45720
31303
90228
4440
58539
52858
9012
2337
32978
63731
22798
36106
28995
64350
19554
55134
793
99673
63795
40225
65810
99338
8128
47850
60453
24912
24197
52643
18487
9046
39883
68509
2823
30955
5236
57090
71232
31204
37359
35141
14015
4587
15929
56718
40219
990
38702
45596
99807
37833
38266
58763
21051
8858
52004
32428
67783
30591
84802
11758
64341
57270
38155
256
87465
298
17869
22831
16663
64291
21865
18822
61248
61293
33009
66007
69698
27953
2446
22463
20867
19758
51291
3604
88456
43683
7287
85794
30973
31532
46531
43204
23242
32114
31500
71569
29365
31583
76366
44281
31625
31825
19568
26357
49927
5124
73477
38394
65593
43691
69360
20232
29104
65512
29212
29753
41441
29242
56538
94250
57575
48776
46485
29986
29850
53004
69503
34429
35260
70615
86551
30049
22198
33101
64448
33396
33828
34023
836
58121
70882
30934
71003
38697
33033
97622
34261
69616
53574
38048
66332
41294
34294
34400
54391
56826
38795
59174
39212
32183
37593
98875
32235
67590
37104
39461
73071
37970
32502
39535
32584
34848
39717
58516
48535
35173
55213
28025
23284
36591
61118
39507
30312
65667
18090
29451
34954
18186
18287
11499
40468
41434
64868
33996
85850
18374
46208
20701
36227
24487
34003
27970
32684
22140
69280
54707
28091
5059
947
16624
59930
59610
46622
70192
96119
1153
78934
36641
49347
17186
24898
23064
28294
42196
54475
3461
81242
39761
43491
20268
28031
49244
56433
72932
72181
28318
28029
34683
59568
37388
63063
28684
29060
37716
40073
19193
34106
81246
46316
36888
18591
14539
18975
24738
20302
9212
30985
27349
31677
35464
62621
52640
36141
37114
36005
68718
27398
