8405 8860 9800 11854 15250 15506 17239 18007 18633 22400 22534 22607 23617 25139 25231 25319 26436 28995 29427 30137 30502 31992 34033 35573 36680 37404 37722 37987 38708 38868 38876 38905 38958 39869 39894 40693 40992 42324 42648 43633 44803 45197 45319 46150 47732 47974 49763 49823 50693 50829 51311 52579 52600 52603 53769 53989 54734 56263 56538 57768 58641 58889 59377 60152 60933 61419 62658 62869 64585 65199 65480 68424 68443 69400 69530 69619 69910 70057 70708 70980 71559 72599 72939 73374 74085 74368 74736 75054 76308 76356 76458 76946 77015 77066 78692 79403 79534 79832 80625 80981 81345 81646 83136 85679 87085 87222 87251 90616 91762 91861 92540 92803 92925 94324 96016 96563 96699 96776 98107 98759 99923
9056 9212 12405 14918 18499 21027 21666 22125 22429 22979 24396 24451 24494 26936 26971 27801 27860 28044 29308 30887 32001 33108 34291 35233 36352 36441 37329 37559 38394 39461 39552 39717 40468 40915 41036 41149 42816 42981 43820 44116 45148 45709 46068 46653 46736 47748 47865 48046 48051 48328 48665 49140 49244 50006 51872 52198 53132 53702 54064 56101 57548 58169 59758 60495 61974 62400 63308 63754 64002 66035 67347 68053 68207 68672 68987 69116 69813 69979 73089 73779 73833 73908 73960 74218 84152 97092 97395 97482 98120 98215 98664 98827 99370 99858 99863
12165 17186 20796 22568 24646 24916 28752 29999 31825 31948 32106 32565 36591 36922 38120 38155 39779 41122 41667 41675 42582 42984 44391 44720 45440 46629 49224 49279 49991 50812 51442 51647 54150 56049 56693 56739 58838 58993 59958 60337 60941 63133 64346 67844 68413 68839 69328 70080 72120 72768 75061 75405 76052 76077 77419 82049 85309 85494 86361 88117 88501 89041 93869 94321 96956 97581 98247 98946 99108 99807
18487 19554 21889 30382 31052 33950 34259 36711 37007 37237 37367 37628 37937 39336 40501 40519 41461 49328 49551 51620 51769 53550 54637 54752 55917 56703 56718 57030 57181 58728 59248 60803 61649 62828 62891 63434 64491 65595 66202 66281 68515 68567 69311 69529 97290 99806
20942 22285 22507 23151 23589 23720 23774 24213 24232 24924 24952 25008 25501 25887 26204 26550 26838 26857 27122 27136 27972 28287 28423 28674 29212 30212 32075 32859 32930 32978 33328 34917 34959 35276 35490 35616 35719
9522 22692 27965 31950 34476 35098 41579 42776 42987 43409 43685 52705 59097 62127 65853 67193 67838 68151 71300 71401 74040 75613 75979 80989 82146 82201 82492 85526 90448 90544 93177 94180 94695 96565 99179
1641 1731 11172 12107 14600 15972 18372 23600 24963 26674 38346 43001 47015 49094 50834 51689 51739 54687 58339 59403 64166 66024 67072 71583 74464 79222 80171 82639 85294 85890 87160 93437 97083 97572 99320
21652 21657 21756 22608 22831 22897 23214 24799 25042 26316 26665 26720 27461 27859 27882 30590 30644 30865 30973 31011 33523 34397 34684 34773 35091 35173 38648
5362 5503 6096 17043 29656 29959 29990 40244 44027 44575 46740 49379 52868 56326 57955 60100 63837 64011 66551 66557 67647 82972 86071 87516
15604 19329 21006 30929 31809 36314 37396 38832 39309 45073 55363 55816 58028 61389 66329 67599 90228 95415 96013 98931 99567
23254 25208 36828 39196 42871 48007 51083 52148 56280 62597 66544 70408 70507 71672 72054 72901 73123 73667 77770 95372
24450 32920 40773 45500 52357 55916 59698 59901 66240 68197 69402 70327 76891 87465 91245 91803 91833 99063 99105 99129
15273 16663 21753 23221 30376 34607 34782 43753 69702 70089 71734 71813 73067 73813 74255 76978 81246 84582 88157
2080 5260 5868 6070 13179 13975 24228 26108 28452 56085 56623 57235 57660 59287 68718 69034 71304 71778 73115
25461 28684 28897 36718 38093 42493 44640 46972 46980 52537 67198 69950 72640 73054 83737 85477 86347 93218 94111
11009 18822 20302 29753 32235 34921 36678 37104 40985 42639 44464 52424 52954 55939 63548 73963 98384 98634 98726
27779 58083 63208 67229 68186 71685 74497 75763 78689 78853 78909 79304 84054 91185 91630 91700 94013
22339 23055 26164 27421 29365 29850 31647 34400 36803 43707 49537 50568 56276 60385 65512 92489
28091 29625 37319 39844 45977 51176 62820 67746 75526 76298 80931 86278 90593 93217 96155 96678
20588 36814 43295 44538 45622 47037 50532 53715 55313 55788 56791 62343 64006 66668 70251 86720
28507 37184 54540 55782 58290 59465 60745 61000 62264 62350 78677 82926 89998 95027
1577 3494 7679 36884 46248 50785 51588 60910 63129 64295 65331 66901 71955 80365
34386 36115 37280 42041 42904 53686 59891 61238 64105 66191 71277 74060 88607 95863
34201 37784 41664 42431 48670 49669 51247 53147 53231 62431 67703 70989 73010 91799
8378 8836 21136 24974 29360 30591 39287 43498 53839 64143 65679 71668 73410 85328
20371 37530 37981 39605 40745 41452 42640 43680 47003 52910 53408 61227 70927 74318
7683 21144 22826 24528 29787 38978 45457 49036 57270 57315 60352 66113 72550 97619
923 3964 22578 26869 29722 30364 35552 47827 55489 60213 64458 69274 71772
20575 21677 34391 34429 36517 38452 40219 40881 62483 85428 86576 88311 90451
21117 22591 34911 40836 44474 51477 53608 61382 65283 66779 67454 97475
54128 55763 67348 74631 75631 79232 79811 87019 89197 93525 96570 99173
5199 23635 36351 41627 42449 48912 52509 53275 57770 60024 62034 62079
35048 43866 45725 46568 48963 54526 56778 60807 69859 86513 87951
48298 55319 61369 62144 62513 68238 71754 74306 89515 97508 98771
20957 27087 38588 41171 62155 67012 78854 85860 87477 90391 97389
24790 25458 28307 29284 29632 31162 31509 41783 47850 50000 54256
7287 15830 45897 51658 53253 57790 68465 76009 77820 84880 99555
43261 50466 50865 52032 52643 56097 57961 59228 63356 69233
39883 41943 47131 74579 77320 77667 78797 88312 90483 91692
15929 17559 17630 32853 37649 38391 66455 66468 66496 88209
44366 57836 62114 62472 66570 72178 74049 83496 87101 91980
29042 40083 64818 65810 71590 73656 82272 83329 83395 88138
22384 23753 24800 26239 26265 29548 35109 35141 35746 64301
29986 41236 46765 49966 53862 79587 86261 89838 90479 93269
20313 35176 52522 54519 58271 63605 66884 67600 96964
54722 61709 65367 67534 68951 69612 72081 72976 73201
23972 29983 30963 41596 56746 58921 61293 62465 69137
28187 28993 30200 35531 44972 50911 53786 59068 75374
27101 46243 51153 61582 72161 81711 92618 93411 97043
23060 23497 25624 27904 30074 30955 31298 33009 33078
41403 49337 52759 55348 78211 84135 85929 90556 96494
4294 17435 20512 23699 26620 34905 58231 59443 60537
31022 39214 49848 51545 53870 55889 67801 74177 97318
21181 25735 26690 29242 30271 60322 68227 92310 95271
22093 23284 37180 39937 40706 42804 73865 81397
28286 29093 36641 49942 52952 53452 54294 65667
592 38720 51224 52370 65325 67878 97253 98111
41220 56507 59268 62468 63731 67462 97235 99547
20453 39813 41464 44173 58701 59713 60765 70519
34446 83512 88332 88513 91983 97999 98728 99593
37859 45255 75425 80884 85243 88352 89090 96203
17020 31084 32610 57761 86241 91039 91052 94597
24127 38767 47244 48126 49809 52411 67420 91452
20411 27633 57774 62850 81146 83043 83394 86938
21999 54045 54575 55376 57798 81394 86279 92711
26707 28430 29964 50221 73608 75496 87979 99762
20867 21051 23411 25692 26442 27244 34848
36958 43249 44931 46900 52004 53794 81106
44565 47523 50227 65317 73786 73828 99142
61769 65984 67120 73128 75324 83344 92374
21709 23927 26372 27360 28837 37291 50385
76531 77583 77790 82152 85208 92481 96833
13343 17998 51018 53972 57260 97185 99004
28532 28621 30117 61493 72531 73454 96658
22448 29086 34508 35825 38631 77175 99313
10055 35317 52413 54854 58874 70778 76100
22587 23725 26264 26302 27953 30985 36106
13089 47461 54670 58633 61487 63741 72737
74684 78253 78381 88737 90964 92754 94261
23724 26715 28031 32614 32946 48223 59236
22516 56545 58326 61005 62951 66632 72242
77253 83967 85706 89658 91916 95241
29825 40478 49347 55593 65737 69470
24513 26370 44095 61207 68254 68629
9765 9853 16953 31408 34914 67946
66443 77567 79176 86577 88571 91302
75380 80471 80550 80735 88187 88886
35780 39409 45700 59964 65462 70266
59609 61072 68026 68463 69432 71494
46307 46574 64368 65332 68264 71440
24717 26627 55257 66531 84756 99349
23242 62131 65700 70846 79115 95830
30508 37456 51252 53004 60171 62002
43175 50144 56964 61248 69804 72546
6274 43395 46440 53509 75717 89996
22144 24197 27554 28931 32327 35855
29758 47973 55717 65620 70309 87572
40039 46337 49280 51516 72301 81026
3876 13299 15755 53343 54359 57795
9343 22089 37095 37359 47719 51475
25276 25983 26357 29414 30164 57311
7900 22717 27691 69538 78184
14083 40353 43885 52694 64249
17188 27794 27979 32541 32813
26558 29924 30614 58935 64350
26718 38684 58670 60477 61690
21303 24271 31416 32085 35630
35592 71589 88793 92900 97171
26998 56669 65221 68990 98935
86398 89972 90425 90903 91696
30991 31199 38660 69360 75333
29509 49633 57827 63087 71090
22650 29260 31429 31858 35094
6380 27280 58975 83144 91278
24934 45452 52295 55041 62474
15051 55410 67044 71009 90891
35358 53818 79486 80990 95175
32114 33216 33996 34153 35959
42008 59154 64064 65255 68786
46181 51062 55703 60376 86584
20888 22902 31854 35830 69564
23626 24509 68502 72166 99961
57727 58520 67575 82455 83520
18611 42216 46485 71989 95085
39943 62908 68656 69949 71493
20460 30170 34919 44284 57689
21402 24738 28597 30893 33981
23357 26565 86162 92005 95919
29332 46221 48544 51536 63587
567 31225 68775 93065 99503
23850 25467 25843 26476 35260
9117 33264 38766 58528 69925
15696 18695 32703 92444 93820
20493 41260 55584 60418 74531
20395 25490 57038 68941 73783
32081 45374 49099 51713 72543
56923 61570 62414 66169 69008
23742 34003 56597 59302 79788
37958 60946 74376 79590 88649
21832 50222 52300 56994 57306
78752 81708 82784 88781 98736
62680 67248 84803 92945 96001
26130 46159 47277 79165 80191
52356 59615 60792 64066 71802
50860 57445 80723 82684 90731
25359 38315 46778 54372
36436 54902 57871 63467
44405 50659 53728 72944
30100 42304 44421 58409
45933 52596 55750 58227
47876 63603 72787 83725
42679 59743 74227 88460
77165 80738 87414 91504
28551 29268 33022 53720
13053 17442 61909 70795
28294 68307 80475 87001
31148 31342 33828 35467
23459 76594 88646 96119
78897 79537 90482 91713
29387 37045 67186 67390
34105 47705 81879 97800
13502 25868 46354 63486
31715 60248 62574 68466
42793 57669 84224 99489
84783 85437 95629 95791
50536 70324 97125 98807
60169 64078 80444 93978
35347 57411 68688 72358
35204 43487 68036 68289
28530 33006 38096 70922
27398 28907 47532 97738
38048 59985 90000 98798
56438 60243 71965 72766
79642 87243 93906 95527
44966 54156 65532 72371
33171 34196 35354 43704
26704 52787 71824 79933
75338 84290 87701 94422
55372 57638 66173 73599
77130 77715 83119 93174
9379 19305 39738 49412
77381 81152 84477 99663
43638 50988 59841 87216
35313 41422 52918 65380
40108 41346 43614 48228
32211 71501 87418 97289
31043 44912 57703 69815
46586 54144 63454 65847
46587 51922 53851 83767
77786 78972 79997 86583
40225 76485 78471 98677
58539 72881 83935 97526
33759 35637 40947 44879
35609 45916 54170 63668
49758 69029 88001 94314
48703 54356 63410 66337
76667 80198 90384 92468
75371 75479 77149 82524
42626 50269 73592 80771
13616 20485 37450 45603
45546 54363 71536 76229
81578 82012 82648 83501
42490 45895 46985 83609
39402 55045 70307 72665
7436 7696 35727 39139
18181 18929 19566 19835
51016 61352 64886 67412
32457 41434 54642 86460
24976 31211 31677 44250
3076 61741 68290
20974 22113 28198
40026 42629 54625
940 66926 72789
20941 21072 32756
28606 40093 84274
37052 64323 74114
24345 28953 29038
12022 33990 77001
51464 71207 98529
85289 94313 96796
20394 28697 40013
36965 55412 88907
23425 26073 37043
40764 51883 55463
3040 15356 54850
47278 48064 51151
41189 63694 70703
27068 36725 37759
6535 60959 68158
59868 68163 82230
2090 9426 13013
67463 80256 96897
50602 54842 61219
47018 60943 70542
49269 57592 70827
26722 38473 66532
56364 85598 99452
48707 79185 87217
36704 37158 39443
7749 58732 73227
78419 81677 82229
41322 59244 66186
4991 48233 53046
22929 27075 91782
48436 55711 64008
25582 46567 62509
30184 38042 54031
77625 78750 79503
1629 16983 61940
38571 45258 62314
45467 65710 93108
30064 37293 67598
77403 82159 85779
16225 17000 60725
36753 56418 73399
28171 58563 77696
52113 56258 68078
65144 66370 71276
85583 91270 95819
76468 83333 99299
29747 74596 98097
52908 57809 61636
78699 84079 89973
13429 45720 58036
2190 13153 35639
36295 56470 71572
31625 44392 81948
30674 61465 72904
75684 88923 89942
22177 49289 67590
59954 62586 65470
76243 84909 99935
23016 28226 56017
81621 88109 95106
42244 53714 88615
30049 92865 99664
15829 57936 62303
58084 97695 99064
36640 68799 71255
75358 79167 92790
30285 61179 64284
35086 58051 58489
43628 72972 91114
36947 38687 38936
14734 18343 57216
1761 46758 61003
37254 37754 96582
54728 59418 63733
11315 45558 63936
5518 37370 38962
3128 75636 78934
27527 54225 60942
2289 13835 71012
79610 80697 85814
79584 87518 87710
79310 89129 91757
43739 79662 94713
53757 68529 72007
75982 91010 94250
24912 26750 27518
51814 75335 79884
51902 58763 86137
46239 50101 53750
31111 64058 73983
49478 51173 77723
3915 57156 65311
34954 64262 86597
22028 24030 58155
51508 59568 69481
21603 50170 51434
32911 44127 62387
65682 74307 76146
73016 73289 99604
40132 41808 69517
65831 70497 98009
63748 67155 98179
45868 69028 70953
5685 10329 63195
10367 20210 52892
44103 58802 68241
62209 63715 71322
51158 67156 68737
78303 78678 85900
39596 48817 50704
30059 45619 66332
25719 40092 59174
35903 45343 46390
54894 57734 65251
23839 30355 31267
21589 25450 30988
43834 65059 72513
32985 44600 71607
72196 94852 96134
12026 55260 71240
20603 48530 71616
5475 62495 73071
3604 30329 33255
24141 24843 33224
28101 73954 86703
43286 60598 99311
22472 41757 60846
56409 58366 77432
4137 38057 45165
21768 23883 29715
50710 75491 85347
61824 98095 98906
27030 65372 66485
28576 31293 33066
56483 60835 64755
64988 68677 69672
26087 62825 66533
1188 18715 47559
25119 27192 34700
3738 44003 63541
24859 44276 58129
34133 46831 73000
76860 93129 95162
32131 50396 56480
83299 90834 94797
39473 50555 60194
12093 69051 69861
32183 44286 89210
44738 64840 68552
7016 45596 58654
66098 79324 90273
75402 84490 91265
50028 53062 74289
34869 36795 69262
33313 53706 94966
4562 16437 57455
27887 29270 36492
90509 91473
62636 77144
64240 93049
50678 66445
41733 70479
62912 97816
41736 52429
50741 69832
63895 73668
64292 67783
34273 65883
40450 44518
43049 48872
26772 69953
16541 48390
67112 71232
64124 71199
39451 60952
45329 71234
91412 97151
45283 58937
77329 83181
44385 60949
23422 63069
49450 50150
17867 38053
69114 72164
11155 45862
23604 31566
25248 38117
12785 69072
36322 56826
50367 57009
28017 30139
84213 85080
64340 89365
4998 63028
72990 99671
77321 77959
61984 96105
28609 45663
30921 47742
50606 54220
25203 52294
49073 66167
44568 60025
71722 97334
37745 42764
69429 71487
70476 72330
28057 65593
24204 40509
52464 57274
27973 48554
41739 64989
27092 33764
26029 54788
56273 62085
85865 93557
21784 49253
46875 75464
67832 95494
78785 89592
75582 84006
29479 31204
20701 33113
41380 59691
52870 71510
50034 63166
33709 54876
22515 33751
71698 99541
84683 90684
17282 50119
24414 37453
71569 88396
22463 36113
21073 36736
24428 73378
62313 64859
63669 65076
9138 24975
11980 58708
21545 38055
42421 63933
28620 69654
63222 68172
44766 66272
86435 91227
37269 69020
44736 45844
24377 48002
24613 34379
22207 70615
48200 54946
32716 35464
20766 30751
41514 64870
24400 71351
33103 66843
49587 70782
54995 64843
45001 53425
53936 72752
79281 94609
45078 55194
52942 65016
23748 58267
40122 66057
93159 94281
54634 94028
31609 32742
93872 94791
38181 46361
38592 70461
20392 34190
49499 69819
23834 42405
20212 42061
33290 37565
2459 13117
21111 31256
41509 55242
4770 50067
28848 35511
17414 69854
18454 42898
46614 52353
54577 70229
38226 39794
44723 64954
52437 64926
38038 58840
28361 50112
49241 64432
22229 42170
21821 68170
25679 66131
47716 48776
43022 99376
29355 44239
53342 67988
71286 95480
88779 98816
22302 36353
68554 72989
77335 99006
47603 60428
2676 39169
76846 93903
30545 48926
66246 98831
51030 54691
25742 37388
82136 90557
39820 74308
59596 64634
9293 62933
78556 83927
34407 47432
3983 60321
27088 67917
23548 30733
27079 38382
61057 66297
10491 71392
43112 57096
46366 62069
27028 30115
68267 72155
32669 46805
19156 19850
24119 30750
47839 69359
42356 67407
59762 72952
31312 68450
24558 30650
23038 70232
16752 56889
47170 70982
48751 64650
60810 67564
97804 98030
60716 65247
37527 61595
11664 61252
26331 28584
22540 90207
45682 69280
60284 63278
5888 43433
47595 63063
66997 98099
54586 72397
50324 69801
26647 72742
57974 81090
50696 51568
71208 74539
70477 89308
47854 48190
22014 67056
33230 54755
25879 53982
46535 72632
86535 95501
43157 49927
19028 19642
78160 84581
22382 65274
60264 88211
43050 61129
42587 51392
36337 60180
46610 57135
42055 62834
64908 80789
34096 55327
40526 63245
50771 60160
83417 85553
45829 59370
37521 57977
7861 69742
19462 52184
31295 73280
21523 34781
36309 54817
27562 44281
58978 60489
21918 33127
65181 67790
94343 95441
61554 70866
28454 38428
29523 61803
56503 58809
48986 65570
30498 47893
46332 63046
52114 90977
69955 74055
30125 70792
51865 67627
27588 58115
8868 68765
42204 71195
44905 74276
24194 40200
64692 70896
48695 66330
23529 39988
31178 38688
48680 54739
70760 72933
51789 71568
77733 84413
52664 70882
32508 71169
27376 44797
813 54971
31157 31918
34734 67885
84573 99400
27821 51806
27349 29607
46078 60708
25445 67207
78814 87577
25834 29944
36644 56991
27321 99125
31241 41838
84222 90211
60175 73691
43169 60958
50137 52376
20956 51297
37417 41047
23259 42323
93287 99338
61796 66516
25287 58467
48161 56764
22955 46622
53656 72718
16975 34864
79877 99570
23670 64119
14862 72656
9309 52640
31286 33559
14258 43537
46006 92239
35751 90618
28990 54080
78773 85627
34699 60925
3767 6127
16331 70984
55684 99237
33963 68651
91382 96886
1928 53431
17234 69179
55708 70641
35422 36002
32717 35716
81791 94220
55216 66574
30283 44739
23818 31005
92073 93560
78012 91988
53083 63397
77742 92637
77637 88967
56132 70051
77132 84308
90719 92534
81680 97199
55374 72510
81555 85673
20470 66141
53545 73642
5580 60723
81457 88065
74742 76372
46879 67487
47101 53983
47388 63743
715 71906
80231 94527
3770 55766
78808 96666
30393 43294
80297 86998
82729 95123
37449 64041
96170 96415
39268 57564
76331 94558
38266 69351
25275 45207
46136 50858
77191 80966
76059 94575
8080 41356
95903 97343
40828 44533
71003 99625
75601 78932
54707 99973
36746 55161
34860 41339
75265 77292
7539 64565
39789 70258
79948 88070
85270 89821
6159 80075
30103 41294
24496 64311
21319 23194
77331 83399
63202 73404
1890 35393
76979 89303
11722 61954
94128 94898
56610 63980
82113 86416
76740 91415
49271 67797
38679 70718
94339 96719
78928 97084
39248 40868
56318 59178
6080 16682
48350 59561
10837 50697
39417 60904
87597 92773
23249 51559
85981 89107
85093 96035
6692 68954
46353 48384
77543 90847
67763 81375
24562 45289
30953 64744
6102 68475
27735 54775
88420 89633
2058 46595
43490 74327
33902 82650
84574 97144
84364 86055
36525 70141
40351 71326
87117 88848
6671 44586
46046 59549
4805 49876
23701 42509
54663 65931
30030 48860
65129 73451
54609 66180
31039 59955
34574 68684
44546 69503
87447 88308
524 5835
39052 53142
54890 63041
74974 81350
86442 92999
1482 56999
54397 69642
38157 63928
32346 47199
21984 34438
53752 74203
40127 65215
64665 70802
33143 84101
53675 98733
31542 32833
40124 55668
79110 91013
55213 74740
36617 47941
82198 95866
1013 67250
18091 19155
90472 97006
90580 98037
39125 71941
53574 80418
49449 58756
4333 56811
64386 84733
960 10294
55082 64860
84239 88857
84205 91120
82714 85907
84201 96440
30778 46712
48744 60784
40442 68823
77352 97647
356 17182
54499 64487
79672 85033
60514 81242
30632 34963
83403 84185
55177 63107
90735 94984
12688 50768
32126 77032
84045 94283
51936 71939
99294 99825
34115 44821
91534 99012
36359 47505
46219 46326
35856 61147
44512 66430
11984 64689
39110 72078
73447 90153
34632 97591
36090 61407
23183 56563
23757 58192
74731 96944
36970 89364
74767 84580
39725 46646
1045 66896
97653 98608
40669 54796
27326 56978
31754 85844
51025 63089
11150 57158
25418 26933
42308 67029
32489 42339
45683 46179
36598 37777
21348 46041
56305 85142
39195 44415
42249 73928
62829 87727
41141 63685
7032 39764
6783 40073
4369 39542
51801 59462
30876 62737
52474 93695
6443 61492
78212 89258
39654 72426
31773 52338
37499 48166
38094 64769
12340 55094
24087 62621
32039 83499
38301 43915
17576 68219
47270 62858
6901 47063
40937 43444
21078 47576
27005 29182
57610 61289
32688 58223
3426 40334
23397 68325
50878 63939
81727 92808
37160 57580
32537 40145
29015 59669
15128 42213
2725 57952
39761 47304
43448 66887
35407 73407
31951 65443
73874 79188
40858 41382
50839 63463
28504 45390
29497 58309
32952 59458
12533 65690
74856 93241
27057 94529
73042 89562
32410 35469
92527 93327
80686 98757
51566 99176
29197 61896
56890 69828
37707 60144
81648 99598
21444 27378
30486 57832
3028 70978
74876 91144
60251 67028
87932
3461
57113
36875
22219
69911
47148
38986
31678
49641
47186
49259
21066
28884
70187
29095
39291
49295
56081
39121
19234
21070
39117
16367
39368
31339
59663
22108
11577
39104
39092
57459
57421
37600
90422
57575
39054
59600
39471
39046
19736
22660
43206
99238
47873
44126
64672
32834
78121
68221
39039
18493
57948
22348
32423
70321
22561
42696
44728
39036
41386
54271
39469
52334
73615
22250
42598
18539
42806
22260
90450
29342
11638
54777
60015
39072
88930
39085
22271
63165
39470
59618
69891
56658
80164
39068
59614
39066
42619
98667
39057
32521
70235
80508
9932
21693
42239
93604
57956
44872
74839
39416
21566
21538
55145
90630
12110
70084
73748
94294
18680
18171
69536
21843
64856
95780
50063
34037
44310
39265
39226
39427
18881
40470
51604
21717
8416
39235
41663
69277
28284
46606
80396
21171
41717
62263
70178
39290
39315
21161
39304
84709
615
14066
12798
22226
72651
98656
26745
39512
44020
19164
52477
21286
62378
39223
39369
39273
39359
11833
54534
94017
38458
23474
21084
70286
39157
33738
44011
64557
33872
52427
72973
49098
82425
51606
54418
47340
90832
2239
37067
21905
75373
44553
48999
90733
46506
44554
51593
59913
28453
39449
43912
38825
49640
39127
39143
59702
39156
39467
28916
39219
73445
27700
17191
21873
37973
52692
39221
21981
59668
62075
49395
18643
70042
39189
70008
38717
39162
51914
69981
93816
21095
57887
47614
70268
56704
21953
68160
39445
54688
80279
32886
39187
52800
49361
38441
48597
17289
53684
37833
58379
42881
37794
6975
37779
6960
28051
37773
38456
37755
37750
38463
63310
38465
38488
17843
48662
27685
58553
58955
28136
38006
17460
48143
37969
68788
38409
38423
38500
43510
37895
58870
37864
37861
37852
37847
42922
37835
73475
68439
32227
42698
37611
94889
58157
37576
22978
47743
42656
37620
37569
53797
38545
37557
58103
38546
38570
37546
21222
37531
38507
37734
99372
55057
42788
37701
37696
17150
58015
37469
53761
38007
52906
38532
37645
57968
27149
59082
38536
78514
42707
41274
38186
38319
69005
79278
43269
63815
79424
38182
89547
38332
53572
38344
89719
38177
17808
38172
38168
38130
38354
63888
53615
38254
89656
38286
38291
48559
58832
38285
38281
64461
2823
38258
27857
53507
38246
69130
38227
28038
38311
48485
74118
43299
38017
38358
53619
38075
38368
38369
43104
84548
32831
63650
53729
53336
79109
43456
38375
47983
37710
53636
38390
69228
48181
38091
38122
38357
38114
74263
38095
43179
22799
53618
63725
38092
31495
48263
89355
38089
39502
38085
43167
32894
73986
38080
69641
20587
4088
28522
18185
55778
66051
25256
4710
38795
45231
51109
29970
22892
48316
22881
38822
91019
34666
18327
55212
53733
22999
43380
42142
27746
58565
23031
94942
23003
38740
64095
38759
38472
95112
64091
43839
64293
54020
22996
38764
69593
38774
44368
38902
18435
22666
22653
63745
38981
90353
38988
63632
94451
27454
69826
8759
39007
69829
59556
37716
39010
22455
27131
55100
38883
48745
18124
48243
37970
38873
58516
38069
22808
48234
59429
26925
18085
59330
48904
49057
57662
22740
2194
38897
42715
16753
26997
53866
37270
37468
37434
37432
38633
37409
88774
47572
57816
37299
90014
37398
79741
69468
38649
37391
90017
37326
27053
99033
38605
37524
37431
47704
43692
78523
37512
57848
47668
68214
47490
37494
37479
64139
68298
88844
37478
2501
27205
37473
48898
43788
23126
54021
28429
38702
18412
23064
43789
13636
38724
53648
28598
38734
69690
23056
84694
43777
18342
90253
37198
84744
37316
38652
59207
38553
38661
23292
64384
59210
38664
56092
50013
53925
38668
64202
23110
66365
97184
53929
69520
38701
36670
22165
46231
1982
15507
6348
67986
29973
55377
27191
78378
15545
48968
18446
46943
19808
36888
67707
88253
12069
24840
82431
13415
11923
22196
73561
94107
32271
46358
14664
19379
34838
90907
8901
1131
47762
6670
22980
74345
5236
40099
19751
60843
91662
5662
33520
64339
46796
11187
83098
22599
94510
27686
52375
31829
37114
19841
22198
51696
40920
51193
71739
20572
53451
43475
23337
64429
20791
43744
12925
38360
48633
58906
61367
826
4969
66607
97426
19004
28432
27097
47665
1882
27809
49611
44524
3432
71837
56905
51818
62091
948
18312
59404
79950
48930
57985
68258
37030
67849
51291
39925
30511
5076
25622
76987
87260
18591
69956
28468
54030
23508
35293
25020
51094
21101
48229
36266
29573
31263
10717
33770
13224
7722
59087
43925
13106
64471
64570
41449
17410
753
52118
57141
46868
46967
21532
72897
17096
26524
67616
54022
8239
39058
47982
31751
21478
37945
58491
17597
57547
52460
62733
27025
42959
17524
89435
3382
54802
68528
50712
15103
36316
44419
18984
60076
59581
53019
73565
37758
48031
27485
93539
5909
1195
37669
22408
18977
80615
13432
54524
37002
57237
26418
36691
21628
1082
6991
26517
30645
10099
3402
34221
43079
52337
62610
72883
6554
25486
20696
10423
23732
13710
44628
19193
60285
36537
98175
24046
75411
52430
28605
21097
31370
16661
8915
22181
83819
18854
71064
35353
55899
86718
16636
26909
16624
88535
6996
68634
65212
58920
39513
70332
11611
73249
18865
70230
54969
54985
4115
58405
68678
3574
34393
79367
4083
86267
19344
50163
46341
36068
16017
67382
54088
38827
69646
23566
18225
67236
19392
3866
24412
86050
24553
52453
40041
51910
49090
59363
69636
52562
1197
15871
59317
17532
6442
51443
41269
5660
28738
3303
75214
47822
68368
22387
38275
69094
95090
55407
35059
42723
22375
29707
39306
18958
60050
6916
4698
97155
55819
86638
53998
64168
31785
42058
54914
44740
39653
35804
870
41962
72781
3737
19788
17116
47935
18590
3601
25744
50223
4440
66078
32724
73816
55117
65390
14421
19506
25633
36005
17087
49217
18398
3554
27103
5124
25670
67251
3787
57677
67950
47602
68148
43622
19467
48886
18067
18364
33625
6453
57818
37272
98910
41894
52167
21546
47632
17110
55076
63969
70832
51600
61873
72146
31252
2774
33415
39994
19646
4385
14658
49216
28670
70996
54844
19235
60327
41075
61621
379
41471
31198
72290
56339
19690
40375
29904
8520
53669
48582
17763
18060
59152
42013
36926
67745
18830
45384
4688
2331
43423
21542
26576
21808
62900
4060
96517
52766
1896
4041
48248
68794
79067
22813
19347
57151
36849
329
43874
95239
28613
38886
69705
57609
47435
37162
6541
4351
5791
32348
38686
55432
19823
30096
3324
95781
18714
35213
55167
11868
47596
35438
18451
43773
57186
18338
59430
55154
44980
19545
41385
26497
836
41928
26763
57197
98289
41936
9133
77940
22683
63775
53846
33498
54044
54962
39699
19351
28779
18506
44752
19317
28745
36848
19307
35806
19299
24013
95924
51059
40786
71605
35798
25525
19279
15899
98083
19464
50341
19520
60612
44929
75748
19494
60586
52373
21851
51627
31279
62098
39614
49887
48037
53462
55071
19425
57015
41754
21208
72573
26493
47067
19414
22706
32134
57196
70374
44873
14351
4078
44482
39385
59931
19037
55251
36141
97779
54618
44444
19009
60101
19065
51748
62021
30790
20517
39342
59888
18994
20232
35493
48388
68934
55185
49486
19214
68583
99402
49792
8700
19270
70635
35769
41070
61616
374
19229
22541
24898
19522
39532
19184
26921
49647
19125
60217
4237
44187
34145
44418
19082
44500
34326
40550
20821
10493
72131
20640
13569
54104
64377
38843
59389
33756
64575
40927
71746
20579
61914
20569
53821
74367
18212
38758
28485
79850
20549
40841
36992
2793
47630
88722
92909
57749
47476
42488
32215
927
21031
51850
56607
46334
20998
41544
51817
72363
42916
56603
66876
20994
25708
28065
20934
41480
28181
23094
20876
51695
72241
20822
65635
19731
57324
67597
42063
26802
43443
94808
27984
79349
19696
24379
96290
55263
45089
50258
86181
19654
71019
7869
59234
69507
79780
19568
40114
70933
31321
39870
19324
50804
63462
73735
44166
8161
45854
20413
85555
50889
40715
32152
62971
45786
20351
18667
20282
55865
40604
20256
50381
60654
24946
19821
45230
14411
65776
19795
50280
81204
32435
94073
18287
59379
46452
25906
15930
26203
18210
42899
73718
27638
18182
39914
49112
73309
32316
34673
42114
37027
47300
18168
49182
18113
59205
50246
60519
29898
53908
49977
19455
18346
79984
6553
77441
21654
44975
24429
34801
56126
45853
18160
18090
2543
48821
59094
92389
53251
22729
74094
19402
2903
23449
64541
43728
18293
17869
40345
25084
66176
36869
43415
17980
48799
28253
32093
4697
39560
70379
14125
32981
74092
57073
48326
58599
68872
48271
17749
43303
17652
41849
1153
54795
9012
80923
18082
37782
78874
22521
31949
73041
51934
31388
21412
62504
53691
63964
48604
99969
18352
79720
23158
33431
84796
18071
18068
46775
21340
62432
53249
48162
68708
22727
90700
57779
42518
22170
55795
14703
50708
40534
50807
71353
15099
35342
18832
4655
18789
39212
11696
18751
18726
27872
37697
18646
28919
23360
44058
38971
18623
69988
16266
57803
70032
18964
44386
18951
60043
30736
61555
8163
38982
18895
18888
29161
59980
36812
37455
58001
22194
32467
63286
18867
21224
22191
83829
8049
39436
19088
70453
32530
18290
18488
8215
57059
51972
46984
31997
44979
96344
19544
50363
55151
18433
18388
38836
73622
52624
1259
62897
32276
6247
43817
38730
18382
54737
8954
16025
98209
64067
48399
46527
67073
32733
12187
73825
3147
19666
60758
71031
18557
69922
22975
92751
54148
64421
19658
50477
81296
4397
43956
38869
18521
38855
90220
18507
69872
54437
34025
59559
49484
49466
29604
49419
90511
49378
49369
39096
59642
54443
44170
49356
59629
44298
49350
54425
49338
54422
49335
39062
59608
69881
49334
18515
59607
49315
49303
49256
49251
49582
18975
49776
80595
49750
18931
70296
49749
49683
18864
44380
49665
49653
49598
49593
70139
54310
59855
49572
39299
70118
49549
59822
49548
90640
34088
49547
49540
28727
80092
90365
54571
64629
74598
48965
59238
48944
48929
48928
59201
48899
48889
53893
48806
48767
48743
48721
48705
54052
48697
56156
56057
48659
28113
69205
48645
48626
48622
48616
48613
48587
48580
48573
89665
79906
49223
49205
38932
49204
49191
69737
80010
49154
18335
49150
49091
18272
54174
49087
7995
39521
49077
38804
18258
79896
49040
59313
49035
69581
48992
45024
48985
48984
48983
59256
48981
50746
42917
55925
50838
40565
50836
40563
71382
50832
50816
30270
50781
50759
55842
50755
71301
53289
50722
60995
50690
81509
50686
9594
4807
15080
13651
65115
55667
50580
40307
50545
81364
71595
51188
61461
92280
51186
20367
10094
51177
51174
51144
61417
51134
51077
71623
51054
51049
50544
92141
56265
51001
50969
50909
71455
92001
50908
40635
71454
50888
88264
50852
55927
50840
49917
19377
50153
50132
50128
50109
29563
50082
39809
50019
91111
49994
49964
49958
49946
49929
50196
8825
49890
39617
49874
54955
49868
29322
70414
49865
49855
70401
80674
49852
70398
49794
50409
81355
50529
19710
50525
60798
50514
50512
60785
50496
60769
50469
50452
70998
50447
40174
48566
50406
50398
19579
60671
50392
50378
19559
50357
50352
9260
50351
50299
70845
50260
36734
47202
47200
47159
98524
52202
62475
47115
47112
88204
47071
47035
57308
88127
47033
47007
47205
46998
26452
52084
62357
72630
46997
67543
46962
46933
5841
46926
57020
46747
51933
46846
37090
47517
47484
47482
47472
47470
47459
47453
26907
67999
98818
47447
6227
47418
47409
47363
51906
52428
62701
47341
47321
37048
67867
47318
47311
47296
47261
67807
47246
47211
78030
57379
66983
67038
77311
46489
67035
61841
82387
46481
46475
46455
67001
46450
36177
46439
56712
46437
46492
46432
46420
66966
46411
46403
66949
46388
46329
46316
51661
46272
87364
46253
46223
56396
62321
72452
46819
36546
77638
46787
46764
46702
46671
67217
56816
25997
46642
67188
46616
52048
47518
56761
87679
56759
46585
77404
46575
51652
46565
15746
46512
67058
51597
61870
46510
58336
63557
48197
68743
48194
27648
46491
48151
68697
48133
48082
27536
48081
48072
48063
37790
53284
48056
89148
48047
68593
48040
48027
53078
32532
73624
47991
53066
47979
68525
47978
47958
48444
48560
38287
48552
48513
69059
48508
38235
48496
38223
69042
48464
48463
17644
48457
53531
68504
48422
38149
48385
48370
48325
48319
38046
48311
48276
48256
68802
48251
48230
48209
58482
47619
47760
47753
57914
47740
47735
57897
98989
47723
53863
47699
16623
47640
57913
16821
99005
37491
68165
47617
78436
55341
75887
57756
37210
78302
47582
47574
47557
47552
47550
68096
78369
47881
78777
47940
37667
68486
47927
47913
47911
47899
47898
37625
47889
47883
52968
42695
83787
51207
47862
58027
47754
52940
11848
94032
47853
54098
49011
47832
17013
52873
47786
47764
65601
55527
55484
55474
55442
4077
55421
55400
55393
55388
86207
55373
65646
55342
55330
55328
55537
55324
55291
55266
44993
24447
55261
55241
44968
55224
65486
55208
3843
55192
58020
42561
45567
97254
8413
56116
25297
56094
76640
56033
56026
55954
55948
76494
55918
55915
55844
55840
55137
55828
55761
55695
55693
96785
55686
14594
55639
14547
55598
45325
55592
55574
55566
55552
54590
34310
54853
54852
54846
54801
54750
54746
54733
54726
54720
54699
54678
54640
54626
64899
54856
34044
54559
54517
44244
33971
54461
64734
54426
64699
54414
23595
64687
85233
54410
54386
54987
55135
55128
55111
55088
24269
55077
55063
65336
55059
34513
55054
55026
55020
55003
54999
56162
65260
54978
54973
13881
34427
54935
54917
54898
3533
54893
65166
11676
54860
24041
57347
57465
88284
57444
47171
57422
57405
57401
47128
57398
16306
57367
47094
67640
57349
5984
57486
67620
77893
57317
57298
57295
57284
47011
57275
57256
57225
57219
67492
57180
26361
57127
16667
58078
58068
58052
57975
57946
57925
57876
57856
47583
57778
57773
57765
26946
88584
57759
98219
57758
57752
57730
68003
57710
57665
67938
57626
57572
57530
57529
57526
47253
57501
57499
56337
56537
56533
15441
56512
56484
46211
33936
56419
56408
56398
56371
46098
25552
97463
56355
87407
56329
25510
56285
25466
15193
56282
56253
56246
56218
56214
56211
56208
97300
56189
56186
56871
57032
57023
67296
57012
98104
56973
56966
77512
56960
56948
56926
67199
36377
56918
46645
44113
56755
56742
46469
56734
56697
56690
36144
56688
56671
56632
56619
87438
56588
46315
52058
52346
62619
52265
52228
52216
31670
52204
57258
52171
52152
52087
21268
62360
57145
46872
62647
52050
52045
21226
52042
41769
31496
52036
52035
52034
57093
46820
98185
52006
52005
52002
52608
73481
52921
52858
42585
52831
52814
52778
21959
52738
52722
52709
62982
52634
52615
42342
51987
52586
62859
52583
52574
62847
52555
52551
52550
52510
52499
31953
52467
52410
57461
52374
56433
92745
51632
267
61905
51622
61895
51572
72112
51557
51549
51417
51387
51372
51357
20538
72199
66706
51346
61619
51335
41062
56379
51292
20473
71838
51283
51281
51261
51253
51243
51237
69735
21168
51965
62238
72511
57040
87859
51953
41680
51937
56678
51924
62175
72448
51900
51884
42662
51793
31247
51774
62047
82593
56825
51738
56814
51727
10635
51726
31180
51708
51653
74346
54053
43780
54004
53990
53930
53898
64171
53892
43619
64165
53889
53847
53833
53800
43527
54058
53789
53788
22838
53747
43474
53725
22856
53655
74201
53642
53591
53570
63843
74116
53549
54176
54286
54274
54267
54259
54244
74790
54231
54230
54213
85032
54210
85029
54190
54184
64457
74095
33630
54172
23353
54165
74711
54161
54160
54129
54113
74659
54108
64381
74654
54101
33555
53100
53192
53177
53171
63444
53170
53162
42889
53155
63428
73701
53144
32598
73690
53128
53123
53197
53097
63370
53093
73639
53085
32539
73631
53080
83899
53075
53056
22237
73602
53052
52935
53384
63369
53543
53541
12449
53534
74080
53513
2148
53489
53470
53446
53441
43168
53435
63708
66669
53376
43103
63649
94468
53367
43094
53362
53339
73885
53334
53304
53285
53254
53224
41381
41496
62042
46579
41492
62038
41476
82568
41474
382
41447
41441
61987
56667
41406
72225
41512
92746
51544
20725
92636
41370
56605
41344
51617
72163
56591
41330
56586
5221
66859
41325
56844
62229
41678
41668
62214
72487
41655
41645
553
72464
41638
56864
41603
41598
41595
21049
56584
51757
41583
46669
36396
41582
62128
46656
36383
41569
477
62115
5522
41527
20981
46599
56323
22602
41177
41156
71975
41151
71970
56401
41140
41105
71924
41098
51238
40965
20419
41064
41194
41055
41051
41037
71856
92402
41032
41007
4792
40995
40991
61537
46074
25528
66620
40987
72010
41323
72142
51495
41222
41321
61867
51493
41319
31046
56570
41309
51474
72020
41300
20754
21137
41290
198
41280
41263
41255
51528
41238
61784
41208
41196
30923
61742
46281
66827
42165
42251
42242
52409
21590
83228
42217
42202
62445
42196
62742
73015
42190
57439
42178
21632
73076
47240
42153
42148
57392
42131
42121
52394
42105
42085
21539
57342
36796
47168
42081
42080
42334
42415
52688
47059
88151
98226
42350
42346
52619
52517
73063
42343
42338
57595
52508
42235
57330
73153
42305
32032
57555
98647
42294
57533
98625
42272
73091
57532
42271
73090
47344
42257
46863
41926
72745
93291
41916
62462
46990
67536
41903
41885
793
57090
77636
41829
62375
41820
72746
5771
41776
72595
41748
54815
95808
447
41737
60206
41704
41703
51857
21038
492
41683
52179
42069
57747
26928
42288
73107
42035
42033
47103
42016
31743
52185
42011
31738
42009
38608
40977
42005
47088
36815
42001
41983
41981
11162
41960
52233
41940
62486
72759
47014
41927
81083
40113
19567
40095
40089
40088
19542
29815
70907
60585
40033
60579
91398
40017
40004
39991
50287
39984
39977
39975
39964
60510
39936
55193
39932
60478
50096
39922
29649
39904
39899
19353
40203
71102
40267
29994
40257
40237
40227
71046
40221
9402
55469
40208
71027
50380
40206
19660
39887
45286
40199
9380
40180
60726
55435
65708
40157
40151
62354
40130
44867
44669
65941
40121
19005
39629
39608
19062
60154
70427
39598
70417
39593
19047
39590
70409
39586
60132
49725
39551
39639
49824
39543
60089
39535
29262
54782
44509
39518
70337
39511
49681
18862
44594
39507
60053
49909
55134
39873
39871
39864
39849
50122
70668
44928
39841
39811
39807
50080
39767
50040
54996
30010
8817
39735
19189
60281
51733
54967
39706
60252
39703
60249
39698
8879
60244
39689
30463
45878
66424
40791
40777
40769
56016
40755
40752
81844
45826
66372
40739
51012
71558
40736
71615
40729
61275
40718
55969
25150
76515
40708
30435
40705
9886
92070
45771
40684
40676
40675
45965
71796
51148
61421
40974
46053
66599
40966
71785
51139
40932
92297
51104
40930
71749
40899
45746
25419
40878
40853
51126
61399
40849
30576
61395
23987
40825
40814
20268
71633
40796
61342
40385
50644
60917
71190
51616
55720
40459
71057
40436
40424
40422
60968
45497
40410
40402
40394
40484
40358
50531
40357
9538
56065
25246
45891
66437
40311
71130
40304
19758
40298
71117
40283
40566
40659
71478
40650
71469
55896
45623
50809
40624
61170
40597
40592
55849
45576
40588
30315
42426
55826
40552
40549
71368
91914
40539
9720
61085
40537
40529
91894
40495
40490
71309
55222
45094
55367
45043
55316
96408
44970
75789
55143
65416
44969
55136
24317
44962
55235
44949
55268
44930
34657
44924
55197
75743
49982
70528
44895
44892
44875
44874
96239
44853
34580
44841
45302
45346
55515
50428
60701
45341
55509
24690
96601
45335
24789
45799
81507
45327
35054
45318
65387
7572
50353
29807
45266
45227
65773
45198
24652
45141
45114
24568
75933
96479
45112
45102
44632
44709
49795
44708
44697
44691
65237
44684
54831
44558
44657
44648
34375
24102
44642
44636
24172
49661
44574
13755
70298
44555
54828
44519
44498
44458
44424
44390
71222
44383
44382
44381
34497
55002
24183
44828
3736
44819
49892
39619
90984
44805
34532
44796
44772
49857
60130
44770
65898
45924
25378
45726
35453
44763
44762
49831
44744
65290
54666
56117
86936
44731
44718
15111
46023
35733
15187
97371
46005
45999
97364
51070
45983
45954
87046
57683
51017
61290
45930
46024
45929
45926
45919
56192
87011
56066
45793
45892
35619
56055
45881
66427
45851
15032
86943
35881
46222
46212
46208
25662
46186
40789
46172
46171
15352
51257
46170
66716
97535
51241
46154
45849
46147
66693
46121
56288
51201
46114
46095
66641
76914
46089
66635
60609
91527
46076
46070
50521
66175
50687
45600
45593
45589
50668
45581
45575
55726
45552
45538
55688
45514
45485
45480
45629
60794
45434
24888
45407
96772
45402
24856
45399
65945
45389
4297
65935
45367
65913
45352
45748
45845
45835
25289
49196
38824
45828
55983
45809
56082
45778
50862
40589
45775
45752
14933
44370
25202
50803
45716
25170
35443
50767
45680
66226
45658
45655
66201
97020
45631
66177
73750
63564
43117
46823
43106
58463
43099
43072
63618
43062
43059
73878
43036
63582
84128
53204
53291
43030
32757
63576
43002
42992
42980
22434
42972
22426
73791
42958
42957
32684
42952
73771
43203
43321
74140
48394
43307
43265
43246
43235
43226
43214
63760
74033
53387
43213
94578
43208
42937
53476
71521
48261
43174
9593
43138
48221
68767
43134
22588
2042
43127
43124
53295
43121
42533
42638
57898
6533
42637
42634
52907
42580
42570
42563
42552
52712
32166
73258
42538
57794
99090
52806
47613
68159
42526
42506
42501
42479
42471
42467
52601
32055
73147
42427
11608
21881
52864
42912
73731
42879
42867
42838
53005
42831
42829
42777
42769
42768
42734
32461
42730
73549
43390
42591
47777
68323
42690
47773
37500
42686
22140
1587
42669
47749
42651
42647
47725
13126
89621
44099
44096
44084
33811
44071
23525
49118
18299
79937
44031
44030
49067
43980
43945
64668
54218
95310
43933
23387
33660
54093
23274
64366
43919
43907
43890
84982
43872
43860
64406
44193
44359
44325
64871
44324
75143
44290
54563
44259
54419
33873
44245
54518
54370
44196
54469
43853
23647
44192
54364
44190
54352
85171
44178
64724
54337
64610
44163
44140
54296
64569
44122
43482
43588
53861
43578
23032
43565
64111
43557
43554
43553
43523
43511
53673
43499
43491
22945
43607
53755
43476
74295
43459
43450
63996
74269
43439
12620
63985
43429
2337
43405
53566
43392
43721
64399
74672
48893
43806
23260
43800
53950
48863
38590
89955
43776
43769
48841
43754
43743
39505
53876
43702
43683
12864
43682
53844
43571
33298
94936
43670
43655
43651
43644
84736
63856
63716
63717
63755
63757
84303
63765
63778
63785
63790
63794
63808
63834
74107
63848
63851
63711
63866
63869
63879
63883
63884
63955
64031
64039
84585
64049
64085
64087
64101
64125
64144
63610
63324
63331
63367
63376
63385
63433
63436
63460
63507
73780
63525
63566
63573
63594
63606
64155
63611
94430
63617
63621
63630
63646
63654
63686
84232
63687
63688
73961
63701
63706
64662
64497
74770
64518
64527
64528
64542
64553
64558
64567
64590
64594
64611
64615
64619
64638
74751
64684
64685
64717
64759
64762
64765
64770
64773
64793
64815
64821
64839
64868
64872
88329
64161
64167
64172
64173
64194
64195
64211
64217
64220
74493
64232
64242
64253
64265
64291
63313
64313
64314
64332
95151
64341
74614
64379
64390
64416
64448
64466
64472
64473
64478
62418
62223
62243
62257
93076
62258
62281
62299
62304
62306
95678
62348
62396
62397
72670
82943
62202
72691
62421
62430
62466
62512
72785
62515
62519
62526
72799
62558
62561
72834
62577
72362
61979
61982
61988
62008
72281
62009
72282
62019
62025
82571
62027
62039
62044
62081
62089
62606
62135
62138
62139
72412
62146
62148
62150
72423
62161
62170
62185
62188
62200
72473
63177
62966
63005
63008
63012
63024
63040
63053
63057
63115
63118
63120
63141
63150
63157
63164
83485
63189
63211
63229
63234
83780
63238
63256
83802
63264
63266
83812
63271
63279
83825
62812
62616
62620
62635
62643
62669
62678
62738
62757
62774
62779
83325
62787
73060
62799
73072
64873
62830
62831
83377
62873
62886
62895
62914
62916
73189
62928
62929
73202
62931
62939
66708
66517
66536
76809
66563
66565
66576
66580
76853
87126
66639
66642
66646
87192
66676
66690
66493
66741
66780
66834
66838
66840
66847
66877
66911
66950
66959
66967
66986
66987
66990
67010
66423
66273
66320
66344
66358
97177
66360
66368
66369
66392
66401
66404
66407
66409
66410
66412
67018
66425
66431
66436
66447
97266
66461
76734
97280
66473
66477
87023
66486
66488
66489
67632
67355
67394
67396
67401
67406
67423
67426
67436
67451
67481
67495
67517
67606
67608
67628
67330
67637
67653
67659
67681
67683
98502
67690
67691
67702
67727
88273
98546
67731
67733
67223
67070
67080
67086
67104
67132
67139
67146
67150
67151
67157
67169
67176
67194
67200
67211
66245
67232
67237
67247
98066
67257
87803
67260
67262
67266
67274
67278
67319
67323
77596
65268
65110
65152
65172
85718
65180
85727
96000
65183
85729
65184
65195
75468
65205
65232
96051
65109
96087
65295
65297
65314
65381
65391
65397
96216
65448
85994
65455
65463
65469
65493
65002
85419
64878
64888
64897
64921
64922
85468
64943
95762
64955
64958
64973
64974
64975
64994
65542
65007
65018
95837
65025
65026
65045
65052
65054
65077
65095
65098
65103
65107
65108
66111
65903
65906
65916
65950
66002
66007
66021
66022
66030
66037
66046
66048
66069
66076
86622
65863
66126
66128
66132
66140
66147
66156
66166
66174
66182
66189
66192
66195
66234
66236
65745
65558
65561
65563
65575
65583
65609
75882
65676
65692
65701
65706
65709
65740
86286
65743
61975
65754
65758
96577
65759
65765
65779
86325
65796
65799
65804
65815
65821
65823
65855
58579
58545
58547
58548
58554
58558
58560
58573
68846
89392
58575
68848
58576
58577
58578
68851
89356
58581
99673
58593
58595
58600
68873
58606
58612
58618
58627
58629
58651
58692
58703
68976
68705
58348
99440
58351
68624
99443
58384
58387
89206
58399
58403
58414
58422
58423
58427
58432
89522
58461
58465
79011
58466
58473
68746
99565
58486
79032
58500
58511
89330
58530
58537
59050
58942
58947
58953
58962
58964
79510
59008
79554
59012
79558
59021
79567
59036
59039
59047
58933
69323
59052
59060
59062
59102
59118
69391
59121
59135
59146
59157
59175
59180
59181
58828
58705
58707
58722
99814
58731
58752
58764
58784
58790
99882
58793
89612
58801
58813
58816
58343
58829
58834
58842
58859
79405
58867
58873
58879
58888
58893
58897
69170
58908
58913
36900
36693
67512
21500
36761
98399
36763
36792
57144
36811
41902
47049
67595
52142
36881
52161
46867
57251
36903
36906
1336
36945
78037
47134
42047
72866
36960
36961
67780
36962
21704
36629
36512
21279
26366
36540
21285
62377
947
62585
36556
36579
13501
23675
85313
69755
36606
62796
36637
43364
46833
36659
31579
72671
36666
98304
26500
36674
41764
36677
51954
62227
58204
37287
58090
58104
58121
88940
99213
58123
58124
58128
58130
58141
58183
58190
58201
99293
57635
58218
58222
78768
58224
58228
58258
99350
58306
58314
99406
58315
89134
58334
58335
93674
83342
37008
98646
37013
47196
6500
37111
37135
37157
37176
57535
47361
67907
37187
42309
69454
37222
37225
98863
37241
52521
37260
32179
62998
37266
74206
79293
57620
52533
73079
61328
61118
61121
61171
71444
61197
61209
61210
61211
61215
61244
61273
71546
61280
61283
61311
61114
61347
61361
61372
61385
61386
61422
61428
61435
92254
61437
61452
61456
61463
61471
61484
60998
60861
71134
60865
60890
71163
60892
71165
60905
60912
60924
60935
60954
71227
60966
60997
61486
61007
61013
61014
71287
61018
61043
61048
61051
71324
61058
61066
71339
61091
61104
61857
61744
61755
61762
61772
82318
61780
82326
61807
61819
72092
61823
61838
92657
61849
82395
61743
72130
61861
61878
61888
61904
61906
61921
72194
61923
82469
61942
82488
61948
61959
61638
61489
61495
71768
61500
61521
61550
61562
61566
61572
61573
61576
61599
61602
61615
61637
60842
61639
61643
61650
71923
61653
61657
61674
71947
61700
61707
61713
61718
61724
61736
59907
59630
59700
59706
59711
59721
59727
59741
59782
59789
59808
59847
59873
59880
59887
59897
59610
59918
59929
59943
59944
59947
59952
59983
80529
59984
60042
60060
60062
60073
60074
59388
59185
59189
59211
59226
59249
59273
69546
59290
79836
59294
59295
59307
59318
59321
59359
60091
59392
59416
59436
59457
59461
59467
59514
59515
59554
59560
59563
59570
59591
69864
60618
60389
60403
60407
60424
60429
60440
60453
60465
60467
60488
60564
60580
60590
60606
60615
60344
60621
60632
60647
60650
60652
60664
60681
91500
60690
81236
60751
60811
60819
81365
60230
70364
60120
60122
60142
60145
60146
60167
60181
60195
60204
60205
60208
60216
60226
60227
67739
60254
91073
60260
60295
60305
80851
91124
60311
60317
60320
60324
91143
60338
60339
83652
82896
82914
82928
82952
83063
83082
83135
83163
83185
93458
83188
83212
83424
83445
83529
82891
83685
83731
83798
83925
83983
84082
84097
84215
84276
84278
94551
84309
84422
84450
84584
81969
80960
81005
81114
81138
81149
81229
81277
81307
81444
81521
81530
81537
81549
81573
81943
84716
82125
82144
82170
82182
82188
82241
82249
92522
82255
82358
82535
82679
82768
82822
87052
86573
86605
86609
86623
86675
86742
86759
86776
86850
86868
86909
86910
86929
86964
86999
86551
87055
87083
87102
99121
87177
87291
87296
87301
87317
97590
87329
87348
87435
87475
85794
84723
84728
84781
84883
84893
84895
84906
84940
85139
85159
85430
85559
85681
85696
85711
80959
85850
85856
85948
86073
86128
86242
86253
86365
86404
86447
86453
86463
86532
86546
97213
76067
76175
76183
96729
76196
76201
76252
76361
76418
76470
76493
76505
76511
76538
76580
96583
76724
76785
76788
76837
76854
87127
76881
76886
76911
76975
76997
77003
77171
77206
75391
80871
74927
74934
75005
85278
75018
75031
75067
75149
75159
75174
75208
75255
75256
75312
77248
75426
75469
75579
75594
75620
75630
75703
75896
75937
75954
75961
75993
76025
76037
80133
78993
79015
99561
79029
79068
89341
79129
79568
79671
79710
79837
90110
79855
80034
80077
78991
80329
80342
80375
80406
80445
80467
80479
80542
80558
80699
80712
80768
80803
80946
77993
77281
77306
77420
77466
77482
98028
77504
77570
77574
77618
77620
87893
77633
77763
77937
87498
78116
78149
78277
78306
78316
78354
78404
78447
78587
78780
78838
78867
78935
78990
97402
97004
97052
97060
97080
97096
97120
97122
97239
97267
97274
97298
97321
97339
97376
97381
97002
97470
97497
97546
97582
97600
97608
97616
97622
97674
97687
97689
97701
97808
97828
97873
95827
94715
94814
94893
94950
94977
95095
95201
95293
95341
95362
95365
95445
95547
95714
95817
97921
95853
95891
96150
96172
96538
96587
96669
96712
96788
96800
96875
96937
96978
96982
99345
98945
98953
98966
98969
98983
98988
98996
99001
99055
99082
99122
99225
99226
99267
99308
98933
99355
99389
99403
99484
99543
99605
99700
99711
99746
99748
99794
99818
99886
99958
98559
97993
98006
98022
98068
98118
98130
98134
98159
98197
98256
98322
98360
98420
98467
98473
94693
98633
98642
98645
98710
98732
98741
98770
98833
98859
98875
98889
98893
98911
98912
89884
89269
89283
89296
89370
89432
89467
89492
89539
89554
89578
89589
89631
89848
89850
89876
89220
89886
89904
90009
90065
90078
90080
90349
90393
90445
90589
90620
90788
90929
91164
88085
87587
97860
87640
87652
87711
87721
87756
87790
87825
87836
87852
87899
98172
87927
88003
91165
88156
88255
88347
88425
88456
88611
88621
88687
88699
88853
89028
89176
99449
89219
93717
92776
92868
92919
93040
93212
93275
93295
93311
93372
93427
93433
93506
93614
93706
93709
92611
93728
93774
93861
93940
94020
94116
94333
94340
94375
94403
94406
94548
94552
94632
91866
91169
91321
91323
91347
91362
91370
91386
91506
91529
91531
91563
91758
91772
91790
91834
74874
91883
91951
91977
92006
92098
92175
92272
92312
92430
92432
92446
92500
92569
92602
69959
69785
69792
69831
69863
69867
69908
69919
69930
90476
69934
80207
69947
69951
69957
69958
69783
69961
69977
90523
69997
70035
70058
70067
70082
70105
70111
70124
70140
70145
70185
70192
69684
69411
69446
69457
69477
69488
69497
69571
69576
69601
69608
69616
69635
69647
69673
69679
70209
69685
90231
69699
79972
69706
69715
69725
69754
69767
80040
69768
69772
69775
69779
70916
70737
70747
70774
70780
70791
70798
70821
91367
70825
70830
70838
70849
70867
70873
70895
70698
70917
70965
70967
70969
70975
70988
71001
71013
71021
71049
71050
71053
91599
71054
70360
70210
70215
70221
90767
70233
70261
70280
70284
70297
90843
70312
70325
70345
70356
70357
69392
70407
70443
70474
70493
70511
70512
70556
70557
70602
70631
70636
70646
70685
70688
68309
88708
68181
68183
68184
68185
68202
68208
68213
99032
68218
78491
68255
68260
68265
68277
68162
88855
68312
68315
68337
68345
68352
78625
68404
68410
68411
68431
68440
68451
68453
67998
67744
67785
67791
67809
67818
67840
67861
67875
67880
67889
67897
67932
67936
67970
67997
68454
68002
68011
78284
68023
68034
68035
68048
68062
68071
68095
68099
68119
68132
68144
69167
68791
68842
68896
99715
68915
68957
68966
68971
68972
68979
69024
69061
69083
69090
69141
68763
69198
69200
69204
69225
69246
69271
69278
69283
69337
69339
69374
69383
69388
89934
68640
68478
89024
68479
68493
68500
68509
68530
68533
68541
68542
68575
68581
89127
68605
68615
71068
68653
68669
68675
68699
68702
68709
89255
68710
68722
68729
68731
68745
68751
68752
73508
73341
73344
73351
73353
73386
93932
73409
93955
73424
73472
73477
73479
73489
73503
73504
73333
83781
73524
73532
73564
73569
73603
73616
73627
73632
73641
73661
73672
94218
73694
73697
73048
72775
72798
72803
72808
72822
72833
72868
72895
72898
72932
72978
72986
73014
73034
73043
73715
73062
73073
73078
73088
73094
73145
73150
73184
73199
73252
73260
73282
73293
73327
74250
74103
74123
74132
74133
74154
74176
74180
84453
74185
74192
84465
74196
74233
74241
74245
74083
74292
74298
74300
74323
74341
74451
84724
74477
74487
85040
74773
74786
82968
74861
73888
73734
73737
73749
73754
84027
73759
73772
94318
73784
73792
73803
73815
73819
73823
73854
72772
73889
73897
73902
73904
94450
73924
73935
73947
73966
73968
73972
73980
73999
74066
71657
71447
71451
71462
71468
71474
71476
71481
71502
71509
71530
71539
71541
71579
71630
71639
71430
71662
71665
71677
71679
71745
71755
71788
71795
71812
82085
71860
71865
71869
71885
71265
71079
71099
71109
71132
91678
71139
71155
71174
71192
71196
71228
71230
71235
71251
71259
71887
71275
71282
71295
81568
71323
71336
71344
71396
71399
71400
71410
71414
71421
71425
72547
72407
72410
72424
92970
72437
72491
72492
72501
72505
72512
72521
72534
93080
72537
72542
72399
72575
72584
93130
72619
72622
72652
72654
72678
72699
72706
72709
72720
72743
72756
82465
71891
71919
71935
71961
82234
71971
72002
72034
72044
72055
92601
72058
82331
72126
72192
36510
72214
72222
72226
72233
72243
72276
72325
72329
72333
72372
72374
72389
72393
72398
36633
19365
47781
68327
99146
22346
15275
34131
3312
20270
51089
39244
28971
3635
65273
62913
9092
67452
48115
12506
54813
24291
43687
18252
72352
9921
92105
50289
40115
60661
91480
10134
60808
22944
17857
69222
6118
57483
6329
56453
66726
31018
72110
77386
16045
55622
4257
50535
50416
30187
61006
9090
60455
9631
40645
35558
15012
56442
42792
27531
58350
68623
89169
56506
34063
10582
19637
24724
13828
65193
35787
66606
25613
27970
42858
39747
57365
98457
31930
32398
10723
62088
37128
30312
18501
46347
66893
10738
46189
10580
49058
59331
18536
59628
22403
60689
52519
62792
37159
98797
22766
63858
50558
25123
97034
1238
61119
41497
62043
31323
69541
55987
66260
10204
61569
71842
29060
4721
10266
71904
33450
64269
10349
18186
249
17951
40713
17
53736
43562
28301
38574
7780
21273
41819
34484
40979
53778
74324
84597
38517
56769
36434
27366
6820
78731
34810
29723
42836
27575
8858
70496
32250
47689
32428
18288
27896
71984
18786
70151
28214
21838
10053
35214
66033
9779
71417
50925
71471
39886
4277
48442
8114
33181
7746
42596
83688
12074
53645
74191
35238
30448
7778
23115
12842
50310
4453
58492
25092
22008
34825
23547
33820
38435
28162
28261
59080
2204
74115
16346
57438
98530
32845
50527
56488
31053
40639
61185
52797
32449
22209
63301
73574
56699
18882
39428
38425
7903
59231
10825
55116
29681
48857
69403
49349
21471
38716
28542
69634
36280
67099
43772
74591
38685
69901
21935
32208
54024
8241
48017
57979
31679
93317
18767
59859
23854
34127
64946
8593
41870
47189
46080
15261
97445
15558
5285
36104
20657
92568
15570
47703
99068
12094
27355
58174
15411
93235
36783
56274
25752
15578
66943
18938
60030
70303
15611
87522
41283
15848
67213
19226
51625
14641
18609
28783
6940
58305
51231
25796
56615
87434
38450
58996
24131
43733
23385
15151
41558
36364
55934
15238
27023
21929
58974
13070
57838
98930
6968
58333
12055
15382
27167
95174
33517
23442
17609
32870
73962
23446
64538
23488
64580
23507
23516
64608
32917
63736
54082
43790
23560
64652
51541
23660
23704
27677
58496
89315
54429
34081
75173
49177
59450
64834
45058
72377
26297
20363
29791
15927
67292
22584
16471
53064
47977
8363
70001
21213
62305
16126
7987
75877
29797
60616
70889
43679
23331
23364
55870
23392
23401
43764
23416
33689
64508
64971
19785
32568
97230
32395
12047
33260
21325
62417
40554
50827
30281
66286
28172
70304
23879
30979
18497
12627
74265
4064
55429
52879
22357
17270
37361
1752
47964
58237
7268
15819
41821
80174
35035
24770
36555
46617
11008
47126
16604
26877
19665
39606
65437
24084
51995
93087
13116
21673
11499
42318
37997
12562
15267
76905
46613
87705
31352
46811
20805
31078
72170
60718
18853
14063
53640
28205
59024
44410
64956
26046
46592
87684
43664
95029
28403
59222
19626
49672
14539
20625
82930
26865
43204
20872
50171
19649
29922
14562
45106
19671
14584
53770
31227
49963
70509
29615
19342
60434
23300
45259
96624
24911
35184
13149
12015
24902
14728
76366
30892
16963
54358
13662
23438
55571
35223
18797
2406
33225
22754
84392
12773
94957
13882
25725
5191
25737
24487
55306
19400
50219
58274
45903
56176
71932
36221
28828
18654
80292
51160
35713
77090
23170
47859
99224
990
58657
79203
12775
2502
62686
46531
36654
44497
39603
70422
68963
28514
59333
50636
56262
305
48545
58818
56645
51360
1228
27772
58591
17598
38144
27871
9081
18836
59928
52461
11765
37226
15321
54711
14015
19102
53592
33244
64063
94882
19105
19345
35861
51286
41013
19645
29918
29214
46039
256
33082
36273
56819
22672
43218
8530
29076
26770
51362
56941
26419
47095
36822
21660
41143
61689
19571
40117
34832
3916
38603
22870
5085
39499
35158
38650
8128
90312
49493
59766
18971
70336
21328
99983
46529
26181
46200
36026
230
66723
31012
22620
46825
24001
11555
407
89500
7672
31242
18262
4954
47217
36944
158
34058
64877
19550
91461
74
18711
27864
44339
8730
52275
37014
51202
10110
5419
24275
3239
42800
22452
7191
68829
49152
18333
69698
71967
31125
50842
5059
12092
494
62132
15519
32377
40890
5281
22899
74264
7638
43440
23092
53911
64184
56869
46695
912
72823
66587
20811
23006
37953
26051
97962
28408
18135
30765
47796
54374
18765
38848
18302
59394
69667
95131
12834
49905
39731
8912
19383
60475
52321
42048
62594
72227
38265
69084
23219
33670
23220
10477
13552
18639
70004
34029
75121
55540
24721
4670
24193
14717
41240
5631
56996
46013
24351
61903
21521
62613
1173
20432
38562
7743
18214
7124
53
18909
60001
70274
22839
34624
41815
46442
659
38697
79789
18349
49363
44150
64696
24077
33945
46152
87244
10543
72181
42057
21670
24539
19452
46681
67227
36507
52071
62344
41897
67431
77704
57039
67312
11256
57318
83011
43698
3002
10035
81946
26534
40303
45543
53626
23104
17271
58363
68636
34387
65305
46321
12271
57900
52813
10743
31289
52620
62893
19380
85235
31691
93329
19136
49955
44396
41400
72219
20886
2707
64345
27133
36739
53602
2732
2969
1281
32100
73192
37374
17026
99210
52192
18722
36078
53621
63894
40996
61542
2446
3217
52676
32130
62949
23154
84792
30922
32309
73401
45014
59814
49072
69618
79891
19521
70886
21878
73243
52454
1584
37193
26920
11758
63123
80843
37593
58139
42482
73301
577
21123
31396
3918
35932
66751
45028
19593
4256
65894
39751
70583
19403
51909
21387
26474
77839
4986
56540
20931
55913
86732
19822
3187
64825
19686
70078
82086
20646
41192
298
27955
50025
70571
19503
33645
20741
30915
45260
44346
54619
39259
40994
18911
29184
33053
55065
96157
4195
84802
18374
90285
3113
43740
64286
30265
50582
61349
60247
53118
42944
84036
7335
35322
96960
1330
45703
52028
46941
36767
77859
30530
51076
45495
33175
7641
2554
390
39568
19220
9046
15706
1858
15383
97567
16465
56255
51168
99697
2109
32928
34615
9180
54391
29210
60029
70302
49129
8433
90617
37463
27289
68381
38059
36522
22798
74163
19357
60449
53355
22536
33007
17746
16223
6049
67687
23265
34677
60310
26638
50654
40480
76297
56133
45959
30698
6905
16333
67698
98517
23404
8528
59893
46986
67532
29908
54897
65170
19288
55234
50147
34394
75486
22377
63469
3524
39625
29451
21261
72626
31600
56810
31375
72467
51350
41176
36089
31393
31551
62370
72643
46830
98195
36656
31569
31583
36084
72692
21442
31616
82981
46886
87978
31722
903
46999
67545
47004
57189
1232
83416
36841
41468
33424
95062
51426
46339
66885
56531
31096
46375
20940
31213
31114
35828
26093
31183
31195
77933
43729
8120
59485
69758
46507
31246
31261
31294
82659
5046
35568
26216
31303
21196
37175
40222
52556
37327
32240
63059
32264
6880
68518
32315
32336
32341
47722
47349
42262
21914
62945
42641
63187
32502
32536
73628
45232
70964
32553
63372
32555
63374
17323
99507
32584
57402
44285
34111
31755
31902
31909
73001
37000
31913
31924
57369
31934
21898
42127
26866
31954
18163
67675
52315
83134
11619
31967
32023
26563
36737
52380
57474
21865
42312
32087
93566
56555
36878
33407
29854
29881
4476
29911
55357
35027
29940
55457
4587
30022
30060
60879
34936
52139
77101
31866
99680
56406
46232
30971
45463
30202
30215
50761
45504
30243
30284
61103
29459
70311
29261
49807
66767
44611
29350
44238
34064
64883
29372
29373
29422
60241
44717
29456
40471
34173
36530
46803
68582
19359
29533
91171
29608
29750
24701
34974
29788
39981
60527
41214
30856
61675
25835
51271
61544
30932
30934
85290
32143
36857
31037
61856
19259
60351
70228
33144
31040
72132
25954
36227
67046
31041
41314
72133
41241
72060
82333
5632
67270
31067
58417
32654
32672
63840
30413
25354
97265
30441
50794
71340
40620
30446
30489
30497
30526
48144
32589
68690
43057
32883
10224
30586
30592
30612
110
61748
72021
51047
30699
30728
30787
37154
34683
34710
1458
34766
37123
55127
96219
34779
29710
19536
70901
34797
96435
57502
6137
70787
67973
34874
19630
34891
34961
29967
71059
7181
35105
9704
81615
35139
45412
48574
38400
80421
44301
13779
34130
64949
75222
18940
34214
34241
39330
34243
34244
34261
65080
34294
49602
69318
90694
34341
65160
34399
24253
75618
65048
19356
34617
36974
34640
31910
36997
19422
36122
36120
36152
46379
56652
36224
97862
36242
77334
36247
31182
36269
98113
36277
67096
5600
36119
36300
36304
36317
67136
41450
36363
67182
36367
26272
31359
72451
36446
98084
36464
35596
50506
40332
35245
55653
30218
35405
10008
50714
60987
40540
35551
35594
86959
45770
66316
64748
40807
35720
35721
56190
76736
35842
35872
40997
301
35910
5452
35974
66793
56467
36321
63795
32980
33033
33044
43228
74047
94593
33054
33059
63878
33092
35449
38188
79280
33101
32976
87686
48389
33128
74220
43308
33134
33139
53503
33155
55702
65975
50615
53523
35532
37887
52939
22417
73782
32591
32713
48018
68564
7322
68960
40201
35114
42941
32767
84132
32771
33191
32800
73892
84165
32825
32863
50973
45886
53242
44197
34023
3501
53324
38063
99701
33958
38946
59492
18598
28871
33859
44132
23721
33895
54251
33903
49192
33931
54290
69650
33942
33847
39116
39124
54408
18799
34060
39148
34061
45153
69822
39201
34114
44295
34121
54475
69423
64010
28138
34850
33396
35753
53779
74325
33461
95099
43637
33463
2958
33480
43691
38604
29219
18256
69621
33529
38776
24380
13451
33799
64618
38924
28750
33837
64656
51455
36194
50776
25038
96949
55635
25113
55932
86751
42477
63023
68284
25122
25188
66280
25250
36531
21270
96943
25341
25342
76707
25352
33228
58861
5018
25366
55897
25375
58000
37652
32446
20299
30572
29876
24782
24784
65876
45138
35063
24792
57671
37125
52584
99159
45216
65762
24868
24873
40149
25386
50358
24923
24933
45479
45292
24944
45303
24955
24969
66061
36754
16208
25032
35305
98049
25913
97824
25932
36205
35360
41218
31044
25957
25986
56519
26024
31185
26098
10877
26138
25888
35566
46499
41412
31139
26151
67243
26230
87868
26244
28601
26328
69676
18037
28718
94237
35659
36685
48267
63825
15288
25561
35834
25462
66554
47445
37271
68090
37686
58232
32599
55304
56083
50996
25646
77011
25435
25690
35005
302
30451
32674
29571
34658
86023
25855
24146
60021
24115
53891
33543
66283
43854
18419
24130
34403
21367
62459
36628
77720
24142
13972
29202
49592
24157
44703
33585
24161
33589
95227
24170
67421
26527
32481
63300
83846
33600
23946
54281
23759
34032
23762
26243
98154
30957
54452
64725
74998
18843
49662
70208
23930
54749
64419
24039
34312
49476
44420
18985
24072
31143
24075
24083
27266
68358
44450
19015
49550
24678
50947
24454
55085
24563
33991
9312
24573
24611
49300
34039
64858
24677
50113
70659
60188
44422
44280
23932
34106
24698
65790
24735
36520
98158
24748
24751
96662
24776
46735
36561
65447
33611
54715
71328
24227
24247
44617
56775
51688
31340
72432
24306
24311
19230
80868
24355
51837
85993
26712
49797
44710
19275
24362
58275
89094
24387
24407
44953
28025
93924
31500
74302
48535
58808
18013
38370
28196
59015
69288
23132
28219
59038
35290
79386
28318
53756
33210
43349
18147
28321
18174
69539
28348
28364
28400
48750
28402
59221
28434
59253
48801
35524
28066
27976
17806
27980
37785
78877
27611
32698
28007
28029
48386
55830
30395
34774
28064
58883
66343
55982
65859
28098
23026
30493
71585
50843
30297
30495
35209
53597
23084
45535
53622
29160
33627
39098
59644
90463
18750
70115
28924
54530
41626
31452
29104
39285
29111
59930
29148
64644
59979
80525
51492
31144
36231
67050
29175
26445
88083
31532
29190
46635
39393
59939
54114
28474
43783
23237
38696
33236
55354
75900
19745
90200
43929
18494
59586
28668
69760
35741
58517
28679
69771
38480
33393
18584
28758
50772
61045
44174
39087
28913
49459
59732
13279
19008
31623
72715
44154
64700
33980
21845
26932
68024
37120
98758
26962
68054
26969
26986
54617
51971
50463
40289
34731
57579
69201
37098
57997
32562
23590
57629
27107
27132
47648
27300
67643
26402
51887
62160
26478
67570
26491
26553
67645
60743
52011
72557
31650
26657
67749
47097
19362
26749
37022
28733
56525
42029
26768
33841
64660
26785
57412
42151
26890
42168
62716
50328
32188
47971
78790
27623
58442
34694
53071
63344
27636
29993
27641
27657
58476
68749
37105
96281
45241
65787
30980
27828
27831
30214
53306
63579
73852
42386
73205
54705
23886
48244
27528
44051
28790
17224
50103
29755
27407
27411
68503
27427
42315
32141
42786
27525
37798
37702
58208
58347
78893
52598
52990
27555
57704
67977
32269
39713
70532
34626
47920
27572
34643
