22400 23617 25231 29427 40693 42648 47732 56263 58641 70980 73374 78692 83136 99224 34033 38958 40977 52600 65199
34386 37280 42041 61238 95863 35828 42904 59891 66191 71277 74060 97591 98726
61582 72161 79590 81711 92618 97043
20395 73783 25490 57038 68941
26715 9631 23724 48223 59236
20942 22285 34917 24232 28287
88737 74684 78253 92754
31011 30590 30644 33523
30271 29242 60322 68227
97508 68238 71754 74306
28897 23385 38093 69950
95629 95791 84783 85437
75425 38740 45255
7436 7696 39139
23055 43707 49537
46740 57955 66557
29268 53720 33022
98935 65221 68990
36711 57030 64491
34959 35276 23774
78909 27779 84054
82136 27970 90557
65251 54894 57734
51151 53425 47278
98095 98304 52011
21589 25450 30988
50028 53062 74289
65367 67534 73201
55045 70307 72665
59609 68463 61072
89562 54190 73042
63208 63825
94966 33313
27882 22831
92865 99664
82272 71590
98906 47883
17867 38053
65372 66485
36704 39443
25139 31992
27965 59097
94013 84054
79176 66443
53715 55788
75405 30576
52596 58227
52579 72599
31858 35094
29715 21768
32610 1238
42984 63133
23742 56597
43885 52694
34476 42776
43261 63356
36958 53794
3915 57156
39844 37319
15696 18695
26478 15927
87019 51261
90903 91696
4998 63028
44930 18186
46980 73054
31018 28423
51588 71955
41422 65380
22929 298
10055 52413
56890 69828
5503 44575
25461 44640
94693 23442
78211 96494
13299 54359
23411 27244
13835 2289
89129 91757
21213 59458
17435 60537
44391 56693
17020 57761
20470 66141
94977 87055
70866 61554
88138 71590
78212 89258
89219 99320
90593 96678
21673
48126
42639
21051
29707
20867
20232
70004
30265
4297
85696
20575
20588
37359
24916
85309
34484
19835
35524
84802
51144
63587
18938
18822
34683
35173
35141
13501
49763
35114
90834
96788
39309
60949
38281
27461
55593
64249
32703
57946
27087
48007
88781
37859
66532
91983
34190
46587
33480
86055
32978
18290
75143
73734
1629
39761
76860
31256
23032
76468
76196
73010
75896
40881
67390
32684
34782
66226
78854
41192
49848
23459
58083
75067
1641
41675
86278
2823
30955
31144
19193
77253
59947
84477
18007
30991
31532
23214
35910
51536
17869
81646
67029
33328
68053
46243
43769
78934
34003
27321
77667
46390
71276
72358
77512
8868
47632
62820
47582
47432
64744
98107
46765
18633
46622
54737
46221
46076
73667
48930
47131
64458
45589
45343
97999
44538
48325
54817
44415
43743
60514
43704
57770
43687
407
82146
51937
51922
19462
62742
99565
38604
35358
51176
71734
50767
62669
50227
37784
97526
98728
82488
49887
74773
49412
98634
77003
49347
49337
48233
74201
48228
23883
37271
32085
50785
44103
22463
39991
63795
38633
38048
34261
45622
37958
62303
73123
40200
50710
15545
91980
29990
41943
33828
38697
36725
38734
78768
36678
29104
5124
57629
72901
73983
84803
43409
97151
43295
36803
53574
96415
44821
50772
96134
43022
36591
90630
95241
22426
42168
92481
41664
36795
40985
40385
94313
93906
40353
30074
56305
54752
58539
54775
54850
54978
68443
55463
56545
55717
55939
62431
56094
63668
54634
56433
56607
65804
56778
65975
56918
62869
57827
57979
68799
58326
64818
58409
52603
69280
12165
91692
32211
53851
57638
32235
52321
52370
52508
68197
69028
68957
68688
52705
58115
52709
52858
53162
53343
53684
66668
53706
68564
57411
57952
54294
63264
97199
61988
62472
62658
62680
62799
69832
62913
71569
62951
63087
66632
65883
61493
63467
63576
63843
66007
64143
72799
64381
64769
64793
64821
65290
65532
97289
59979
58463
61709
59287
67647
67257
59610
59698
84584
59700
67248
59873
59930
67072
33143
60074
60120
60152
60171
60652
74177
60946
61487
71501
98816
61000
61005
61207
73642
28684
68718
9800
36814
24912
51689
30049
73697
26565
72550
7679
24898
17188
47445
73227
28294
73001
13117
72939
31583
12773
84185
39535
36965
18975
73963
43866
58763
65512
45596
21181
27132
31204
27349
51153
21905
74376
74085
73960
44697
73928
16624
99338
20796
8858
89467
46736
74327
990
73908
8700
49857
73779
20302
70615
73608
74049
70453
73014
70309
27149
62314
48544
62069
69432
61824
42871
65593
69360
14539
29753
9138
26357
55571
25843
30865
53046
73063
25319
30973
63433
31005
64006
72120
72881
50532
98736
38702
72768
72242
17410
23064
23357
38246
72178
30212
63754
63063
71665
23932
62343
71778
51126
70778
56470
70718
28091
70659
26302
1482
27953
