17186 20796 22568 24646 24916 28752 29999 31948 32106 32565 36591 38120 38155 39779 41122 41675 42582 42984 44391 44720 49224 49279 49991 50812 51442 54150 56049 56693 58838 58993 59958 60337 60941 63133 64346 68839 69328 70080 72120 72768 76077 77419 85309 93869 96956 97581 98875 98946 99807 36922 51647 67844 94321 99108
9800 11854 15250 15506 17239 18007 18633 22400 22534 23617 25139 25231 25319 26436 29427 30137 31992 34033 38905 38958 40693 42324 42648 46150 47732 49271 49763 52600 52603 56263 58641 60152 61419 62658 65199 67797 69530 69619 70980 71559 72939 73374 74085 74736 76308 78692 80625 83136 92925 98107 99224
8405 8860 22607 28995 35573 37404 37722 38708 38876 40992 49823 51311 52579 53769 54734 57768 62869 68424 68443 69400 69910 70057 72599 77066 81345 87222 92803 96016
9522 22692 31950 35098 41579 42987 43409 43685 52705 67193 67838 68151 71300 71401 74040 75613 80989 82201 82492 90544 94695 96565 99179
21652 21657 22608 22831 22897 23214 24799 25042 26316 26665 26720 27461 27882 30590 30644 30865 30973 31011 33523 34773 35091 35173
1577 5362 6096 7679 29656 29990 31825 44027 49379 50785 51588 56326 60100 63837 64011 66551 66901 67647 71955 82972 87516
21677 34429 36517 38452 40219 40881 46243 51153 61582 62483 72161 81711 85428 86576 88311 90451 92618 93411 97043
37329 38394 42981 46068 46736 47748 48328 48665 49140 50006 62400 64002 67347 69813 73779 74218 97395 97482
24450 40773 45500 59698 59901 66240 68197 69402 76891 87465 91245 91803 91833 99063 99105 99129 55916
21051 23411 25692 26442 27244 29986 34848 41236 46765 49966 79587 83846 86181 89838 90479 93269 53862
990 16663 21753 23221 30376 34607 34782 70089 71734 73813 81246 88157 91052 94597 43753 84582
22339 23055 26164 27421 29365 29850 31647 34400 36803 43707 49537 56276 60385 65512 92489 50568
5260 5868 6070 13179 26108 28452 57660 59287 68718 69034 70511 71304 71778 2080 57235
54722 55372 57638 61709 65367 66173 67534 68951 72081 72976 73201 73599 74201 69612
22507 25467 25501 25843 25887 26550 27122 28916 29212 31018 32075 32978 35616 27136
20302 29753 32235 34921 40985 42639 52424 52954 55939 73963 98384 98634 98726 99565
23254 25208 36828 42871 44930 48007 51083 56280 70408 72054 72901 73123 73667
36814 43295 44538 45622 50532 53715 55313 55788 62343 64006 66668 70251 86720
36089 41943 47131 74579 77320 77512 77667 78797 88312 90483 91111 91692
34386 36115 37280 42041 42904 53686 59891 61238 66191 71277 74060 95863
63208 63825 68186 71685 75763 78689 78909 84054 91185 91700 94013
7683 22826 24528 29787 38978 49036 57270 60352 66113 72550
19554 33950 37367 54637 54752 55457 55917 57181 62891 68567
35048 43866 45725 46568 48963 56778 60807 69859 86513 87951
41403 49337 52759 55348 76243 84135 84909 90556 99935 85929
3876 13299 15755 17043 46740 53343 54359 57795 57955 66557
27965 34476 42776 59097 75979 82146 85526 90448 93177
28286 36641 49942 50690 52952 53452 54294 61051 65667
20957 27087 43783 67012 78854 87477 90391 97389
13089 47461 54670 58633 61487 63741 68509 72737
37859 45255 75425 80884 85243 88352 89090 96203
6916 25735 26690 29242 30271 60322 68227 92310
20395 25490 32610 57038 68941 73783 91039
22516 56545 58326 61005 62951 66632 72242
44366 62472 72178 74049 83496 87101 91980
17435 20512 23699 26620 58231 60089 60537
7287 15830 45897 51658 53253 68465 99555
54540 58290 59465 61000 62264 78677 82926
61824 77625 78750 79503 94693 94977 98906
74464 80171 87160 87640 96157 97083 97572
23242 62131 65700 70846 79115 95830
37559 45709 56101 69116 73089 73908
76580 86398 89972 90425 90903 91696
41596 46181 51062 55703 56746 61293
42008 59154 63654 64064 65255 68786
22285 24924 30212 31566 34959 35276
34201 37784 41664 42431 53231 62431
88332 88513 91983 97999 98728 99593
62144 62513 68238 71754 74306 97508
31022 39214 49848 55889 67801 74177
22093 37180 39937 40706 42804 73865
35358 53818 79486 95175 80990
74684 78253 88737 92754 78381
21889 36711 56703 57030 64491
57727 58520 67575 82455 83520
27398 28907 47532 97738 3217
75479 77149 82136 82524 90557
39943 62908 68656 69949 71493
22979 39717 41036 63754 97092
43249 44931 46900 52004 81106
29758 47973 55717 65620 70309
11009 36678 37104 44464 63548
17998 53972 57260 97185 2969
22650 29260 31429 31858 35094
43001 58339 67072 71583 99320
59609 61072 68463 69432 71494
37628 60803 62828 69311 97290
20942 24213 24232 26838 26857
25276 25983 26357 29414 30164
46587 51922 53851 83767 96788
29332 46221 48544 51536 63587
45977 51176 86278 93217 95480
25359 38315 46778 54372 70927
28287 28423 33328 34917 35490
923 29722 47827 55489 64458
28897 38093 52537 67198 69950
9379 19305 39738 49412 3432
23724 26715 28031 48223 59236
24912 27518 21756 26750
85706 89658 95241 91916
18181 18929 19566 19835
30991 38660 69360 75333
51224 52370 67878 97253
66443 79176 88571 91302
53989 56538 98759 99923
42216 46485 71989 95085
14083 43885 52694 64249
58889 59762 69318 72952
81152 84477 99663 77381
22902 31854 35830 69564
60946 74376 79590 88649
58539 72881 83935 97526
43286 60598 99311 37620
26370 44095 61207 66175
35347 57411 68688 72358
4991 48233 53046 69925
28551 29268 33022 53720
4333 35342 54080 56811
21303 24271 31416 32085
51016 61352 64886 67412
50536 70324 97125 98807
62850 83043 83394 86938
65144 66370 71276 72766
33759 35637 40947 44879
46440 53509 75717 89996
80475 87001 27133 68307
31162 41783 47850 50000
67248 84803 92945 96001
35313 41422 52918 65380
64818 71590 73656 88138
76531 77790 85208 92481
39402 55045 70307 72665
25742 29086 35825 37388
48298 55319 61369 89515
84783 85437 95629 95791
47278 48064 51151 53425
13502 25868 46354 63486
10055 52413 58874 70778
24800 28953 35141 26265
76594 88646 96119 4256
45933 52596 55750 58227
32703 51186 92444 93820
6102 30364 68475 69274
31625 44392 81948 23110
35176 52522 54519 66884
41452 42640 61227
36704 37158 39443
88420 89633 74451
64988 68677 69672
38048 59985 90000
25719 59174 40092
36965 55412 88907
54902 63467 71662
25461 36718 44640
81708 88781 98736
74631 79811 93525
47595 63063 66409
40026 42629 54625
86162 92005 95919
9853 31408 67946
26722 66532 38473
29983 58921 62465
32131 50396 56480
76468 83333 99299
49633 57827 63087
35903 45343 46390
34133 46831 73000
32457 41434 54642
21589 25450 30988
71501 87418 97289
72972 91114 43628
22125 43820 73960
40436 46332 63046
36640 68799 71255
40108 48228 41346
76860 95162 93129
11619 50367 57009
75358 79167 92790
22028 24030 58155
54894 57734 65251
28532 61493 73454
79185 87217 10224
27801 48046 59758
51902 58763 86137
66098 79324 90273
27068 36725 37759
88779 98816 87438
30059 45619 66332
44565 47523 65317
43175 56964 61248
65831 70497 98009
6535 60959 68158
27030 65372 66485
67348 79232 87019
24127 38767 48126
43739 79662 94713
85289 94313 96796
1629 16983 61940
12405 39461 49244
21213 32952 59458
54128 89197 99173
2289 13835 71012
36295 56470 71572
23016 28226 56017
23850 26476 35260
36644 47304 56991
50028 74289 53062
26087 62825 66533
27859 34397 34684
356 17182 71755
7436 39139 7696
83737 85477 93218
24428 28113 73378
81090 28162 57974
34869 36795 69262
31111 73983 64058
77403 82159 85779
48912 52509 57770
56483 60835 64755
34003 59302 79788
54356 63410 66337
44103 58802 68241
50602 54842 61219
31148 33828 35467
43754 50289 70703
37521 39219 57977
30184 38042 54031
40764 55463
24494 66035
21768 29715
34508 38631
69051 69861
35558 68708
4998 63028
33313 53706
38571 62314
20888 28253
3767 6127
71698 99541
44421 58409
38266 69351
33996 34153
44385 60949
30887 53132
34196 43704
21117 65283
54225 60942
54707 99973
2725 57952
44546 69503
12340 55094
44568 60025
78211 96494
60251 67028
71569 88396
71003 99625
3915 57156
47716 48776
77191 80966
79948 88070
21523 34781
50839 63463
82113 86416
46879 67487
48999 72752
28597 30893
15696 18695
24400 71351
64840 68552
49289 67590
37160 57580
64971 57405
1045 66896
70105 63202
49328 56718
24204 40509
24509 68502
17442 61909
39195 44415
46758 61003
52664 70882
85290 58348
46614 52353
36322 56826
53545 73642
37499 48166
524 5835
6783 40073
38687 38936
26073 37043
83299 90834
46980 73054
63222 68172
32853 66496
41736 52429
23927 37291
98095 98304
23757 58192
63669 65076
34273 65883
62912 97816
73042 89562
14258 43537
7749 73227
48680 54739
74767 84580
46078 60708
18091 19155
36958 53794
38679 70718
17020 57761
89129 91757
41189 63694
23701 42509
11150 57158
21821 68170
36359 47505
45596 58654
6274 43395
28507 62350
36351 62034
68554 72989
45682 69280
16437 57455
45440 68413
26130 47277
68990 98935
76667 92468
9056 40915
45329 71234
52300 56994
39268 57564
15604 39309
30953 64744
40442 68823
69114 72164
27075 91782
28454 38428
40484 42858
28609 45663
37396 98931
51464 71207
28057 65593
39417 60904
3964 71772
76009 84880
50227 73786
43448 66887
50659 53728
50678 66445
48670 73010
23060 27904
21111 31256
59244 66186
50741 69832
54156 65532
25679 66131
16331 70984
50865 52643
17867 38053
23284 81397
56610 63980
56503 58809
22587 36106
27588 58115
30074 33078
31918 31157
78972 86583
43157 49927
93287 99338
79537 54337
24119 30750
40450 44518
93159 94281
27349 34683
60910 67543
78897 91713
1641 54687
29548 64301
56890 69828
57936 62303
57961 69233
92865 99664
92374 75324
80697 85814
80738 87414
43490 74327
38094 64769
76979 89303
75636 78934
75684 89942
75748 31388
23422 63069
32410 35469
41544 36152
76485 98677
96344 30923
53147 67703
4294 59443
43050 61129
8836 64143
41627 60024
69804 72546
77715 93174
77893 61244
78159 98893
78160 84581
42449 62079
78212 89258
40083 82272
9309 52640
42249 73928
90207 22540
84364 86055
59268 67462
98120 99858
37095 37359
20470 66141
13343 51018
45916 63668
23742 56597
29924 64350
8868 68765
56507 63731
42204 71195
30921 47742
86435 91227
50860 57445
61554 70866
22999 32134
19462 52184
86584 60376
87243 93906
87577 78814
91010 94250
56438 71965
10367 52892
28931 32327
58084 97695
27633 57774
42356 67407
81680 97199
54634 94028
35552 60213
39052 53142
91362 97622
21144 45457
77321 77959
27005 29182
36309 54817
82650 33902
53342 67988
22429 40468
42308 67029
17576 68219
7861 69742
83403 84185
22014 67056
38181 46361
20392 34190
44173 58701
29270 36492
24396 61974
23529 39988
32833 31542
54995 64843
22207 70615
28606 40093
61465 72904
52295 62474
2058 46595
39869 59377
567 68775
32688 58223
32717 35716
56273 62085
30929 36314
44003 71019
97804 98030
20460 57689
90472 97006
28674 32859
36617 47941
33290 37565
34407 47432
21073 36736
5503 44575
48930 50858
99406 9090
31298 33009
45078 55194
29479 31204
29015 59669
29497 58309
3426 40334
1013 67250
90593 96678
55057 72330
81555 85673
97653 98608
42587 51392
78785 89592
90580 98037
74659 90353
47101 53983
22463 36113
5685 10329
3040 54850
30103 41294
26971 54064
43022 99376
60514 81242
27376 44797
34115 44821
23038 70232
41509 55242
27326 56978
24194 40200
75054 79403
37456 60171
60434
42490
42288
79015
42305
49750
39085
38868
39221
99122
64656
39196
38869
38897
39287
38836
39265
58121
32114
66838
42493
39057
62636
59178
31044
42723
93604
39062
97151
57913
41194
41339
1731
39007
57979
54190
38982
21905
99159
69529
39104
42405
48390
55584
58463
38988
48513
39066
69137
93275
42626
43702
41461
34244
39156
79068
48325
28198
42679
39127
38962
60317
43459
39046
42339
73825
91861
42656
67785
42350
47340
42427
87244
50269
25525
60327
41471
40786
41464
20493
41441
40841
30612
53171
61280
40932
40966
50767
45680
73472
58258
29807
45289
40745
66180
54746
40589
66024
40519
40501
32684
40478
72007
40470
47318
44763
41382
51434
41196
41260
71802
48263
41192
41280
41171
66606
55291
41283
41290
41149
25888
46469
63736
41143
71665
64087
41098
97343
41070
41386
41047
74265
41037
40977
64091
66412
48037
43743
46819
42168
42061
39811
39764
39761
44418
42081
41962
39605
39603
49152
42105
9081
97689
60725
85627
42142
62526
35290
51297
39512
51202
1482
42178
39409
93087
42217
75018
47974
32713
42242
40113
41667
40422
41680
40283
40257
40244
65679
41748
41769
40237
57090
40222
40203
40145
40121
39385
70635
41829
41838
41926
61252
36961
40039
42048
36974
80735
45197
40013
65448
39975
39844
31005
52006
19136
97171
61562
38046
9212
5236
52376
66580
70111
55684
18789
54575
60954
73924
57790
9380
60264
19568
19630
39290
80789
19745
30985
29355
18487
18499
60925
18591
69953
46875
34312
79349
43740
20811
36903
67832
47484
77633
52198
18327
18446
48968
72789
67702
41894
59485
23732
45655
46136
20701
20822
20931
71174
12069
20941
31180
21006
21027
71090
74107
69020
63933
23237
21084
21095
38832
43919
54093
21136
47063
21442
20268
35213
46998
64286
23590
77859
50067
82822
29964
25250
62138
58467
40298
43680
20473
20569
20588
25744
20657
44600
39513
36227
22683
50392
32449
17188
59614
19710
96134
50351
8700
256
51126
68466
19751
46253
12107
47876
67936
25256
6820
9631
54414
29148
42323
61179
58129
22944
39336
65160
19377
37114
52375
61803
99452
63843
58756
18060
65765
14594
44116
5085
31012
4655
75143
29360
9012
33059
96087
40130
65903
61311
33751
43179
47893
18262
19344
54699
17559
20886
54854
59568
18186
99680
74245
18288
18290
60716
35872
24782
43638
18342
18398
43206
24447
4721
54218
61289
71309
15352
57778
23115
6453
60664
51139
33670
38824
6968
22229
6159
20766
71009
46567
89365
28321
18147
19229
24084
30493
61595
34106
23932
23946
80444
65183
24487
25352
45700
69867
47344
62574
21878
54876
56889
38291
47719
71031
62468
52294
34326
24898
10134
71616
56355
23026
17289
15382
37701
49486
23416
67707
42272
54358
90476
57274
69225
23442
51726
61171
1173
23600
58955
13501
23675
42257
39162
27192
28430
38604
43691
20538
80931
50409
24974
39116
25020
69684
59907
53304
75954
25084
39226
42005
14918
40353
25092
68934
53673
58387
14547
24345
45558
19004
59700
65108
4064
24412
67451
85696
24652
18067
53998
24721
31046
41220
75618
24748
45138
24790
24843
31623
64994
28884
18302
8128
12842
24247
19455
72543
11499
21673
30355
40529
56607
51104
53285
21843
50112
45954
48311
69271
23488
21873
72799
21929
57284
67044
91678
45895
36606
24407
46616
21181
67330
62243
18799
23886
40385
21959
21261
87498
67150
21367
42580
56742
61689
24183
47753
21500
36962
37319
88848
68500
17630
22717
38059
22798
60510
68582
22799
37225
46656
22666
46747
94575
74227
23357
32039
21865
47300
42213
64172
3128
8215
93437
27132
38734
59947
28294
58935
40996
94715
74367
28584
38758
22209
15267
22219
22426
35449
50710
22591
41447
57946
68915
23132
58275
59175
54267
54286
23774
54296
69635
54374
64565
54391
54443
59157
79896
54461
64262
54256
69779
54518
39273
54534
59248
54559
49099
59273
54563
19008
54617
54244
64194
53761
53788
53839
53863
84392
53870
53893
53982
51252
56339
63790
58703
59331
38759
54020
54104
43557
58818
64339
54165
54170
50768
33903
54251
69517
55844
55151
65387
55213
55222
55251
55410
55593
30200
55635
45589
55763
60477
55766
19542
55969
30591
56026
71326
56065
48248
58422
35746
56094
70982
60808
56133
66570
54691
54749
54755
54775
3918
54788
39535
54796
65002
24306
54828
73641
53691
56396
54914
54946
24451
54973
55002
55026
67243
41808
55059
55134
65325
51887
51620
61048
51622
51769
28318
58840
76458
61197
51774
61988
51814
51872
56586
51566
51934
62146
51972
36734
51995
54352
52011
67296
52035
72393
52045
52071
51475
50988
76494
51059
58130
51144
51148
51387
5660
51443
53800
46388
61649
52148
56189
51477
58548
60905
51541
298
56255
58612
61718
51544
35910
56258
53275
52907
52939
37758
17410
53019
9593
55376
53085
73445
53097
53162
53170
7124
53289
58442
53355
63605
53431
53489
53503
58618
53531
28187
48535
53622
22170
52171
61599
52477
52499
42334
52508
52510
72932
27149
16975
57671
52584
56162
57779
52692
52709
52712
52787
98647
52864
47781
52868
59939
22384
52906
59618
3461
59418
54363
59450
61807
69636
59462
23883
59492
3604
59561
59610
59615
59403
64717
59630
59713
59721
70042
59868
90450
59928
59955
19357
60053
54987
58913
58591
63687
58600
58606
38281
58629
58801
43571
58832
58859
58870
58897
60074
28453
58975
59021
59201
59210
59221
59228
69423
59249
59256
77636
62375
61495
74
61118
61389
20725
61421
61422
36026
46200
61461
52556
92006
61484
61492
60958
41222
61570
31114
46375
61636
61639
56603
51516
61690
61741
31247
61769
60465
60101
75405
60144
29632
60154
60180
65295
60208
60247
60311
60453
24856
73852
35054
60489
45325
60586
60616
60661
50759
60933
35511
50772
40604
60952
57547
57040
57197
59554
36960
57308
57324
57347
57412
57421
72787
62613
57526
27025
51953
57548
93235
57626
57662
57665
57669
72944
57683
57703
27205
47582
57756
58888
71469
56208
20696
56305
407
56364
56419
66607
56433
66234
61147
56531
37450
71824
56563
41309
56570
56658
74276
59015
56791
51909
21387
56996
72301
58491
58347
58366
48243
22808
58417
58427
60784
58432
58466
63576
58489
60846
63434
63579
27970
58492
58500
99213
33082
58517
58528
58530
68737
33128
58563
63123
57798
37455
22194
57803
52722
57809
57871
67390
57216
73289
47854
58028
40814
58036
58051
58083
58103
63256
58169
58232
58267
58271
93924
58315
73608
44969
44533
64416
53004
44586
70067
44632
44739
44796
44841
44853
54281
44895
75491
61018
49683
39883
44970
44972
65391
45043
41940
52114
45073
61572
45089
49057
44284
46507
23092
84893
34023
44197
66156
55982
3554
44250
49363
44276
44281
59231
44286
51357
60785
39259
18911
44346
44422
44444
4986
60943
44519
86453
46171
42294
57555
45826
66226
40791
45878
45919
57704
45929
45999
46006
46041
46080
45770
68503
37981
53242
36005
46179
90843
50147
60321
46208
46211
50925
46248
45374
45141
85844
45148
55327
45153
45165
45207
45227
45230
24944
45292
75896
44150
45399
45434
54271
45452
45467
45497
60842
50668
45581
99350
40659
45746
73771
63454
43106
43167
78777
43168
38117
43204
43208
63566
33044
22870
43218
43235
68541
68684
43261
28025
70332
55071
23032
43380
99349
43392
38346
28172
43433
73524
42792
42793
63164
42816
49887
37794
42881
54666
42912
37835
42922
93872
57575
43002
43030
50101
64989
54815
34114
59549
43072
47786
43099
55257
50170
34954
43679
43683
43769
50840
8163
43772
70479
60305
43860
43487
48574
43890
60132
60389
43915
43929
60428
91367
13451
59234
94966
84792
44096
44127
18715
62716
94314
73966
53618
43444
59943
43482
37649
52910
76366
45844
50558
88151
87011
27107
57629
99762
58752
43491
43498
63936
43588
55373
43633
35443
50704
49551
49253
49280
63795
38360
58708
49295
49303
94340
2774
58731
49347
71679
56418
56288
49598
66843
56669
69988
34379
49640
38720
18372
23459
59068
49669
44594
48860
74094
48659
34391
50025
99567
48697
48705
48707
48743
48821
60606
74295
39507
63748
53574
43806
48893
47596
26969
49182
49177
69539
49191
56262
49217
49484
50221
85994
65646
50385
24355
59964
50615
22140
57749
50697
50712
85093
59556
50803
20282
50804
50816
85679
65331
60244
50827
50832
60260
50834
35727
62495
49681
49857
49874
49876
16624
52233
44803
49890
59318
61675
49917
49964
48645
52321
49994
30511
65274
50013
72718
42196
85718
50109
50128
65016
90078
67463
82488
97376
71941
46506
51593
36767
46941
46972
46985
41916
47003
31754
47015
46872
47115
47159
62432
36997
47171
47199
47202
72652
26869
47217
47240
46121
46531
36141
46315
81946
46337
53408
46341
53446
43776
48863
51597
46510
60652
61382
46585
46592
46610
46622
46712
51426
50829
67151
46803
46805
62128
46867
48230
47773
47865
50222
47883
47889
50246
57317
47935
88687
47991
48018
48072
50119
99400
43443
48530
58728
48554
71259
50911
39991
60339
63848
48587
74080
47576
47244
61386
47246
47253
55135
67783
47435
37271
47445
62779
47518
83185
42734
42715
47602
47619
62893
17110
47632
68053
37531
47705
47723
47749
47762
64870
65184
70268
65181
65129
65107
65098
65059
80279
65018
64926
64922
64908
65247
64860
64856
64839
69908
64821
90228
64793
64773
64759
64689
64662
64650
65799
66007
66002
65984
65975
65941
65931
65855
81114
65853
65847
65810
65804
64594
65773
65710
65690
65682
65595
65480
65462
65455
65443
65336
65332
65305
63808
64171
74341
64167
64166
64111
64078
64041
63939
84276
63928
68971
63884
64173
63733
68802
63715
63708
63685
63632
63594
68651
63564
63541
63462
63433
64381
64585
64570
64557
64527
64487
64448
64432
89821
64386
64384
79642
69468
66167
64341
74497
64323
64311
64295
64291
64284
64240
64232
64217
64195
67746
68035
68024
68023
67917
67889
67885
67867
67861
67849
67807
77937
67763
68036
67745
67727
67691
72746
67659
98175
67653
67627
67600
67598
67597
67564
68528
68848
68842
68829
68794
68788
73854
68767
68731
68672
68629
68605
68542
67454
68515
68450
68410
68325
73410
68323
98831
68309
68254
68163
68160
68078
66486
97381
66859
66793
66767
82012
71838
66751
66690
66642
66574
66544
66531
66877
66477
66468
66455
71530
66343
66330
66283
66272
66246
66202
66201
66169
67176
67452
72513
67426
67420
67394
67382
67292
67262
67260
67257
67207
67186
99006
67169
77306
67132
67120
67104
67086
67070
67038
66997
66959
66926
35881
60226
36441
52858
31393
38661
36300
36242
66716
36194
36068
10099
3028
36656
54737
35806
19307
35751
37945
52087
12022
35551
56764
35531
70747
40225
34657
62619
37184
67698
37176
53675
37154
85294
80207
39511
67536
37014
70266
40424
55816
36888
46316
53387
36884
41598
37987
22672
36754
24969
60324
36680
70151
24963
34310
34259
31902
43687
35353
9426
35393
64518
33990
33981
37272
34484
39629
33945
947
33630
67401
72226
9720
33244
37958
56814
99355
33224
35184
56923
35438
11868
51937
38649
45720
35322
73063
27280
35305
30576
40004
1882
35114
34911
74861
8730
44339
36992
90731
34774
30060
34700
64066
62387
62680
62669
62643
62621
62597
62586
62509
72640
62466
62462
98068
62459
62742
62370
62344
92751
62229
72397
62223
62155
62135
92636
62114
62098
67156
73107
63397
63367
63356
63324
63308
88699
63264
63245
63166
63089
63040
62998
62069
62933
62931
62913
62900
62858
62847
62834
62829
62812
72973
62799
37512
23839
47409
37970
37937
37716
37669
66057
66430
40995
21031
39887
42244
84883
38603
31532
37494
56329
37453
37316
37293
25486
53770
37237
73592
27809
38684
62044
62021
62019
62009
62002
61984
61906
38795
38740
36383
38696
64119
94283
38633
38605
38574
48002
38391
38390
38382
38246
38057
5059
14411
82928
84309
84308
84101
84027
83780
83445
83399
83342
83181
83119
83098
83011
99570
82729
82568
82535
82469
82234
82188
82152
81677
81646
81578
81521
81394
85553
88308
87978
87710
87701
86964
86623
86551
86267
85907
85850
85711
85583
81365
85430
85142
85033
85032
85029
84940
84906
84802
84728
84597
84584
84413
76640
78699
78678
78514
78277
77638
77206
77015
77003
76946
87055
76881
76854
78768
76493
76372
76252
76175
75961
75631
85794
75620
75380
75312
75061
75031
79836
81350
81277
80981
80871
80550
80418
80375
80292
80256
80198
80164
79884
88425
79832
79789
79720
99715
79367
79067
78932
94128
89041
78867
78838
96960
97591
97535
97497
97371
97334
97235
97213
97144
97084
97052
97002
96978
97647
96949
96800
96776
96719
96440
96415
96150
95781
95501
95106
95090
94936
98770
99605
99598
99449
99443
99440
99313
99238
99176
98996
98930
98863
98771
94558
98757
98667
98473
98247
98226
98215
98209
98185
98154
98130
98097
97800
89612
90684
90630
90617
90482
90445
90393
90349
90231
90200
89973
89850
89621
90719
89296
89219
89206
89107
94111
89024
88967
88886
88774
88607
88535
88456
91772
94548
94375
94220
93709
93614
93329
93241
93080
93076
92272
92073
91790
74839
91762
91531
91415
91382
91370
91265
91144
91124
90964
90907
90847
70849
71064
71059
71057
71046
71013
71001
70998
70975
70953
91270
70922
70901
71068
70827
70802
75882
70795
70792
70782
70708
70698
70659
70641
70631
70477
71322
71579
71568
71558
71539
71536
71510
71468
71440
71425
71392
71368
71344
70453
71295
71286
91630
71282
71275
71240
71232
71227
71208
71169
71139
71130
69205
69698
69642
69616
69538
69520
69507
69470
69457
69446
69403
69374
69337
69702
69179
69072
84290
74116
69029
69028
69024
89356
74095
69008
68987
99370
70032
70357
70337
70327
70304
70297
75371
70284
70258
70192
70141
70140
70084
71585
69997
69979
69977
69958
69911
69872
69854
85080
69819
69815
69785
73404
73784
73734
73697
73694
73622
73603
73508
73504
73503
73477
73451
73447
73792
83501
73327
73309
73293
73260
73252
73189
73153
73150
73128
73115
73078
79293
74773
74770
74740
74324
74323
79405
74318
74307
74269
74263
74250
89467
73071
74206
74203
79278
74191
74114
74083
74055
73972
73968
73892
73888
72110
72389
72377
72362
72352
72333
72241
92540
72192
72181
72142
72126
72112
97824
77165
72078
82229
72055
72034
71971
71947
71906
71869
71672
71668
71607
93040
73016
73014
73001
72990
72933
72898
72866
72823
72742
72709
77786
72699
33210
72692
72671
72656
72643
72632
72626
72510
72464
72452
72426
72399
8120
7268
47552
49909
28779
19351
8817
70507
19637
47557
27686
4397
21168
37790
24738
55260
3312
30632
56186
61273
96712
56016
40755
63460
43112
35532
70145
31261
38332
72822
32126
52474
38697
22198
34261
71630
30934
35828
34801
72371
19275
21632
67907
62820
47559
75900
30117
9046
68564
47470
2554
73399
59873
870
21666
36002
2732
26302
30736
49592
793
70519
19649
66706
5662
15012
18646
65221
14351
36970
35861
28790
60407
93903
2337
62354
26745
59743
68954
1153
18454
1896
39608
53750
18667
91988
56379
71887
15930
18287
84215
56948
2823
61748
80529
35524
38702
73202
37593
18124
63278
32756
70969
38450
36273
5632
96944
71509
40987
57486
32946
61857
21161
40017
5221
2190
46527
62831
95062
44192
74300
18343
10580
43578
55363
27623
22536
55161
60248
96937
57900
13013
1228
12506
2331
18830
32395
12047
38588
13153
11758
54184
13882
15545
46186
48051
86577
45881
54813
39552
45504
60765
23401
11172
36353
57765
51806
88923
68575
4698
9312
21097
18938
40151
72487
36878
26704
1197
9779
70296
60122
18225
65754
4710
49493
63743
65095
9138
27691
48904
51261
48256
12773
12864
45862
48386
28038
11676
11162
70916
40394
23064
10717
46326
77543
15261
1195
60120
49090
26478
51713
95415
75067
24197
29284
91171
46787
61407
60029
29104
45603
20232
46159
60418
65779
30170
46669
60811
4440
12165
18506
35005
56218
98741
36812
39169
55668
4078
55932
29571
36269
41356
19402
62238
21542
17460
55235
14539
18975
56409
31139
22403
37361
76978
31195
36122
42972
33143
35619
19184
47349
21914
19686
40899
65215
55041
158
28993
27779
32435
71639
51291
53648
3601
74192
43670
60169
19317
6996
24115
826
18374
74308
59047
68675
33066
19758
20867
22113
58670
48496
60281
21328
3147
50761
56097
40836
54978
30312
15051
59429
4257
49040
49758
34497
76196
66022
329
30413
20432
41645
18214
54688
39427
16367
38096
25246
51173
99863
37530
69359
49011
65290
55116
55266
59980
20575
32179
96699
20394
45845
17
23084
61643
27953
38055
2446
44872
34294
15441
4351
54475
13779
23507
74176
68957
1238
47699
62214
57127
477
37007
26565
21478
19550
98798
37754
23337
33480
28261
23547
70461
24678
24317
19230
34173
903
84128
73954
28171
18090
39813
18977
37833
16346
2204
31225
10877
35464
28738
3303
93327
37370
76914
38688
10582
1587
31677
41105
20587
99673
84205
7900
57856
18071
68290
38223
2958
45384
19593
659
54971
19362
72130
912
6500
48926
84006
68745
13117
42937
64340
18557
62475
42127
34105
6380
38701
37785
27611
55342
71722
29451
99489
66983
61896
46635
70004
29308
57592
29060
38488
29042
92070
39625
66635
33006
61736
79554
28684
28670
35741
99503
66779
56605
62594
37159
30856
38254
92402
836
34446
24923
30010
29911
27554
33134
70493
29797
6227
4297
29747
29707
6137
29649
70321
29625
70311
29615
37326
65172
29563
51238
27057
99012
27794
60792
62737
32215
63266
27657
30049
60690
27831
36561
29160
55117
68289
83529
27572
35317
27427
39212
55711
57306
97265
36221
10294
55077
28044
77618
72531
62357
42009
69801
70967
31509
51857
44697
73874
38265
28091
31183
28029
28017
28007
46863
31198
52411
27871
27864
27860
27828
4792
20367
32555
37973
98559
32428
8858
73243
53608
32348
60632
32183
88109
32152
32584
83329
37546
54045
32001
55571
98049
31913
43698
31755
52968
31679
43294
51689
33127
44912
33101
56671
36304
56652
33033
32980
73624
32928
18786
32917
37045
32813
33559
23385
32800
51559
60580
32654
46796
32589
63603
58516
73280
44875
56918
30980
71795
61621
30979
42764
30955
64868
24172
30765
26051
30733
21881
38375
65570
30572
28837
38075
32530
30265
23194
30215
30115
13616
7335
31144
86050
60615
72196
31500
32502
31340
24269
31293
36792
70078
65737
45389
59930
57444
52357
19329
15929
36277
48056
59841
36363
41450
55592
31052
16682
28474
22929
39428
27360
54898
98457
34039
68529
48181
16963
59389
52879
69170
23753
24454
52738
8759
36670
31583
41757
15972
39542
38423
53684
66741
17644
32211
80843
29973
60495
35592
25418
53702
25366
91473
25342
49094
44383
15871
32831
73481
17524
36945
25855
66297
61210
67599
52338
16465
18822
82943
58908
63630
33108
71939
56678
13552
22980
55782
58139
31866
62486
26877
4697
29944
30650
14015
30022
45283
4587
26674
57315
21268
15927
56623
71589
13149
14600
18210
51193
53550
18751
39964
33216
61500
35855
5452
32461
14717
65470
29854
34291
46076
3239
38369
37260
86638
56116
65950
15080
69481
18611
54801
42829
31143
26707
72410
26627
26534
30502
40676
45390
36691
26517
75149
68264
26500
97590
26372
64457
59370
35238
67744
42309
26366
35233
82318
26361
34850
5124
27321
27289
8433
32825
46967
27266
19425
27191
57832
27131
17869
47574
26946
90589
34632
41703
97701
51545
48082
26770
26749
93372
52676
59060
73094
32398
71856
15899
39469
28101
39886
50299
59727
249
66404
25708
39894
33396
66329
25633
46846
91883
25752
56274
55435
38766
44718
59979
25458
12074
72505
31809
61873
26264
19193
77253
72166
56905
26239
49809
31303
26216
68159
40358
26151
70229
29533
98028
16636
40206
85494
34624
22839
37473
