15250 15506 17239 18007 18633 22400 22534 23617 25139 25231 25319 26436 29427 38905 38958 40693 42648 47732 49763 52600 52603 56263 58641 60152 62658 65199 70980 72939 73374 74736 76308 78692 80625 83136 87418 97289 98107 99224 31992 34033 92925
9522 22692 31950 35098 41579 43409 43685 52705 67193 71300 71401 74040 75613 80989 82201 82492 90544 94695 96565 99179 67838 73309
8405 8860 35573 37404 37722 38708 38876 49823 51311 52579 53769 57768 62869 68424 68443 69400 72599 81345 96016 54734 70057
20395 21753 23221 25490 30376 32610 34607 34782 57038 68941 71734 73783 73813 91039 6820 43753 70089
23254 25208 36828 42871 44930 48007 51083 56280 70408 72054 72901 73123 73667
36814 43295 44538 45622 50532 53715 55788 62343 64006 66668 70251 86720 55313
34386 37280 42041 42904 61238 66191 71277 95863 35828 59891 74060 97591 98726
5362 6096 29656 44027 60100 63837 64011 67647 82972 87516 49379 56326 66551
44366 62472 72178 74049 83496 87101 91980 98759 99923 22944 53989
29999 42984 58838 63133 72768 93869 24646 31948 49224 50812 70080
21652 23214 25042 26665 27461 30590 30644 31011 34773 33523
77625 78750 79503 94693 94977 98095 98304 98906
51153 61582 72161 79590 81711 92618 93411 97043
71685 75763 78909 84054 91185 94013 60132
54722 61709 65367 67534 73201 68951 69612
22516 56545 58326 61005 62951 66632 72242
66173 72081 72976 73599 74201 55372
20942 22285 24213 34917 24232 28287
28897 52537 67198 23385 38093 69950
13299 17043 46740 54359 57955 66557
88332 88513 91983 97999 98728 99593
75371 75479 77149 82136 82524 90557
22093 37180 39937 40706 42804 73865
59609 61072 68463 69432 71494
23055 31647 43707 49537 56276
62513 68238 97508 71754 74306
45255 85243 89090 80884 96203
1577 7679 50785 51588 71955
47461 54670 58633 61487 72737
29332 46221 48544 51536 63587
47278 51151 53425 48064
26690 30271 60322 68227
14083 43885 52694 64249
18181 19566 19835 18929
45709 56101 73089 73908
51016 61352 64886 67412
78253 88737 92754 78381
84783 85437 95629 95791
97185 2969 13343 17998
26715 9631 48223 59236
91245 99063 55916 59901
24924 30212 34959 35276
22897 24799 30865 21657
79176 88571 91302 66443
923 64458 47827
22826 66113 72550
82455 83520 57727
27518 21756 26750
29983 58921 62465
56483 60835 64755
43820 68053 73960
27068 36725 37759
9379 49412 3432
69114 72164 66022
23016 28226 56017
67348 87019 51261
7436 7696 39139
51176 86278 93217
35903 45343 46390
42981 64002 73779
10055 58874 52413
36089 41943 47131
58339 67072 99320
34921 9081 52424
36711 57030 64491
43261 57961 69233
89562 54190 73042
54634 94028 98009
97816 41829 62912
36704 39443 37158
98935 65221 68990
45933 52596 58227
55045 70307 72665
21589 25450 30988
72881 83935 97526
17435 58231 60537
89996 6274 75717
88779 98816 87438
50028 53062 74289
54894 65251 57734
65144 66370 71276
70324 97125 98807
29268 53720 33022
46150 71559 61419
52370 97253
83043 86938
90903 91696
26316 27882
39195 44415
91114 43628
94128 58417
27965 59097
23701 42509
56890 69828
65255 68786
86584 60376
41422 65380
28253 15930
4998 63028
71672 56379
28606 40093
24194 40200
524 5835
34476 42776
15696 18695
43001 71583
92865 99664
30929 36314
17020 57761
87222 92803
41544 36152
89206 16465
20392 34190
72898 56507
7683 38978
42249 73928
3915 57156
31416 32085
56273 62085
34196 43704
50860 57445
11854 69619
23411 27244
23927 37291
60251 67028
63208 63825
9853 67946
11150 57158
99541 71698
65372 66485
2725 57952
31858 35094
31854 35830
84364 86055
5503 44575
40026 54625
45500 68197
56503 58809
33759 35637
36351 62034
54559 57770
75425 38740
54540 61000
69804 72546
48963 69859
22568 72120
567 68775
69318 59762
21111 31256
35342 54080
26550 35616
77543 70304
46980 73054
77321 77959
99350 40237
23742 56597
26073 37043
72989 68554
29715 21768
1641 54687
34397 34684
13835 2289
75748 31388
36958 53794
9056 40915
75405 30576
81680 97199
13179 57660
83403 84185
44391 56693
98771 61369
20432 27554
16331 70984
46831 73000
81946 91227
43249 39219
20470 66141
90593 96678
32106 42582
84909 99935
80171 96157
12340 55094
70866 61554
3767 6127
42431 62431
31018 28423
89129 91757
32703 92444
59727 58139
43448 66887
42308 67029
78212 89258
53788 50925
15755 57795
71019 62354
94966 33313
87978 50832
39052 53142
87243 93906
29548 64301
47973 70309
24428 73378
78211 96494
26478 15927
17867 38053
36359 47505
43783 67012
33078 25752
25461 44640
21213 59458
27075
30265
67330
45589
67257
67390
27321
50227
41645
62474
46900
39046
41403
43687
43112
71440
31902
44796
53046
27131
42009
4297
20796
43866
36795
81578
74083
64843
44383
60407
1482
43772
24916
93269
43638
43392
34391
45230
30985
45457
62069
90353
45434
45289
35861
75896
43179
45141
44931
19004
44853
44797
40083
54372
98736
60171
55457
46863
42427
94281
42324
42257
42168
42493
41916
62828
41757
15830
41680
41675
53863
50536
68567
43022
46076
42734
47115
42679
61493
68564
42640
41664
42639
61495
58155
54828
92540
42629
54414
51658
13501
39428
43743
41386
22672
60514
20587
67727
21387
56094
22929
26151
45977
9380
98946
40203
26565
57411
44103
23032
27005
30074
48930
51443
53800
40353
12069
20282
56948
12165
58618
21677
16963
59302
64793
5868
27087
21673
57308
38452
30164
47699
32134
52907
41122
19637
43739
61570
20886
50396
83394
57127
9138
39779
39975
40004
65931
8868
8730
8433
63795
54170
27360
29707
20957
32859
65336
38720
62908
20766
33143
58908
59465
61003
49640
59068
15261
51934
21905
57260
61974
55593
58612
56255
25342
20473
74684
37785
47786
20588
19402
63356
17410
13451
65305
60598
35091
58701
98770
25092
76946
31340
26164
25525
20811
58463
52918
90630
26302
26216
12074
57216
27132
80375
56016
63087
67801
24450
71590
32565
41808
6453
50710
20725
2331
63463
41283
43578
10580
22507
62350
71778
22426
22384
92481
47582
36492
55348
22403
38633
69274
51902
21959
36068
23883
28752
56994
23724
80292
41036
62303
23488
23084
65620
54842
50128
23547
57629
50558
35449
63733
43286
50668
67543
58271
74770
58223
60580
53509
58192
69977
58130
64769
58115
39259
86623
58084
72226
58083
57979
67407
57977
57946
57564
78777
57317
58290
69997
59287
23932
59234
59210
58993
51922
70778
58818
58703
96415
65283
57181
58629
65700
58489
58466
58432
65076
58422
96134
61736
58409
55117
46354
55668
55489
53132
55342
55242
55235
57592
59630
55194
33981
55782
48046
55059
54978
40836
54850
54817
19462
54801
40659
56964
63410
56814
37958
56778
56703
66131
73202
56605
56531
56438
30511
56339
54617
56305
56288
56262
79832
59443
56116
70258
55917
29990
74773
62820
63548
63486
63467
56396
63462
63266
63046
63040
62931
53503
62913
44720
20394
32179
62680
90964
62669
62483
62475
62468
62459
62400
62264
64143
65129
88699
64594
71665
64585
64557
5632
40987
78699
64381
43168
62131
64064
63980
66337
63743
63694
21268
63668
63654
63576
61219
59758
18290
60586
60324
53253
60281
60180
60074
60024
59979
59873
38660
60716
60807
27809
59698
59614
17188
42216
18646
59462
59377
59331
61051
64346
62128
62079
61988
10134
61572
85142
61227
61207
61171
23459
54746
91692
60959
60946
60942
60941
53870
60842
60725
51297
39512
65317
57756
62742
46243
48325
38897
69538
48298
63754
49337
48228
55889
48328
48126
56918
30991
47883
47854
45497
59947
38734
49966
47748
21821
56470
49942
26372
49890
59868
49887
49848
64821
49295
49140
75067
55717
54286
48707
48705
65332
48697
69910
48665
48645
48587
48530
58309
46186
63264
72692
84477
46736
46587
46568
47619
92402
46337
76978
61769
46765
15545
46171
46136
24923
68023
46121
51442
45897
45895
45845
47277
47632
47552
60652
46510
53998
23357
70497
47344
23774
63843
51713
49991
47217
47202
47199
60311
47003
56419
65847
46972
46819
46778
15972
53851
98634
64818
53728
58442
54815
50101
68957
53706
27779
53684
54064
53622
53550
63433
53452
57779
41280
69564
88420
53343
59958
92070
40604
59175
54461
54739
54737
54699
19344
54443
64339
54358
37859
43459
59841
48056
40985
73983
54296
70795
54165
65950
58500
27859
48659
54363
51689
65831
51477
51186
62243
95241
51144
51126
8700
1629
52006
50827
50816
61857
52429
73642
50767
50761
27191
50119
50006
64908
53304
39162
53289
53231
62933
65290
70004
61824
52952
52868
52759
71772
52709
52477
28907
60120
54575
31005
52357
50000
31144
52011
99173
21181
41143
65512
65532
67889
65804
65853
65883
65975
65984
66175
56669
66180
66201
66226
66240
66330
66409
66486
66496
66532
73603
35114
40130
66057
73128
54642
87640
39116
48233
40470
38291
40509
66544
40773
73771
40881
40977
49857
60949
33224
39886
40995
57778
68529
67907
68078
68158
68172
68219
68254
89467
68264
68325
68413
68502
67746
68542
68552
68575
68629
68656
68688
68708
68788
68799
97083
74191
66570
66741
66767
66859
66896
88109
66926
66959
67056
67120
40121
67250
93177
67296
74367
67347
83846
67451
67452
67462
67703
53162
44697
43588
36517
35825
68823
64744
19275
35910
73622
64860
36026
35741
97389
40394
39844
59980
36691
52321
37271
38428
37319
42912
42490
54391
32211
60495
34484
91052
57638
76494
39894
34781
35322
68839
36945
47432
35233
36965
20941
35358
38604
41309
47723
35524
39226
38605
38631
24317
55571
38936
39007
58832
47742
72699
54752
73608
44150
39290
39603
39988
30010
34446
36803
69801
39991
41192
22339
1238
54031
22979
37396
37455
70453
44127
37473
37701
40947
37784
99440
37835
23442
56811
36878
37987
38120
38246
38281
38315
62850
83737
78854
78897
79948
80738
81114
81277
81394
82146
82272
91700
83185
78768
84135
84309
84803
84880
84893
85080
85208
85494
85583
85673
76493
74376
74579
74631
75054
75143
75380
75620
75631
76196
76468
85696
76640
76854
76860
77003
77066
77253
77512
77667
77786
77790
97052
91803
93040
93174
93235
94313
95781
96788
96796
96956
96960
97006
91111
97151
97572
97581
97689
98677
99105
99176
99565
99567
99663
88396
86181
86577
87001
87011
87055
87477
87710
88138
88311
88312
74341
97824
88687
88907
89041
89219
90200
90448
90479
90834
90843
70927
70327
70332
70477
70507
70511
70703
82488
70718
87217
70846
70901
70268
71064
71195
71207
71234
71240
75954
71286
71309
71493
71501
69635
68848
68954
69008
69020
73734
69028
69205
69262
69328
69517
71539
69742
69832
69861
81646
69911
69925
88781
69949
70145
70232
73963
73063
73227
73252
73327
73451
73454
73508
73524
85309
73697
73874
73014
78677
74085
74095
74114
74177
74218
78932
74250
74300
74327
72464
71572
71722
71755
71838
71856
71989
72142
72330
72358
72410
34400
72640
72643
72652
72799
84584
72866
72904
98831
73001
73010
49152
32327
25256
50772
47445
45227
18611
55939
37546
1197
26969
18557
14600
37367
4792
22536
36678
18938
92005
23886
40385
44821
25843
27149
25352
91762
56607
66035
37754
55763
10294
62799
20657
91367
37628
62891
1896
49036
59700
51937
54294
73150
92006
18667
17644
21084
52722
46068
9800
34173
27421
18751
39309
70032
12506
55463
67248
92468
54150
13117
64195
24271
29086
30893
14258
407
21478
40334
25366
2554
35552
38042
33328
54775
57827
62314
33480
21168
70659
47532
12773
57455
54128
53019
10877
36304
23026
30059
35469
24115
22798
18262
45720
31303
90228
4440
58539
52858
9012
2337
32978
1228
43769
36106
28995
64350
19554
55134
793
80931
99673
40225
68509
2823
8128
47850
60453
24912
24197
52643
18487
9046
39883
65810
17869
30955
5236
57090
71232
31204
37359
35141
14015
4587
63731
32428
40219
990
38702
45596
99807
37833
38266
58763
21051
8858
15929
56718
67783
30591
84802
11758
64341
57270
38155
256
87465
52508
27953
22831
16663
64291
21865
18822
61248
61293
33009
66007
298
57913
2446
22463
20867
19758
51291
3604
88456
43683
7287
52004
76366
44281
30973
31532
46531
43204
23242
32114
31500
71569
29365
31583
30049
85794
31625
31825
20575
19568
26357
49927
5124
73477
38394
57575
40073
73071
20232
29104
29212
29753
41441
29242
56538
94250
65593
69360
46485
29986
29850
53004
69503
34429
35260
70615
86551
71003
55213
33033
33101
64448
33396
33828
34023
836
58121
70882
30934
35173
38697
22198
97622
34261
69616
53574
38048
66332
41294
34294
37104
43691
48776
38795
59174
39212
32183
37593
98875
32235
67590
37716
39461
56826
37970
32502
39535
32584
34848
39717
58516
48535
18287
11499
23284
36591
61118
39507
30312
65667
18090
29451
34954
18186
23064
28025
40468
41434
64868
33996
85850
18374
46208
20701
36227
59930
69698
27970
32684
22140
69280
54707
28091
5059
947
16624
24487
34003
46622
70192
96119
1153
78934
36641
49347
17186
24898
56433
27398
72181
42196
54475
3461
81242
39761
43491
20268
28031
49244
68718
72932
28294
28318
28029
34683
59568
37388
63063
28684
29060
9212
59610
34106
81246
46316
36888
18591
14539
18975
24738
20302
99338
19193
27349
31677
35464
62621
52640
36141
37114
38223
36005
