22400 23617 25231 29427 40693 42648 47732 56263 58641 70980 73374 78692 83136 99224
61582 72161 79590 81711 92618 97043
34386 37280 42041 61238 95863
61709 65367 67534 73201
55045 70307 72665
20942 22285 34917
59609 68463 61072
51151 53425 47278
36958 53794
34959 35276
78212 89258
95629 95791
46980 73054
30955 27904
53715 55788
29268 53720
78211 96494
17020 57761
23742 56597
98935 68990
63208 63825
17435 60537
21213 59458
31858 35094
46740 57955
3915 57156
39844 37319
98095 98304
20395 73783
94013 84054
90593 96678
43885 52694
43261 63356
34476 42776
44391
23214
67029
42639
35910
31532
51536
17869
30991
21051
18007
33328
19193
46243
43769
78934
34003
21673
27321
32703
48126
1629
51144
20588
20575
24916
20470
26478
4297
30265
34484
19835
35524
31011
29707
63587
18938
18822
68053
70004
52321
18290
59947
20232
37359
20867
25461
46736
89467
8858
20796
99338
58763
44697
5503
74327
21905
51153
27349
31204
27132
21181
45596
5124
990
8700
49857
56890
20302
70615
47445
28684
68718
9800
36814
24912
51689
30049
28294
40881
71276
72358
89129
8868
47632
34782
73734
10055
39761
31256
23032
13835
30271
73010
41422
46390
67390
32684
28897
66226
13299
41192
49848
23459
58083
1641
41675
94693
2823
31144
63063
43704
46622
54737
46221
46076
73667
48930
45589
45343
44930
44538
48325
54817
44415
43743
60514
18633
57770
43687
407
72901
73983
84803
43409
4998
43295
36803
53574
90903
44821
50772
87019
49887
51937
51922
19462
62742
51588
38604
35358
51176
71734
50767
62669
50227
37784
50028
82488
43022
74773
49412
31018
77003
49347
49337
48233
74201
48228
23883
64458
47582
47432
64744
46765
96788
33828
38697
36725
38734
78768
36678
29104
77253
36591
35173
35141
13501
49763
35114
21589
41943
39309
60949
38281
27461
55593
64249
34683
57946
27087
48007
37859
66532
34190
46587
33480
50785
57629
90630
42984
22426
42168
92481
41664
36795
15696
40985
40385
40353
30074
40200
32085
32978
44103
22463
39991
63795
38633
38048
34261
45622
37958
62303
73123
37271
50710
15545
29990
64143
65512
65372
65290
64821
64793
64769
64381
72799
65532
66007
63843
63576
63467
63264
65251
63087
62951
65883
66632
71501
67072
67248
67257
67647
68443
68564
68957
69028
69280
73608
69360
69432
98816
84584
59700
79176
59873
59930
59979
60074
60120
60152
60171
60652
74177
60946
61487
92865
70309
61000
61005
61207
61493
97199
97289
61988
62472
62658
62680
62799
69832
62820
62913
71569
90834
76196
76468
76860
77512
77667
81646
84477
84802
85309
85696
86055
88737
91983
88781
89219
75896
91980
93906
94028
94313
94977
95241
96134
96415
97151
97526
97999
98107
98634
98728
98906
82136
73014
70453
70659
70718
70778
70866
71778
72120
72178
72242
72768
98736
72881
73963
72939
59698
73001
73227
73642
73697
73779
73908
73928
73960
74085
74376
86278
75067
78854
75143
75425
75405
78909
36711
74049
14539
27953
1482
26302
28091
27149
56470
26715
7436
51126
97508
62343
23932
71665
62314
48544
62069
32610
61824
42871
65593
27965
29715
29753
9138
26357
55571
25843
30865
82272
72550
7679
24898
17188
22929
99565
23411
13117
17867
31583
12773
84185
39535
36965
18975
53046
43866
16624
50532
27882
38702
94966
23055
17410
23064
23357
38246
36704
30212
63754
25139
65804
54752
58539
54775
54850
54978
55463
56545
55717
55939
62431
56094
63668
56305
56433
56607
54634
56778
65975
56918
62869
57827
57979
68799
58326
64818
58409
68688
58463
59287
89562
59610
68197
73063
25319
30973
63433
31005
64006
33143
12165
91692
32211
53851
57638
32235
52370
52508
26565
52579
52596
52603
52705
58115
52709
52858
53162
53343
53684
66668
53706
57411
57952
54294
