22400 23617 25231 29427 40693 42648 47732 56263 58641 70980 73374 78692 83136 99224
61582 72161 79590 81711 92618 97043
34386 37280 42041 61238 95863
65367 67534 73201
51151 53425 47278
36711 57030 64491
55045 70307 72665
20942 22285 34917
59609 68463 61072
46980 73054
25139 31992
65251 54894
30271 60322
21589 30988
63208 63825
95629 95791
42984 63133
78212 89258
17435 60537
44930 18186
30955 27904
53715 55788
36958 53794
17020 57761
78211 96494
29268 53720
78909 91185
70866 61554
98935 68990
15696 18695
20395 73783
22929 298
39844 37319
43885 52694
3915 57156
31858 35094
90593 96678
34476 42776
21213 59458
43261 63356
98095 98304
23742 56597
46740 57955
34959 35276
94013 84054
17869
27321
35910
46390
34003
51536
52321
78934
67029
33328
43769
46243
19193
19835
24912
21051
29707
20867
20232
70004
30265
4297
26478
20575
20588
37359
24916
20470
34484
44391
35524
31011
51144
63587
18938
18822
68053
42639
18290
59947
18007
31532
30991
23214
46736
45596
21181
27132
31204
27349
51153
21905
25461
5503
44697
58763
99338
20796
8858
89467
5124
74327
990
8700
32703
49857
56890
20302
70615
47445
28684
68718
9800
36814
28294
67390
72358
89129
8868
47632
34782
73734
1629
39761
31256
23032
13835
73010
41422
40881
71276
32684
28897
66226
13299
41192
49848
23459
58083
1641
41675
94693
2823
31144
63063
43704
18633
46622
54737
46221
46076
73667
48930
45589
45343
44538
48325
54817
44415
43743
60514
46765
57770
43687
407
72901
73983
84803
43409
4998
43295
36803
53574
90903
44821
50772
87019
82488
52370
51937
51922
19462
62742
51588
38604
35358
51176
71734
50767
62669
50227
37784
50028
43022
49887
74773
49412
77003
49347
49337
48233
74201
48228
23883
64458
47582
47432
64744
60949
38697
36725
38734
78768
36678
29104
77253
36591
35173
35141
13501
49763
35114
96788
39309
33828
38281
27461
55593
64249
34683
57946
27087
48007
37859
66532
34190
46587
33480
32978
48126
22463
57629
90630
22426
42168
92481
41664
36795
40985
40385
40353
30074
40200
32085
50785
44103
21673
39991
63795
38633
38048
34261
45622
37958
62303
73123
37271
50710
15545
29990
41943
65512
63087
63264
63467
63576
63843
66007
64143
72799
64381
64769
64793
64821
65290
97289
65372
62951
65532
65883
66632
71501
67072
67248
67257
67647
68443
68564
68957
69028
69280
73608
69360
92865
59698
84584
59700
79176
59873
59930
59979
60074
60120
60152
60171
60652
74177
60946
61487
69432
98816
61000
61005
61207
61493
97199
61988
62472
62658
62680
62799
69832
62820
62913
71569
90834
76196
76468
76860
77512
77667
81646
84477
84802
85309
85696
86055
88737
91983
88781
89219
75896
91980
93906
94028
94313
94977
95241
96134
96415
97151
97526
97999
98107
98634
98728
98906
82136
70309
73014
70453
70659
70718
70778
71778
72120
72178
72242
72768
98736
72881
73963
72939
59610
73001
73227
73642
73697
73779
73908
73928
73960
74085
74376
86278
75067
78854
75143
75425
62314
23932
62343
97508
51126
7436
26715
56470
75405
28091
26302
1482
27953
14539
74049
27149
71665
48544
62069
32610
61824
42871
65593
27965
29715
29753
9138
26357
55571
25843
30865
53046
36965
30049
10055
26565
72550
7679
24898
17188
99565
23411
13117
17867
31583
12773
84185
39535
73063
18975
43866
16624
50532
27882
38702
94966
23055
17410
23064
23357
38246
36704
30212
63754
65804
58539
54775
54850
54978
55463
56545
55717
94128
55939
62431
56094
63668
56305
56433
56607
54752
56778
65975
56918
62869
57827
57979
68799
58326
64818
58409
68688
58463
61709
59287
89562
52596
25319
30973
63433
31005
64006
33143
12165
91692
32211
53851
57638
32235
52508
68197
52579
51689
52603
52705
58115
52709
52858
53162
53343
53684
66668
53706
57411
57952
54294
54634
