22400 23617 25231 29427 40693 42648 47732 56263 58641 70980 73374 78692 83136 99224 40977
61582 72161 79590 81711 92618 97043
20395 73783 25490 57038 68941
34386 37280 42041 61238 95863
61709 65367 67534 73201
30271 29242 60322 68227
95629 95791 84783 85437
20942 22285 34917 24232
36711 57030 64491
59609 68463 61072
21589 25450 30988
51151 53425 47278
29268 53720 33022
55045 70307 72665
98095 98304 52011
90903 91696
78909 91185
53715 55788
98935 68990
30955 27904
23055 43707
13835 2289
94693 23442
15696 18695
36704 39443
44930 18186
78211 96494
4998 63028
82136 27970
94013 84054
25139 31992
97508 68238
17020 57761
52579 72599
26715 23724
70866 61554
52596 58227
28897 23385
42984 63133
3915 57156
21213 59458
65251 54894
63208 63825
23742 56597
10055 52413
94977 87055
43885 52694
46740 57955
50028 74289
90593 96678
34959 35276
88737 92754
22929 298
39844 37319
23411 27244
31858 35094
75425 38740
34476 42776
46980 73054
78212 89258
43261 63356
89562 54190
17435 60537
36958 53794
18007
46243
21051
19193
33328
35910
51536
67029
17869
31532
30991
23214
44391
20470
57946
29707
20867
20232
70004
30265
4297
26478
20575
20588
37359
24916
59947
34484
19835
35524
31011
51144
63587
18938
18822
68053
52321
18290
5503
41675
2823
31144
63063
5124
45596
21181
27132
31204
27349
51153
21905
25461
1641
44697
58763
99338
20796
8858
89467
46736
74327
990
8700
32703
49857
56890
31256
78934
34003
27321
46390
71276
72358
89129
8868
47632
34782
73734
1629
39761
43769
23032
73010
41422
40881
67390
32684
66226
13299
41192
49848
23459
58083
43704
54737
46221
46076
73667
48930
47131
62820
45589
45343
44538
48325
54817
44415
43743
60514
46622
57770
43687
407
72901
73983
84803
43409
43295
36803
53574
44821
50772
87019
43022
57629
74773
99565
51922
19462
62742
51588
38604
35358
51176
71734
50767
62669
50227
37784
82488
49887
90630
49412
77003
49347
49337
48233
74201
48228
23883
64458
47582
47432
64744
46765
18633
27461
38734
78768
36678
29104
77253
36591
35173
35141
13501
49763
35114
96788
39309
60949
38281
36725
55593
64249
34683
51937
27087
48007
37859
66532
34190
46587
33480
32978
48126
21673
63795
22426
42168
92481
41664
36795
40985
40385
40353
30074
40200
32085
50785
44103
22463
39991
42639
38633
38048
34261
45622
37958
62303
73123
37271
50710
15545
29990
41943
33828
38697
65290
62913
71569
62951
63087
63264
63467
63576
63843
66007
64143
72799
64381
64769
64793
64821
69832
65372
65512
65532
65883
66632
71501
67072
67248
67257
67647
68443
68564
68957
69028
69280
60946
59287
59610
59698
84584
59700
79176
59873
59930
59979
60074
60120
60152
60171
60652
74177
73608
61487
92865
98816
61000
61005
61207
61493
97199
97289
61988
62472
62658
62680
62799
89219
75896
76196
76468
76860
77512
77667
81646
88138
84477
84802
85309
85696
86055
91983
88781
75143
90834
91980
93906
94313
95241
96134
96415
97151
97526
97999
98107
98634
98728
98906
73963
69360
69432
70309
73014
70453
70659
70718
70778
71778
72120
72178
72242
72768
98736
72881
58463
72939
73001
73227
73642
73697
73779
73908
73928
73960
74085
74376
86278
75067
78854
14539
23357
38246
30212
63754
71665
23932
62343
51126
7436
56470
75405
28091
26302
1482
27953
23064
74049
27149
62314
48544
62069
32610
61824
42871
65593
27965
29715
29753
9138
26357
13117
70615
47445
28684
68718
9800
36814
24912
51689
30049
26565
72550
7679
24898
17188
28294
55571
17867
31583
12773
84185
39535
36965
18975
43866
16624
50532
27882
38702
94966
17410
56305
54294
54634
54752
58539
54775
54850
54978
55463
56545
55717
94128
55939
62431
56094
63668
57952
56433
56607
65804
56778
65975
56918
62869
57827
57979
68799
58326
64818
58409
68688
32235
25843
30865
53046
73063
25319
30973
63433
31005
64006
33143
12165
91692
32211
53851
57638
20302
52370
52508
68197
52603
52705
58115
52709
52858
53162
53343
53684
66668
53706
57411
