22400 23617 25231 29427 40693 42648 47732 56263 58641 70980 73374 78692 83136 99224 38958 40977 52600 65199
34386 37280 42041 61238 95863 71277 97591
61582 72161 79590 81711 92618 97043
20395 73783 25490 57038 68941
20942 22285 34917 24232 28287
28897 23385 38093 69950
95629 95791 84783 85437
61709 65367 67534 73201
30271 29242 60322 68227
97508 68238 71754 74306
26715 9631 23724
29268 53720 33022
82136 27970 90557
23055 43707 49537
36711 57030 64491
78909 27779 91185
65251 54894 57734
51151 53425 47278
46740 57955 66557
55045 70307 72665
59609 68463 61072
31011 30590 33523
98095 98304 52011
21589 25450 30988
42984 63133
65372 66485
20470 66141
87019 51261
43261 63356
90903 91696
13835 2289
34476 42776
4998 63028
53715 55788
43885 52694
23742 56597
41422 65380
94128 58417
25139 31992
70866 61554
98906 47883
31858 35094
44391 56693
36958 53794
17435 60537
94013 84054
52579 72599
52596 58227
21213 59458
29715 21768
98935 68990
63208 63825
32610 1238
89129 91757
3915 57156
39844 37319
15696 18695
89562 54190
17020 57761
51588 71955
94977 87055
75425 38740
10055 52413
46980 73054
90593 96678
23411 27244
78212 89258
89219 99320
30955 27904
94693 23442
22929 298
36704 39443
88737 92754
13299 54359
50028 74289
78211 96494
44930 18186
18822
18007
34959
18938
34484
31532
63587
30991
68053
59947
58763
23214
51144
99338
18290
26478
21051
32703
51937
29707
20867
8700
20232
70004
30265
990
4297
20796
74327
20575
46736
20588
89467
37359
24916
8858
67029
19835
35524
23032
45596
5124
63063
34782
73734
31144
1629
39761
2823
31256
41675
47632
1641
58083
23459
73010
49848
41192
40881
67390
66226
32684
21905
44697
51536
17869
5503
25461
33328
19193
46243
43769
78934
34003
35910
27321
51153
46390
71276
27349
72358
31204
27132
21181
8868
43704
54737
46221
46076
73667
48930
47131
62820
45589
45343
44538
48325
54817
44415
43743
60514
46622
57770
43687
407
72901
73983
84803
43409
43295
36803
53574
44821
50772
43022
57629
74773
99565
51922
19462
62742
38604
35358
51176
71734
50767
62669
50227
37784
82146
82488
49887
90630
49412
77003
49347
49337
48233
74201
48228
23883
64458
47582
47432
64744
46765
18633
27461
38734
78768
36678
29104
77253
36591
35173
35141
13501
49763
35114
96788
39309
60949
38281
36725
55593
64249
34683
57946
27087
48007
37859
66532
34190
46587
33480
32978
48126
21673
63795
22426
42168
92481
41664
36795
40985
40385
40353
30074
40200
32085
50785
44103
22463
39991
42639
38633
38048
34261
45622
37958
62303
73123
37271
50710
15545
29990
41943
33828
38697
64793
62799
69832
62913
71569
62951
63087
63264
63467
63576
63843
66007
64143
72799
64381
64769
62680
64821
65290
65512
65532
65883
66632
71501
67072
67248
67257
67647
68443
68564
68957
60652
68688
58463
59287
59610
59698
84584
59700
79176
59873
59930
59979
60074
60120
60152
60171
69028
74177
60946
61487
92865
98816
61000
61005
61207
61493
97199
97289
61988
62472
62658
91983
78854
75143
75896
76196
76468
76860
77512
77667
81646
88138
84477
84802
85309
85696
86055
75067
88781
90834
91980
93906
94313
95241
96134
96415
97151
97526
97999
98107
98634
98728
98736
69280
73608
69360
69432
70309
73014
70453
70659
70718
70778
71778
72120
72178
72242
72768
58409
72881
73963
72939
73001
73227
73642
73697
73779
73908
73928
73960
74085
74376
86278
75405
27882
38702
94966
17410
23064
23357
38246
30212
63754
71665
23932
62343
51126
7436
56470
58539
28091
26302
1482
27953
14539
74049
27149
62314
48544
62069
61824
42871
65593
27965
17188
56890
20302
70615
47445
28684
68718
9800
36814
24912
51689
30049
26565
72550
7679
24898
29753
28294
13117
17867
31583
12773
84185
39535
36965
18975
43866
16624
50532
35276
54752
56094
53684
66668
53706
57411
57952
54294
54634
54775
54850
54978
55463
56545
55717
55939
62431
53343
63668
56305
56433
56607
65804
56778
65975
56918
62869
57827
57979
68799
58326
64818
91692
9138
26357
55571
25843
30865
53046
73063
25319
30973
63433
31005
64006
33143
12165
49857
32211
53851
57638
32235
52321
52370
52508
68197
52603
52705
58115
52709
52858
53162
