22400 23617 25231 29427 40693 42648 47732 56263 58641 70980 73374 78692 83136 99224 38958 40977 52600 65199
34386 37280 42041 61238 95863 42904 59891 66191 71277 74060 97591 98726
61582 72161 79590 81711 92618 97043 8520
20395 73783 25490 57038 68941
20942 22285 34917 24232 28287
95629 95791 84783 85437
61709 65367 67534 73201
28897 23385 38093 69950
30271 29242 60322 68227
97508 68238 71754 74306
26715 9631 23724 59236
78909 27779 84054 91185
88737 74684 78253 92754
23055 43707 49537
75425 38740 45255
82136 27970 90557
46740 57955 66557
29268 53720 33022
36711 57030 64491
31011 30590 33523
21589 25450 30988
50028 53062 74289
65251 54894 57734
98095 98304 52011
55045 70307 72665
59609 68463 61072
51151 53425 47278
36704 39443
65372 66485
22929 298
23411 27244
63208 63825
82272 71590
35276 23774
27882 22831
94013 84054
89562 54190
32610 1238
25139 31992
94128 58417
53715 55788
7436 7696
52596 58227
52579 72599
98935 68990
30955 27904
31858 35094
29715 21768
23742 56597
51588 71955
31018 28423
46980 73054
44930 18186
4998 63028
90903 91696
87019 51261
42984 63133
15696 18695
39844 37319
3915 57156
36958 53794
43261 63356
34476 42776
43885 52694
10055 52413
20470 66141
17020 57761
44391 56693
17435 60537
21213 59458
89129 91757
13835 2289
41422 65380
13299 54359
78211 96494
94693 23442
98906 47883
45596 58654
5503 44575
56890 69828
70866 61554
78854 43783
78212 89258
89219 99320
90593 96678
94977 87055
30265
4297
24916
70004
26478
20575
20232
20588
20867
29707
21051
37359
21673
85696
34484
19835
35524
85309
51144
63587
18938
18822
68053
18290
59947
48007
49763
35114
90834
96788
39309
60949
38281
27461
55593
64249
34683
57946
27087
42639
88781
37859
66532
91983
34190
46587
33480
86055
32978
48126
32703
18007
49848
76860
31256
23032
76468
76196
73010
75896
40881
67390
32684
75143
66226
41192
39761
23459
58083
75067
1641
41675
86278
2823
74376
31144
63063
5124
74085
21181
43769
35141
30991
31532
23214
84477
35910
51536
17869
81646
67029
33328
19193
46243
84802
78934
34003
27321
77667
46390
71276
72358
77512
8868
47632
34782
73734
1629
97999
47582
47432
64744
98107
46765
18633
46622
54737
46221
46076
73667
48930
45589
45343
64458
44538
48325
54817
44415
43743
60514
43704
57770
43687
407
97526
72901
73983
82146
51937
51922
19462
62742
99565
38604
35358
51176
71734
50767
62669
50227
37784
84803
98728
82488
49887
74773
49412
98634
77003
49347
49337
48233
74201
48228
23883
91980
22463
39991
63795
38633
38048
34261
45622
37958
62303
73123
37271
50710
15545
44103
29990
41943
33828
38697
36725
38734
78768
36678
29104
77253
36591
35173
31204
22426
43409
97151
43295
36803
53574
96415
44821
50772
96134
43022
57629
90630
95241
13501
42168
92481
41664
36795
40985
40385
94313
93906
40353
30074
40200
32085
50785
56778
54978
69028
55463
56545
55717
68957
55939
62431
56094
63668
56305
56433
56607
65804
54850
65975
56918
62869
57827
57979
68799
58326
64818
58409
68688
58463
59287
68564
58115
91692
32211
53851
57638
32235
52321
52370
52508
68197
69360
73608
52603
52705
68443
52709
52858
53162
53343
53684
66668
53706
69280
57411
57952
54294
54634
54775
63576
62658
62680
62799
69832
62820
62913
71569
62951
63087
67248
67072
63264
63467
62472
63843
66007
64143
72799
64381
64769
64793
64821
65290
71501
65512
65532
65883
60652
59610
59698
84584
59700
79176
59873
59930
67647
59979
60074
60120
60152
60171
12165
74177
60946
61487
92865
98816
61000
61005
61207
61493
97199
67257
97289
61988
17867
24912
51689
30049
73697
26565
72550
7679
24898
17188
73642
73227
28294
73001
13117
36814
31583
12773
84185
39535
36965
18975
72939
43866
16624
73963
50532
72881
54752
89467
66632
27349
51153
21905
25461
73960
73928
44697
34959
58763
99338
20796
8858
58539
46736
74327
990
73908
8700
49857
73779
20302
70615
47445
28684
68718
9800
9138
70659
70453
27149
62314
48544
62069
73014
61824
42871
65593
27965
70309
29753
70718
26357
55571
25843
30865
53046
73063
25319
30973
63433
31005
64006
33143
69432
23932
98736
38702
94966
72768
17410
23064
23357
38246
72242
30212
63754
72178
71665
27132
62343
72120
51126
71778
56470
75405
28091
70778
26302
1482
27953
14539
74049
