22400 23617 25231 29427 40693 42648 47732 56263 58641 70980 73374 78692 83136 99224 34033 38958 40977 52600 65199
34386 37280 42041 61238 95863 35828 36115 42904 59891 66191 71277 74060 97591 98726
61582 72161 79590 81711 92618 97043 8520
78909 27779 71685 84054 91185
20395 73783 25490 57038 68941
26715 9631 23724 48223 59236
20942 22285 34917 24232 28287
97508 62513 68238 71754 74306
88737 74684 78253 92754
31011 30590 30644 33523
30271 29242 60322 68227
28897 23385 38093 69950
95629 95791 84783 85437
61709 65367 67534 73201
75425 38740 45255
7436 7696 39139
23055 43707 49537
46740 57955 66557
29268 53720 33022
98935 65221 68990
34959 35276 23774
82136 27970 90557
36711 57030 64491
50028 53062 74289
31858 21387 35094
87019 51261 55763
65251 54894 57734
21589 25450 30988
98095 98304 52011
51151 53425 47278
55045 70307 72665
59609 68463 61072
89562 54190 73042
17867 38053
94966 33313
27882 22831
92865 99664
63208 63825
23411 27244
22929 298
32610 1238
94013 84054
36704 39443
25139 31992
79176 66443
53715 55788
52596 58227
75405 30576
52579 72599
1482 56999
45596 58654
29715 21768
27965 59097
39844 37319
26478 15927
23742 56597
43885 52694
34476 42776
43261 63356
36958 53794
22463 36113
3915 57156
20470 66141
15696 18695
42984 63133
90903 91696
4998 63028
44930 18186
46980 73054
51588 71955
41422 65380
56890 69828
5503 44575
25461 44640
98906 47883
30955 27904
94693 23442
78211 96494
13299 54359
10055 52413
13835 2289
1629 16983
89129 91757
21213 59458
17435 60537
44391 56693
17020 57761
90593 96678
78212 89258
88138 71590
94028 98009
94977 87055
76468 83333
89219 99320
70866 61554
78854 43783
65372 66485
20232
30265
70004
21673
20867
29707
21051
42639
33480
4297
86055
20575
20588
37359
24916
85696
34484
19835
35524
85309
51144
63587
18938
34683
35141
13501
49763
35114
91980
96788
39309
60949
38281
27461
55593
64249
48126
90834
57946
27087
48007
37859
66532
88781
34190
46587
18290
91983
32978
32684
47632
34782
73734
77512
39761
76860
31256
23032
76196
73010
75896
40881
67390
8868
75143
66226
41192
49848
23459
58083
75067
1641
41675
86278
2823
74376
67029
68053
52321
77253
59947
84802
18007
31532
30991
23214
84477
35910
51536
17869
18822
33328
19193
46243
43769
81646
78934
34003
27321
46390
71276
72358
77667
45589
47432
64744
98634
46765
18633
46622
54737
46221
46076
73667
48930
47131
62820
47582
45343
98107
44538
48325
54817
44415
43743
60514
43704
57770
43687
407
97999
98728
51937
51922
19462
62742
99565
38604
35358
51176
71734
50767
62669
50227
37784
72901
82488
49887
74773
49412
77003
49347
49337
48233
74201
48228
23883
64458
50710
32085
50785
44103
39991
63795
38633
38048
34261
45622
37958
62303
73123
37271
40200
15545
93906
29990
41943
33828
38697
36725
38734
78768
36678
29104
63063
36591
90630
73983
84803
43409
97526
43295
36803
53574
97151
44821
50772
96415
43022
57629
35173
96134
22426
42168
92481
41664
36795
95241
40985
40385
94313
40353
30074
56094
54294
54634
54752
58539
54775
54850
54978
67257
55463
56545
55717
55939
62431
57952
63668
56305
56433
56607
65804
56778
65975
56918
62869
57827
57979
68799
58326
68564
31005
64006
33143
68957
12165
91692
32211
53851
57638
32235
52370
52508
68197
64818
68443
52603
52705
58115
52709
52858
53162
53343
53684
66668
53706
67647
57411
62951
61207
61493
97199
65532
97289
61988
62472
62658
62680
62799
69832
62913
71569
61005
63087
65512
63264
63467
63576
63843
66007
64143
72799
64381
64769
64793
64821
66632
58409
68688
58463
59287
67248
67072
59610
59698
84584
59700
71501
59873
59930
63433
59979
60074
60120
60152
60171
60652
74177
60946
61487
65883
98816
61000
7679
20302
70615
47445
28684
68718
9800
36814
24912
51689
30049
73227
26565
72550
73642
24898
17188
73001
72939
28294
73963
13117
72881
31583
12773
84185
39535
36965
73779
65290
5124
74085
21181
27132
31204
27349
51153
21905
73960
73928
73908
44697
18975
58763
99338
20796
8858
89467
46736
74327
990
73697
8700
32703
49857
42871
73014
27953
14539
74049
70309
69432
69360
27149
62314
48544
62069
73608
61824
26302
65593
69280
69028
29753
9138
26357
55571
25843
30865
53046
73063
25319
30973
30212
43866
16624
98736
50532
72768
38702
72242
72178
17410
23064
23357
38246
72120
31144
63754
71778
71665
23932
62343
51126
70778
70718
56470
70659
28091
70453
