22400 23617 25231 29427 40693 42648 47732 56263 58641 70980 73374 78692 83136 99224 34033 38958 40977 52600 65199 69530
34386 37280 42041 61238 95863 35828 36115 42904 59891 66191 71277 74060 97591 98726
61582 72161 79590 81711 92618 97043 8520
28897 23385 38093 52537 67198 69950
31011 21652 26665 30590 30644 33523
78909 27779 71685 75763 84054 91185
20395 73783 25490 57038 68941
87019 51261 55763 67348 79232
97508 62513 68238 71754 74306
20942 22285 34917 24232 28287
57638 61709 65367 67534 73201
26715 9631 23724 48223 59236
30271 29242 60322 68227
88737 74684 78253 92754
95629 95791 84783 85437
98095 98304 52011 72112
75425 38740 45255
36711 57030 64491
7436 7696 39139
29268 53720 33022
46740 57955 66557
34959 35276 23774
98935 65221 68990
17435 60537 58231
23055 43707 49537
82136 27970 90557
89562 54190 73042
31858 21387 35094
50028 53062 74289
65251 54894 57734
59609 68463 61072
21589 25450 30988
51151 53425 47278
94028 27809 98009
55045 70307 72665
17867 38053
94966 33313
27882 22831
94013 84054
63208 63825
92865 99664
23411 27244
22929 298
32610 1238
79176 66443
36704 39443
25139 31992
94128 58417
53715 55788
75405 30576
52596 58227
1482 56999
52579 72599
29715 21768
45596 58654
27965 59097
3915 57156
20470 66141
26478 15927
23742 56597
43885 52694
34476 42776
43261 63356
36958 53794
22463 36113
17020 57761
39844 37319
15696 18695
42984 63133
90903 91696
4998 63028
44930 18186
46980 73054
51588 71955
78211 96494
56890 69828
5503 44575
25461 44640
21181 17644
98906 47883
30955 27904
94693 23442
1641 54687
10055 52413
13299 54359
41422 65380
13835 2289
1629 16983
89129 91757
21213 59458
44391 56693
94977 87055
90593 96678
78212 89258
76468 83333
89219 99320
70866 61554
65372 66485
78854 43783
70004
4297
20232
20867
29707
21051
42639
21673
48126
30265
33480
86055
20575
20588
37359
24916
85696
34484
19835
35524
85309
51144
63587
64249
36591
35173
35141
13501
49763
35114
91980
96788
39309
60949
38281
27461
55593
32978
34683
90834
57946
27087
48007
37859
66532
88781
34190
46587
68053
91983
40881
77512
8868
47632
34782
73734
76860
39761
31256
23032
76196
75896
73010
75143
72358
67390
32684
66226
75067
41192
49848
23459
58083
86278
74376
41675
74085
17869
18822
29104
52321
18290
59947
84802
18007
31532
30991
23214
84477
35910
51536
18938
81646
67029
33328
19193
46243
43769
78934
34003
27321
77667
46390
71276
45589
47432
64744
98634
46765
18633
46622
54737
46221
46076
73667
48930
47131
62820
47582
45343
98107
44538
48325
54817
44415
43743
60514
43704
57770
43687
407
97999
98728
51937
51922
19462
62742
99565
38604
35358
51176
71734
50767
62669
50227
37784
72901
82488
49887
74773
49412
77003
49347
49337
48233
74201
48228
23883
64458
37271
32085
50785
44103
94313
39991
63795
38633
38048
34261
45622
37958
62303
73123
40200
50710
15545
93906
29990
41943
33828
38697
36725
38734
78768
36678
73960
90630
73983
84803
43409
97526
43295
36803
53574
97289
44821
50772
97151
43022
57629
77253
96415
22426
42168
92481
41664
36795
96134
40985
40385
95241
40353
30074
55717
67072
57411
57952
54294
54634
54752
58539
54775
54850
54978
71501
55463
56545
53706
66632
55939
62431
56094
63668
56305
56433
56607
65804
56778
65975
56918
62869
52508
25319
30973
63433
31005
64006
33143
67647
12165
91692
32211
53851
32235
52370
65883
68197
67257
67248
52603
52705
58115
52709
52858
53162
53343
53684
66668
62913
64821
98816
61000
61005
61207
61493
97199
61988
62472
62658
62680
62799
69832
61487
71569
62951
63087
64793
64769
63264
63467
63576
63843
66007
64143
72799
84584
58463
57827
57979
68799
58326
64818
58409
68688
59287
65532
65512
59610
59698
73063
59700
59873
59930
65290
59979
60074
60120
60152
60171
60652
74177
60946
26565
49857
72939
20302
70615
47445
28684
68718
9800
36814
24912
51689
30049
73963
32703
72550
7679
24898
17188
72881
98736
28294
72768
13117
72242
31583
12773
84185
73642
64381
31144
63063
5124
73928
73908
27132
31204
27349
51153
21905
73779
73697
39535
44697
73227
58763
99338
20796
8858
89467
46736
74327
990
73001
8700
68957
69432
26302
69360
27953
14539
74049
73608
69280
69028
27149
62314
48544
62069
28091
61824
42871
65593
68564
68443
29753
9138
26357
55571
25843
30865
53046
70778
36965
18975
43866
16624
72178
50532
72120
38702
71778
17410
23064
23357
38246
2823
30212
63754
70718
71665
23932
62343
70659
51126
70453
73014
56470
70309
