22400 23617 25231 29427 40693 42648 47732 56263 58641 70980 73374 78692 83136 99224 34033 38958 40977 52600 65199 69530
34386 37280 42041 61238 95863 35828 36115 42904 59891 66191 71277 74060 97591 98726
61582 72161 79590 81711 92618 97043 8520 27101
28897 23385 38093 52537 67198 69950
31011 21652 26665 30590 30644 33523
78909 27779 71685 75763 84054 91185
26715 9631 23724 48223 59236
87019 51261 55763 67348 79232
97508 62513 68238 71754 74306
20942 22285 34917 24232 28287
20395 73783 25490 57038 68941
61709 65367 67534 73201
88737 74684 78253 92754
95629 95791 84783 85437
34959 35276 23774 31566
98095 98304 52011 72112
30271 29242 60322 68227
50028 53062 74289
29268 53720 33022
10055 52413 58874
36711 57030 64491
75425 38740 45255
17435 60537 58231
82136 27970 90557
46740 57955 66557
79176 31452 66443
7436 7696 39139
31858 21387 35094
89562 54190 73042
59609 68463 61072
21589 25450 30988
98935 65221 68990
65251 54894 57734
23055 43707 49537
51151 53425 47278
55045 70307 72665
89129 91757
1482 56999
21213 59458
15696 18695
75405 30576
65372 66485
42984 63133
1629 16983
90903 91696
25139 31992
4998 63028
94013 84054
53715 55788
23742 56597
26478 15927
94128 58417
43885 52694
20470 66141
34476 42776
43261 63356
52596 58227
52579 72599
17020 57761
39844 37319
44391 56693
36958 53794
92865 99664
29715 21768
27965 59097
98906 47883
32610 1238
22463 36113
63208 63825
3915 57156
94693 23442
5503 44575
17867 38053
94977 87055
78211 96494
23411 27244
1641 54687
22929 298
56890 69828
78854 43783
25461 44640
46980 73054
30955 27904
76468 83333
90593 96678
89219 99320
78212 89258
36704 39443
88138 71590
45596 58654
21181 17644
31018 28423
70866 61554
13835 2289
13299 54359
51588 71955
27882 22831
94966 33313
82272 71590
44930 18186
41422 65380
63587
35524
18938
20796
18822
68053
27349
31204
20232
18290
59947
27132
20867
29707
99338
37359
44697
20575
24916
58763
4297
67029
34484
51144
51937
21905
30265
51153
19835
20588
70004
34782
71276
72358
58083
23459
49848
41192
8868
47632
66226
46390
32684
67390
73734
40881
39761
73010
31256
23032
19193
30991
31532
23214
35910
51536
17869
5124
63063
33328
18007
46243
31144
43769
2823
78934
34003
27321
41675
57770
46221
46076
73667
48930
47131
62820
45589
45343
44538
48325
54817
44415
43743
60514
43704
54737
43687
407
72901
73983
84803
43409
43295
36803
53574
44821
50772
43022
57629
90630
49412
99565
51922
19462
62742
38604
35358
51176
71734
50767
62669
50227
37784
82488
49887
74773
22426
77003
49347
49337
48233
74201
48228
23883
64458
47582
47432
64744
46765
18633
46622
64249
36678
29104
77253
36591
35173
35141
13501
49763
35114
96788
39309
60949
38281
27461
55593
78768
34683
57946
27087
48007
37859
66532
34190
46587
33480
32978
48126
32703
21673
42639
38048
42168
92481
41664
36795
40985
40385
40353
30074
40200
32085
50785
44103
39991
63795
38633
21051
34261
45622
37958
62303
73123
37271
50710
15545
29990
41943
33828
38697
36725
38734
64769
62799
69832
62913
71569
62951
63087
63264
63467
63576
63843
66007
64143
72799
64381
62680
64793
64821
65290
65512
65532
65883
66632
71501
67072
67248
67257
67647
68443
68564
60171
58409
68688
58463
59287
59610
59698
84584
59700
59873
59930
59979
60074
60120
60152
68957
60652
74177
60946
61487
98816
61000
61005
61207
61493
97199
97289
61988
62472
62658
91983
86278
75067
75143
75896
76196
76860
77512
77667
81646
84477
84802
85309
85696
86055
74376
88781
90834
91980
93906
94313
95241
96134
96415
97151
97526
97999
98107
98634
98728
72242
69028
69280
73608
69360
69432
70309
73014
70453
70659
70718
70778
71778
72120
72178
64818
72768
98736
72881
73963
72939
73001
73227
73642
73697
73779
73908
73928
73960
74085
28091
16624
50532
38702
17410
23064
23357
38246
30212
63754
71665
23932
62343
51126
56470
43866
26302
27953
14539
74049
27149
62314
48544
62069
61824
42871
65593
29753
9138
26357
51689
89467
46736
74327
990
8700
49857
20302
70615
47445
28684
68718
9800
36814
24912
55571
30049
26565
72550
7679
24898
17188
28294
13117
31583
12773
84185
39535
36965
18975
62431
53706
57411
57952
54294
54634
54752
58539
54775
54850
54978
55463
56545
55717
55939
66668
56094
63668
56305
56433
56607
65804
56778
65975
56918
62869
57827
57979
68799
58326
57638
25843
30865
53046
73063
25319
30973
63433
31005
64006
33143
12165
91692
32211
53851
8858
32235
52321
52370
52508
68197
52603
52705
58115
52709
52858
53162
53343
53684
