22400 23617 25231 29427 40693 42648 47732 56263 58641 70980 73374 78692 83136 99224 22534 26436 30137 34033 38905 38958 40977 52600 65199 69530
34386 37280 42041 61238 95863 35828 36115 42904 59891 64105 66191 71277 74060 97591 98726
79503 94693 94977 98095 98304 98906 23442 47883 52011 72112 77625 78750 87055
61582 72161 79590 81711 92618 97043 8520 27101
31011 21652 25042 26665 30590 30644 33523
78909 27779 68186 71685 75763 84054 91185
20942 22285 34917 24232 26204 26838 28287
97508 55319 62144 62513 68238 71754 74306
28897 23385 38093 52537 67198 69950
20395 73783 25490 57038 68941
26715 9631 23724 48223 59236
87019 51261 55763 67348 79232
30271 29242 60322 68227
88737 74684 78253 92754
61709 65367 67534 73201
95629 95791 84783 85437
34959 35276 23774 31566
51151 53425 45001 47278
76468 66098 83333
75425 38740 45255
98935 65221 68990
36711 57030 64491
65251 54894 57734
89129 79310 91757
29268 53720 33022
7436 7696 39139
82136 27970 90557
23055 43707 49537
59609 68463 61072
89562 54190 73042
55045 70307 72665
46740 57955 66557
21589 25450 30988
10055 52413 58874
17435 60537 58231
50028 53062 74289
31858 21387 35094
79176 31452 66443
52579 72599
17020 57761
36958 53794
92865 99664
90903 91696
25139 31992
42984 63133
13835 2289
4998 63028
94013 84054
36704 39443
44391 56693
29715 21768
1629 16983
27965 59097
21213 59458
65372 66485
75405 30576
15696 18695
78934 3128
39844 37319
3915 57156
1482 56999
32610 1238
63208 63825
52596 58227
22463 36113
53715 55788
20470 66141
46980 73054
22929 298
5503 44575
78854 43783
56890 69828
25461 44640
7679 66901
30955 27904
23411 27244
23742 56597
78212 89258
94128 58417
45596 58654
31018 28423
21181 17644
90593 96678
89219 99320
26478 15927
44930 18186
41422 65380
43261 63356
94966 33313
34476 42776
70866 61554
27882 22831
82272 71590
1641 54687
13299 54359
43885 52694
78211 96494
17867 38053
51588 71955
30265
30991
70004
31532
23214
18007
4297
20796
20575
59947
20588
37359
24916
18290
52321
68053
18822
18938
34484
19835
63587
35524
51144
20232
63063
67390
32684
66226
41192
49848
23459
58083
41675
2823
31144
40881
5124
27132
31204
27349
51153
21905
44697
58763
99338
51937
71276
51536
17869
67029
33328
19193
46243
43769
34003
27321
46390
35910
72358
8868
47632
34782
73734
39761
31256
23032
73010
407
46221
46076
73667
48930
45589
45343
44538
48325
54817
44415
43743
60514
43704
57770
43687
54737
72901
73983
84803
43409
43295
36803
53574
44821
50772
43022
57629
90630
22426
42168
49412
99565
51922
19462
62742
38604
35358
51176
71734
50767
62669
50227
37784
82488
49887
74773
92481
77003
49347
49337
48233
74201
48228
23883
64458
47582
47432
64744
46765
18633
46622
57946
77253
36591
35173
35141
13501
49763
35114
96788
39309
60949
38281
27461
55593
64249
34683
29104
27087
48007
37859
66532
34190
46587
33480
32978
48126
32703
21673
42639
21051
29707
45622
41664
36795
40985
40385
40353
30074
40200
32085
50785
44103
39991
63795
38633
38048
34261
20867
37958
62303
73123
37271
50710
15545
29990
41943
33828
38697
36725
38734
78768
36678
64793
62820
62913
71569
62951
63087
63264
63467
63576
63843
66007
64143
72799
64381
64769
69832
64821
65290
65512
65532
65883
66632
71501
67072
67248
67257
67647
68443
68564
68957
74177
58463
59287
59610
59698
84584
59700
59873
59930
59979
60074
60120
60152
60171
60652
69028
60946
61487
98816
61000
61005
61207
61493
97199
97289
61988
62472
62658
62680
62799
91983
86278
75067
75143
75896
76196
76860
77512
77667
81646
84477
84802
85309
85696
86055
74376
88781
90834
91980
93906
94313
95241
96134
96415
97151
97526
97999
98107
98634
98728
72768
69280
73608
69360
69432
70309
73014
70453
70659
70718
70778
71778
72120
72178
72242
68688
98736
72881
73963
72939
73001
73227
73642
73697
73779
73908
73928
73960
74085
26302
50532
38702
17410
23064
23357
38246
30212
63754
71665
23932
62343
51126
56470
28091
16624
27953
14539
74049
27149
62314
48544
62069
61824
42871
65593
29753
9138
26357
55571
51689
89467
46736
74327
990
8700
49857
20302
70615
47445
28684
68718
9800
36814
24912
25843
30049
26565
72550
24898
17188
28294
13117
31583
12773
84185
39535
36965
18975
43866
63668
57952
54294
54634
54752
58539
54775
54850
54978
55463
56545
55717
55939
62431
56094
57411
56305
56433
56607
65804
56778
65975
56918
62869
57827
57979
68799
58326
64818
58409
32235
30865
53046
73063
25319
30973
63433
31005
64006
33143
12165
91692
32211
53851
57638
8858
52370
52508
68197
52603
52705
58115
52709
52858
53162
53343
53684
66668
53706
