15250 15506 17239 18007 18633 22400 22534 23617 25139 25231 25319 26436 29427 30137 30991 34033 38660 38905 38958 40693 42648 45319 47732 49763 52600 52603 56263 58641 60152 62658 65199 69360 69530 70980 72939 73374 74736 75333 76308 77381 78692 80625 81152 83136 84477 87418 92925 97289 98107 99224 99663 31992
20942 21652 22285 22463 22798 23214 23850 24213 24232 25042 25501 26204 26665 26838 27461 27859 28287 28423 30590 30644 31011 31018 32410 33328 33523 34397 34684 34773 34917 35469 35490 36113 38648 26857 32075
13179 16663 20395 21753 23221 25490 30376 32610 34607 34782 43753 57038 57660 68941 70089 71734 71813 73783 73813 75748 76978 81246 84582 88662 91039 15273 69702 73067 74255 88157
9522 22692 31950 35098 41579 43409 43685 52705 59762 67193 67838 71300 71401 72952 74040 75613 80989 82201 82492 90544 94695 96565 99179 29563 42987 68151 71639
8405 8860 35573 37404 37722 38708 38876 40992 43112 48685 49823 51311 52579 52857 53769 54734 57096 57768 62869 68424 68443 69400 70057 72599 81345 96016
11009 20302 29753 32235 34921 36678 37104 40985 42639 44464 52424 52954 55939 63548 73963 98384 98634 98726 99565
34386 37280 42041 42904 53686 61238 64105 66191 71277 95863 35828 36115 59891 74060
36814 43295 44538 45622 50532 53715 55788 62343 64006 66668 70251 86720 55313
29332 46221 48544 49450 51536 53342 63587 72989 50150 57035 60119 67988 68554
5362 6096 29656 44027 49379 56326 60100 63837 64011 66551 67647 82972 87516
31452 77625 78750 79176 79503 88571 91302 94693 94977 98037 98906 66443
23254 25208 36828 42871 44930 48007 51083 56280 72054 72901 73123 73667
28897 30929 36314 38093 40225 51934 52537 57547 67198 67632 69950
32134 55372 61709 65367 66173 72081 72976 73201 73599 74201 69612
44366 62472 72178 74049 83496 87101 91980 98759 99923 22944 53989
24646 29999 42984 49224 50812 58838 63133 70080 72768 93869
13501 35358 53818 73878 80990 82405 95175 97052 53714 79486
51153 61582 72161 79590 81711 92618 93411 97043 8520 27101
21657 21756 22897 24799 26750 27518 30865 40013
71685 75763 78909 84054 91185 94013 60132
1577 7679 13451 50785 51588 66901 71955
34476 42776 55319 82146 22839 25808 47540
22516 56545 58326 61005 62951 66632 72242
41441 56739 57058 57127 60745 62348 63453
22357 23927 26715 28031 37291 48223 59236
88138 18372 29042 38624 70052 73656
13299 17043 46740 54359 57955 66557
31854 35830 56978 69564 20888 22902
74684 78253 88737 92754 32845 78381
47461 54670 58633 61487 63741 72737
41347 54634 94028 29345 65094 98009
59609 61072 68463 69432 71494 68026
88332 88513 91983 97999 98728 99593
22093 37180 39937 40706 42804 73865
55916 59901 69402 70327 91245 99063
55763 67348 74094 79232 82469 87019
46587 51922 53851 83767 96788
45255 80884 85243 89090 96203
17280 19305 44498 39287 68915
25461 56016 58155 36718 44640
38824 46150 61419 69116 71559
43628 51016 64886 67412 61352
62513 68238 71754 74306 97508
81946 91227 11787 31143 86435
95714 40321 43557 47483 60391
23055 31647 43707 49537 56276
78159 37519 56708 70749 98893
82455 83520 44764 58520 60882
47278 51151 53425 45001 48064
30049 92865 50278 64970 99664
75479 77149 82136 82524 90557
10055 52413 58874 70778
84783 85437 95629 95791
2080 56085 71304 56623
81072 59083 66872 96963
42981 64002 69813 73779
89996 43395 46440 75717
50028 74289 48610 53062
26690 30271 60322 68227
25276 26357 29414 30164
97622 38546 49990 63895
9090 58732 68802 60038
35342 54080 56811 60723
94966 33313 41004 96317
45709 56101 73089 73908
18181 19566 19835 18929
69910 77066 87222 92803
45933 52596 58227 55750
14083 43885 52694 64249
51176 58305 86278 93217
62354 67155 99176
48535 69872 70321
17435 58231 60537
55045 70307 72665
50568 59380 73371
29268 53720 33022
54894 65251 57734
3915 57156 65311
29260 31858 35094
5260 5868 70978
923 47827 64458
20473 54461 68391
16331 69742 70984
54722 68951 69612
21589 25450 30988
6159 21181 70058
17998 53972 57260
36089 41943 47131
92973 6905 7750
44103 58802 68241
88699 49252 70060
65144 66370 71276
24428 69684 73686
24197 32327 58309
23411 27244 11619
31416 32085 33363
70324 97125 98807
36704 39443 37158
23699 29242 60089
22403 42715 66281
56483 60835 64755
22207 64111 70615
98831 4986 66246
29983 58921 62465
25887 28916 34874
89562 54190 73042
52370 67878 97253
36711 57030 64491
23016 28226 56017
43261 57961 69233
72881 83935 97526
3560 37367 36812
66098 76468 83333
13053 70795 17442
94321 24469 98247
84909 99935 28621
40083 71590 82272
78212 89258 93040
35903 45343 46390
7436 7696 39139
37785 48963 69859
9765 9853 67946
5503 38226 44575
58339 67072 99320
1629 16983 61940
27068 36725 37759
42431 62431 70989
31566 34959 35276
40995 58840 61069
22826 66113 72550
98935 62375 65221
3128 78934 59691
9379 49412 39738
72112 98095 98304
47217 57580
46980 73054
33902 39861
89972 90425
46831 73000
41422 65380
12340 55094
78211 96494
9056 40915
1982 5600
65372 66485
35048 45725
40470 56669
5685 10329
43448 66887
1482 56999
39195 44415
32106 42582
49036 60352
88907 55412
81242 54666
70866 61554
44391 56693
39052 53142
39046 69958
50832 87978
54540 61000
85929 98770
36351 62034
20470 66141
32703 92444
32833 23401
38734 39082
21821 68170
33759 35637
34053 68363
72972 91114
99673 97177
29715 21768
26316 27882
24194 40200
43866 54526
60251 67028
20392 34190
26550 35616
42858 54337
62825 66533
27087 67936
36958 53794
43001 71583
32600 577
23701 42509
27005 29182
44095 61207
61051 19317
48288 65754
76366 95301
39162 64008
43820 73960
62144 55645
43783 67012
30074 33078
83403 84185
85142 45581
14258 43537
74464 66024
43687 39012
42308 67029
45497 56133
65255 68786
35552 60213
2058 46595
55117 70641
46186 48190
14539 18911
28606 40093
29548 64301
41346 48228
27965 59097
45500 68197
27904 30955
13835 2289
26073 37043
15755 57795
63208 63825
89129 91757
63202 73404
77321 77959
27953 22587
45596 58654
42249 73928
72898 56507
34196 43704
59985 97591
11150 57158
2725 57952
64003 94128
298 65186
524 5835
17867 38053
77790 89503
56503 58809
23357 67707
97824 24400
23742 56597
98608 99376
26478 15927
31625 44392
15696 18695
88779 98816
50227 73786
35910 72209
79424 29055
79310 23003
69804 72546
22568 72120
82535 53085
84364 86055
84309 58600
90593 96678
4998 63028
567 68775
13117 67374
52918 57756
83043 86938
53788 50925
10224 52839
88923 23422
81680 97199
86584 51062
54559 57770
11854 69619
81277 29055
56890 69828
7683 38978
34341 68675
40026 54625
47973 70309
30059 45619
21213 59458
48587 62664
50255 54230
24924 24952
6274 43395
50555 60194
2337 21478
69114 72164
56273 62085
8433 60326
75405 30576
87243 93906
90903 91696
21111 31256
38266 69351
8868 68765
50860 57445
35861 32928
1641 54687
3767 6127
13343 51018
38795
8730
793
22219
73150
54294
92481
60290
47582
62474
41434
51937
55348
86265
80931
36492
39717
22339
53132
26933
17634
55489
2331
42912
68839
78699
49152
38604
23110
44797
3217
41192
59700
64557
43286
53046
40987
57827
5632
38452
38633
69274
38631
44150
38473
54296
65667
30312
73828
68718
57308
23488
73983
59841
48056
23385
49244
17869
43683
57274
59873
67534
62820
87640
39116
32179
20394
31500
39007
36736
38740
74095
47505
47803
57405
28091
60074
86721
36227
20701
46208
51647
43578
10580
18374
20725
22507
53862
35091
22426
19402
50710
85850
33996
65620
71569
27132
23084
36068
38720
41158
23194
30265
64868
74451
23547
57629
50558
35449
63733
50668
22384
58763
73771
20811
20587
63668
25525
20766
18186
48776
21051
40773
56703
66131
73202
72666
34954
73063
80134
20575
15972
20588
58618
19377
17020
27360
32859
52508
66445
45589
50396
83394
53684
64350
28995
17644
37473
67727
19275
16624
3461
18822
53550
64058
21632
16953
61736
16465
6820
19568
61988
52907
41122
19637
43739
10134
52429
63380
33143
40394
18214
49347
17186
28025
57974
28162
15930
61857
73642
20268
60337
18287
61248
54475
71440
61974
21827
22448
60160
45289
51291
46900
21677
16963
21905
59302
19455
71309
21673
14600
52858
49848
36359
51902
18667
56379
55134
19554
329
1896
80375
26164
58539
21959
57216
58908
61171
23459
48930
20282
4256
1584
21387
40121
55463
21268
63694
20886
59568
54358
67248
37859
39290
92070
41808
57411
6453
23032
35233
25092
4440
58417
22929
39428
4792
22536
58491
76946
92006
43743
80292
23724
56994
41386
22672
54150
21084
31144
52952
52868
52759
52709
52522
52477
28907
54575
35719
31005
52357
50000
53231
52348
49991
52011
52006
54363
51739
51566
51477
51297
39512
60725
51252
68957
54372
54165
65950
68307
58500
53786
54064
37565
53728
58442
54815
50101
51247
53706
27779
53622
53503
62931
53452
57779
41280
88420
53343
53304
53289
48530
60925
75067
48838
70051
56470
48707
36922
48705
48697
48665
48659
48645
49140
53870
60941
48325
38897
69538
48298
48166
56918
48046
57977
47996
47941
64908
67746
51186
51144
51126
8700
50827
50767
50761
27191
58271
74770
40524
54443
50128
54842
50119
50006
49942
26372
49890
59868
49887
49857
49279
57946
58223
53509
60580
58130
58115
39259
67543
58084
72226
58083
57979
67407
53695
57761
62475
57727
57564
78777
57235
69020
73734
58290
57181
57135
57009
87438
59698
59669
59614
17188
42216
18646
59462
59287
23932
59234
71019
59154
73508
58993
58818
58703
96415
58629
65700
58489
58466
58432
58422
96134
58409
19462
55342
55242
55235
57592
59630
55194
33981
55059
54978
40836
54850
54817
55593
54801
40659
56964
54746
40604
59175
54739
54737
38223
54699
19344
54517
56262
56911
61604
56814
37958
56778
56605
70747
56531
56339
63410
56305
56288
47883
79832
59443
56116
70258
55917
29990
74773
55782
46354
58139
55668
49337
53863
50536
41664
41645
20432
41544
49295
66486
41403
67330
34391
56991
41675
41294
41283
31157
51261
63046
41236
29451
41036
40977
40899
33828
40881
42324
42640
68567
54828
92540
42629
9631
54414
42493
46863
42427
75425
94281
58348
42257
42170
20957
42168
98736
41926
41916
63129
41829
41757
15830
41680
37246
76494
39894
25752
39886
39883
65810
39779
9138
56396
63467
39761
39603
57638
39535
39507
39461
39309
54752
73608
39226
59174
39212
58832
47742
72699
40219
59377
57778
41143
40468
44821
40385
23886
51443
53800
40353
12069
40334
42679
56718
52004
40203
40092
40073
37716
73071
40004
65931
39975
25833
60652
46819
46778
56746
47318
46765
63264
72692
46736
37159
47619
92402
46510
46908
46337
46266
46243
60385
62742
46136
24923
46121
57310
43168
64381
51442
47489
57311
47854
47786
59947
67018
49966
47748
54286
56643
47632
47552
50816
45897
6368
51713
79997
47277
59937
71722
47202
47199
47003
56419
65847
59958
47344
23774
63843
38605
74083
43772
24916
93269
43638
3604
88456
43459
70497
78814
31532
43392
62248
43249
43179
43022
43002
71286
46076
42734
47115
44853
45895
45845
71772
45663
24450
45434
75896
45230
21660
45141
44931
19004
54642
44474
44383
42009
20796
4297
56438
30511
44239
23026
59543
53998
65984
65283
69997
65305
65332
65336
67693
65512
65532
67889
65853
65883
65975
65129
66022
66135
66175
99173
66180
66186
66201
66226
66240
66330
66409
66496
64448
63731
89658
63743
63754
63803
63980
66337
64143
64195
64339
64346
64368
66532
64585
64594
71665
64656
64744
64818
97816
64821
64860
64954
65076
68078
67462
67487
72201
67575
77003
67590
67596
67703
67844
67907
68023
68053
67452
68158
68172
68186
68207
68219
68254
89467
68264
68325
68413
68475
68502
74191
73603
66544
97185
66570
66741
66859
66884
66896
88109
66926
66959
67120
63654
67229
74300
67250
69607
93177
67272
67296
74367
67347
83846
67451
60376
38120
40509
38291
38315
59979
67056
60024
60025
60120
60180
60281
60311
37987
60407
60453
60514
60586
60598
60904
70332
60942
60946
60949
60959
61003
38428
68823
56433
72932
36106
36152
62079
39844
36691
36965
37271
37272
60842
91692
37319
25256
37455
70453
44127
45457
37694
37784
1238
37835
36878
62908
62400
62459
62468
62483
62621
62669
62680
90964
62799
62828
62850
62891
71778
62912
62913
62933
65290
70004
63040
63063
63195
63266
63356
63433
63463
61954
61118
61227
61244
61267
61369
61493
68564
61495
61570
61572
61769
61824
68529
62069
90353
62131
71572
62238
62243
95241
62264
62303
62314
62350
79222
76854
76860
77253
77407
77512
77543
77667
77786
78677
78768
78854
78897
76640
79948
80171
94313
80738
81114
81394
83185
83737
84135
84803
84880
84893
74341
73622
73697
73833
73874
74085
74114
74177
74218
78932
74248
74250
74327
85080
74376
74579
74631
75054
75143
75380
75620
75631
76196
76493
76594
95781
90612
90630
90834
90843
91111
91700
98771
91803
93174
93235
94713
95654
90479
96157
96796
96960
97151
97572
97581
97689
98677
99105
99108
99541
99567
87055
85208
99350
85430
85494
85583
85673
85696
86181
86551
86623
87001
87011
85309
87477
87710
88311
88312
88396
89041
89206
89663
89838
90200
90448
70145
69517
69635
69654
69832
69861
81646
69925
88781
69949
70078
86577
70126
69328
70232
70268
70304
70311
70408
70477
70507
70511
70659
70703
82488
91916
99440
68542
68552
68575
68629
68656
68672
96956
68688
68708
68788
68799
97083
70718
68848
99489
68954
68990
69008
69028
69034
69191
69205
69262
69318
73001
72410
72464
72640
72643
72652
72752
72799
84584
72823
72866
72904
77618
72358
73010
73014
75371
73227
73252
73309
73327
73378
73407
73451
73454
73524
71501
87217
70846
70882
70901
70927
71064
71195
71207
71234
71240
75954
71493
35825
71539
71672
85814
71755
71838
71856
71989
72050
72110
72142
72330
56255
10877
36304
24519
9012
22831
56049
52722
46068
23064
17410
11499
23284
31948
58612
19658
59727
29086
27421
19758
20867
59210
18751
70032
12165
56948
43769
51658
48331
78972
26151
15929
8858
32428
67783
54775
48233
18290
60716
12773
18262
11608
63462
31084
38155
12074
26216
91762
57455
54128
53019
64340
36641
59980
23883
28752
54617
59331
41309
58701
24317
31388
24487
24271
1153
55571
38936
24717
19193
26264
9212
24738
21168
88687
24898
25342
47532
69280
71698
9800
14411
36591
20941
18975
64793
407
2823
39219
32565
22140
56094
54707
16346
61129
63486
5059
947
59930
34003
46622
70192
96119
44720
47850
46316
36888
18591
25662
59758
64064
48328
1197
59610
990
38702
18557
61219
63576
22540
29707
69911
47723
35524
9081
89219
56607
66035
37754
32978
28318
23604
34106
836
69189
30591
84802
11758
15545
52643
18487
1228
18090
5236
57090
71232
54493
30923
31204
9046
256
87465
37359
35141
40130
50772
47445
45227
18611
18938
92005
34173
49640
59068
15261
40237
10294
8128
66057
73128
36803
34446
69801
46568
22170
23442
45977
9380
63591
98946
20657
88800
2969
49927
32183
37593
98875
21878
30750
35464
16333
37546
12506
25352
67797
91367
27149
14015
4587
35114
58192
69977
47699
58937
17904
97389
63795
68509
46531
43204
23242
32114
22198
38697
56826
37970
55717
31393
43691
32502
32584
34848
51689
65831
52892
32930
58516
33009
61293
66007
21865
29365
56480
44281
30973
30985
99338
36026
73738
31340
38042
36798
37701
31542
64291
31583
85794
46171
31754
38246
31825
59465
5124
73477
38394
65593
35322
60324
34400
54391
32211
60495
39991
30010
3432
34484
91052
34781
60708
53253
42490
36945
47432
56538
94250
35467
55703
34632
35741
44697
43588
36517
34023
35173
55213
33033
33101
52077
33224
33396
33480
66767
53162
57270
64341
30212
62128
30934
71003
34261
69616
53574
38048
66332
34294
55457
60171
36795
60615
26565
30893
44796
31902
67257
27321
67390
58121
27057
64769
52321
44116
81578
27131
64843
27136
27349
31677
52640
36141
37114
27133
57774
93129
26108
45720
90503
31303
90228
36172
63087
67801
2446
25735
65804
26969
27075
36005
55889
65317
48126
57317
26265
58463
97006
26302
2732
40947
37620
29625
92468
54031
22979
37396
29060
39988
2554
20232
29104
29212
25366
37388
71255
38281
57575
46485
29986
29850
46972
70542
32555
53004
69503
34429
35260
60807
37628
25843
27398
72181
54170
27554
99807
41160
37833
42196
24912
27809
7287
43491
57913
69698
27970
32684
28253
28294
28029
34683
28684
24115
15250 15506 17239 18007 18633 22400 22534 23617 25139 25231 25319 26436 29427 30137 30991 34033 38660 38905 38958 40693 42648 45319 47732 49763 52600 52603 56263 58641 60152 62658 65199 69360 69530 70980 72939 73374 74736 75333 76308 77381 78692 80625 81152 83136 84477 87418 92925 97289 98107 99224 99663 31992
20942 21652 22285 22463 22798 23214 23850 24213 24232 25042 25501 26204 26665 26838 27461 27859 28287 28423 30590 30644 31011 31018 32410 33328 33523 34397 34684 34773 34917 35469 35490 36113 38648 26857 32075
13179 16663 20395 21753 23221 25490 30376 32610 34607 34782 43753 57038 57660 68941 70089 71734 71813 73783 73813 75748 76978 81246 84582 88662 91039 15273 69702 73067 74255 88157
9522 22692 31950 35098 41579 43409 43685 52705 59762 67193 67838 71300 71401 72952 74040 75613 80989 82201 82492 90544 94695 96565 99179 29563 42987 68151 71639
8405 8860 35573 37404 37722 38708 38876 40992 43112 48685 49823 51311 52579 52857 53769 54734 57096 57768 62869 68424 68443 69400 70057 72599 81345 96016
11009 20302 29753 32235 34921 36678 37104 40985 42639 44464 52424 52954 55939 63548 73963 98384 98634 98726 99565
34386 37280 42041 42904 53686 61238 64105 66191 71277 95863 35828 36115 59891 74060
29332 46221 48544 49450 51536 53342 63587 72989 50150 57035 60119 67988 68554
5362 6096 29656 44027 49379 56326 60100 63837 64011 66551 67647 82972 87516
36814 43295 44538 45622 50532 53715 55788 62343 64006 66668 70251 86720 55313
23254 25208 36828 42871 44930 48007 51083 56280 72054 72901 73123 73667
31452 77625 78750 79176 79503 88571 91302 94693 94977 98037 98906 66443
32134 55372 61709 65367 66173 72081 72976 73201 73599 74201 69612
44366 62472 72178 74049 83496 87101 91980 98759 99923 22944 53989
28897 30929 36314 38093 40225 51934 52537 57547 67198 67632 69950
24646 29999 42984 49224 50812 58838 63133 70080 72768 93869
51153 61582 72161 79590 81711 92618 93411 97043 8520 27101
13501 35358 53818 73878 80990 82405 95175 97052 53714 79486
21657 21756 22897 24799 26750 27518 30865 40013
71685 75763 78909 84054 91185 94013 60132
22516 56545 58326 61005 62951 66632 72242
22357 23927 26715 28031 37291 48223 59236
1577 7679 13451 50785 51588 66901 71955
34476 42776 55319 82146 22839 25808 47540
22093 37180 39937 40706 42804 73865
41347 54634 94028 29345 65094 98009
74684 78253 88737 92754 32845 78381
47461 54670 58633 61487 63741 72737
88138 18372 29042 38624 70052 73656
55763 67348 74094 79232 82469 87019
31854 35830 56978 69564 20888 22902
13299 17043 46740 54359 57955 66557
55916 59901 69402 70327 91245 99063
59609 61072 68463 69432 71494 68026
88332 88513 91983 97999 98728 99593
43628 51016 64886 67412 61352
62513 68238 71754 74306 97508
41441 56739 57058 62348 63453
82455 83520 44764 58520 60882
81946 91227 11787 31143 86435
46587 51922 53851 83767 96788
45255 80884 85243 89090 96203
25461 56016 58155 36718 44640
23055 31647 43707 49537 56276
75479 77149 82136 82524 90557
47278 51151 53425 45001 48064
38824 46150 61419 69116 71559
17280 19305 44498 39287 68915
30049 92865 50278 64970 99664
95714 40321 43557 47483 60391
78159 37519 56708 70749 98893
50028 74289 48610 53062
45933 52596 58227 55750
51176 58305 86278 93217
35342 54080 56811 60723
84783 85437 95629 95791
14083 43885 52694 64249
97622 38546 49990 63895
45709 56101 73089 73908
94966 33313 41004 96317
2080 56085 71304 56623
9090 58732 68802 60038
25276 26357 29414 30164
10055 52413 58874 70778
89996 43395 46440 75717
69910 77066 87222 92803
26690 30271 60322 68227
81072 59083 66872 96963
42981 64002 69813 73779
18181 19566 19835 18929
3915 57156 65311
17435 58231 60537
48535 69872 70321
5260 5868 70978
6159 21181 70058
29268 53720 33022
50568 59380 73371
36704 39443 37158
22403 42715 66281
17998 53972 57260
36089 41943 47131
23699 29242 60089
98831 4986 66246
70324 97125 98807
54722 68951 69612
20473 54461 68391
29983 58921 62465
22826 66113 72550
35903 45343 46390
43261 57961 69233
66098 76468 83333
52370 67878 97253
1629 16983 61940
40995 58840 61069
9379 49412 39738
42431 62431 70989
72112 98095 98304
31566 34959 35276
23016 28226 56017
3128 78934 59691
36711 57030 64491
72881 83935 97526
78212 89258 93040
37785 48963 69859
7436 7696 39139
55045 70307 72665
92973 6905 7750
923 47827 64458
89562 54190 73042
56483 60835 64755
31416 32085 33363
24197 32327 58309
24428 69684 73686
65144 66370 71276
88699 49252 70060
44103 58802 68241
16331 69742 70984
29260 31858 35094
22207 64111 70615
23411 27244 11619
25887 28916 34874
21589 25450 30988
62354 67155 99176
3560 37367 36812
40083 71590 82272
58339 67072 99320
27068 36725 37759
84909 99935 28621
5503 38226 44575
98935 62375 65221
13053 70795 17442
94321 24469 98247
54894 65251 57734
9765 9853 67946
45500 68197
89129 91757
63208 63825
27953 22587
90593 96678
45497 56133
52918 57756
84364 86055
84309 58600
29548 64301
14539 18911
567 68775
63202 73404
48288 65754
14258 43537
62825 66533
27087 67936
36958 53794
32600 577
44095 61207
43866 54526
39162 64008
76366 95301
43820 73960
43783 67012
62144 55645
83403 84185
30074 33078
56890 69828
20470 66141
21821 68170
13343 51018
79310 23003
34053 68363
79424 29055
22568 72120
47217 57580
24194 40200
85929 98770
34341 68675
41422 65380
46980 73054
38734 39082
46831 73000
2058 46595
26316 27882
78211 96494
1982 5600
81277 29055
65372 66485
77790 89503
35048 45725
65255 68786
81680 97199
82535 53085
13835 2289
55117 70641
83043 86938
46186 48190
89972 90425
23357 67707
35910 72209
41346 48228
28606 40093
90903 91696
8433 60326
35552 60213
40470 56669
2337 21478
6274 43395
9056 40915
12340 55094
33902 39861
30059 45619
29715 21768
88923 23422
72972 91114
21213 59458
33759 35637
32833 23401
32703 92444
5685 10329
36351 62034
50832 87978
39195 44415
70866 61554
39046 69958
1482 56999
32106 42582
39052 53142
20392 34190
42308 67029
43687 39012
26478 15927
43448 66887
74464 66024
61051 19317
40026 54625
27005 29182
43001 71583
11854 69619
42858 54337
7683 38978
26550 35616
298 65186
23701 42509
85142 45581
60251 67028
2725 57952
59985 97591
72898 56507
42249 73928
34196 43704
45596 58654
26073 37043
15755 57795
97824 24400
88779 98816
77321 77959
27904 30955
27965 59097
1641 54687
81242 54666
31625 44392
3767 6127
56273 62085
15696 18695
88907 55412
75405 30576
87243 93906
54559 57770
35861 32928
23742 56597
10224 52839
4998 63028
49036 60352
69804 72546
8868 68765
47973 70309
38266 69351
99673 97177
50860 57445
53788 50925
13117 67374
50255 54230
50555 60194
21111 31256
69114 72164
48587 62664
54540 61000
56503 58809
17867 38053
524 5835
98608 99376
24924 24952
64003 94128
11150 57158
50227 73786
86584 51062
44391 56693
17869
55463
55348
53046
67248
52508
66445
38795
62474
21084
36492
8730
51937
54150
48056
47582
92481
59841
56994
73983
30312
50710
65667
54294
17020
26933
22219
20588
28162
53132
74451
55489
22339
42912
68839
35233
19377
44797
41158
59700
6453
41808
2331
41192
49152
39290
38604
57827
1584
61171
23110
59568
20886
38452
38631
44150
58539
4440
38473
20394
4792
73828
51291
43683
57308
23488
36736
45289
23385
49244
31500
47505
54475
71440
14600
39007
52858
38740
74095
46900
71569
67534
62820
36359
68718
32179
38633
69274
51647
35449
63733
50668
22384
20725
28091
80292
86721
50558
43578
10580
23724
60074
23459
54296
22507
76946
22536
27132
4256
23084
58491
36068
47803
38720
22426
23194
25092
30265
65620
23547
57405
57629
40773
41122
793
27360
32859
50396
83394
52907
80931
19637
73771
39717
20811
61736
16953
25525
20766
60290
19275
63694
54358
37859
6820
92070
19568
57411
53550
61988
41434
10134
23032
57274
58618
43739
17634
16624
64557
45589
33143
40394
18214
49347
17186
80134
78699
57974
52429
61857
73642
20268
60337
58763
47699
43286
57127
3217
86265
48776
3461
21051
21268
56703
66131
5632
73202
40987
57778
73063
22448
20587
48930
20282
80375
20701
21905
61974
21827
67727
63668
60160
21677
16963
18186
59302
72666
17644
53684
73150
64350
92006
18667
28995
56379
1896
19455
51902
21959
37473
36227
58908
57216
26164
16465
85850
41386
22672
28025
15930
18287
61248
55134
19402
33996
64868
18822
64058
21387
40121
21632
58417
46208
71309
34954
21673
18374
49848
20575
329
15972
22929
39428
53862
63380
19554
43743
35091
50000
53231
52952
52868
52759
52709
52522
52477
28907
54575
35719
31005
52357
53289
31144
52348
49991
52011
52006
54363
51739
51566
51477
51297
39512
60725
50101
54443
54372
54165
65950
68307
58500
53786
54064
37565
53728
58442
54815
51252
68957
53706
27779
53622
53503
62931
53452
57779
41280
88420
53343
53304
48645
49140
60925
75067
48838
70051
56470
48707
36922
48705
48697
48665
48659
49279
48530
53870
60941
48325
38897
69538
48298
48166
56918
48046
57977
47996
40524
51247
67746
51186
51144
51126
8700
50827
50767
50761
27191
58271
74770
54517
64908
50128
54842
50119
50006
49942
26372
49890
59868
49887
49857
67407
53695
58223
53509
60580
58130
58115
39259
67543
58084
72226
58083
57979
58409
57946
57761
62475
57727
57564
78777
57235
69020
73734
58290
57181
57135
59154
59873
59698
59669
59614
17188
42216
18646
59462
59287
23932
59234
71019
57009
87438
58993
58818
58703
96415
58629
65700
58489
58466
58432
58422
96134
54817
55593
55342
55242
55235
57592
59630
55194
33981
55059
54978
40836
54850
55668
19462
54801
40659
56964
54746
40604
59175
54739
54737
38223
54699
19344
56288
73508
56911
61604
56814
37958
56778
56605
70747
56531
56339
63410
56305
47941
56262
79832
59443
56116
70258
55917
29990
74773
55782
46354
58139
41283
41664
41645
20432
41544
49295
66486
41403
67330
34391
56991
49337
41294
50536
31157
51261
63046
41236
29451
41036
40977
40899
33828
40881
58348
59377
42170
54828
92540
42629
9631
54414
42493
46863
42427
75425
94281
42324
42257
32183
20957
42168
98736
41926
41916
63129
41829
41757
15830
41680
41675
53863
39507
25752
39886
39883
65810
39779
9138
56396
63467
39761
39603
37246
39535
39894
39461
39309
54752
73608
39226
59174
39212
58832
47742
72699
54642
87640
52004
41143
40468
44821
40385
23886
51443
53800
40353
12069
40334
40219
56718
68567
40203
40092
40073
37716
73071
40004
65931
39975
25833
57638
76494
46266
56746
47318
46765
63264
72692
46736
37159
47619
92402
46510
60652
46337
46778
46243
60385
62742
46136
24923
46121
57310
43168
64381
51442
45897
45895
6368
47883
57311
47854
47786
49966
47748
54286
56643
47632
47552
50816
47489
45845
51713
79997
47277
59937
71722
47202
47199
47003
56419
65847
46908
46819
31532
63843
38605
74083
43772
24916
93269
43638
3604
88456
43459
59958
78814
23774
43392
62248
43249
43179
43022
43002
71286
46076
42734
47115
42679
42640
44383
71772
45663
24450
45434
75896
45230
21660
45141
44931
19004
44853
44474
39116
42009
20796
4297
56438
30511
44239
23026
59543
53998
70497
47344
65984
65283
69997
65305
65332
65336
67693
65512
65532
67889
65853
65883
65975
65129
66022
66135
66175
99173
66180
66186
66201
66226
66240
66330
66409
66496
64368
63654
63731
89658
63743
63754
63803
63980
66337
64143
64195
64339
64346
66532
64448
64585
64594
71665
64656
64744
64818
97816
64821
64860
64954
65076
68078
67462
67487
72201
67575
77003
67590
67596
67703
67844
67907
68023
68053
67452
68158
68172
68186
68207
68219
68254
89467
68264
68325
68413
68475
68502
74191
73603
66544
97185
66570
66741
66859
66884
66896
88109
66926
66959
67120
63463
67229
74300
67250
69607
93177
67272
67296
74367
67347
83846
67451
60376
38120
40509
38291
38315
59979
67056
60024
60025
60120
60180
60281
60311
37987
60407
60453
60514
60586
60598
60745
60904
70332
60942
60946
60949
60959
38428
68823
56433
72932
36106
36152
62079
39844
36691
36965
37271
37272
60842
61003
37319
25256
37455
70453
44127
45457
37694
37784
1238
37835
36878
62891
71778
62400
62459
62468
62483
62621
62669
62680
90964
62799
62828
62850
62350
62908
62912
62913
62933
65290
70004
63040
63063
63195
63266
63356
63433
61824
91692
61118
61227
61244
61267
61369
61493
68564
61495
61570
61572
61769
68529
61954
62069
90353
62131
71572
62238
62243
95241
62264
62303
62314
79222
76854
76860
77253
77407
77512
77543
77667
77786
78677
78768
78854
78897
76640
79948
80171
94313
80738
81114
81394
83185
83737
84135
84803
84880
84893
74341
73622
73697
73833
73874
74085
74114
74177
74218
78932
74248
74250
74327
85080
74376
74579
74631
75054
75143
75380
75620
75631
76196
76493
76594
95781
90612
90630
90834
90843
91111
91700
98771
91803
93174
93235
94713
95654
90479
96157
96796
96960
97151
97572
97581
97689
98677
99105
99108
99541
99567
87055
85208
99350
85430
85494
85583
85673
85696
86181
86551
86623
87001
87011
85309
87477
87710
88311
88312
88396
89041
89206
89663
89838
90200
90448
70145
69517
69635
69654
69832
69861
81646
69925
88781
69949
70078
86577
70126
69328
70232
70268
70304
70311
70408
70477
70507
70511
70659
70703
82488
91916
99440
68542
68552
68575
68629
68656
68672
96956
68688
68708
68788
68799
97083
70718
68848
99489
68954
68990
69008
69028
69034
69191
69205
69262
69318
73001
72410
72464
72640
72643
72652
72752
72799
84584
72823
72866
72904
77618
72358
73010
73014
75371
73227
73252
73309
73327
73378
73407
73451
73454
73524
71501
87217
70846
70882
70901
70927
71064
71195
71207
71234
71240
75954
71493
35825
71539
71672
85814
71755
71838
71856
71989
72050
72110
72142
72330
19658
24519
9012
22831
56049
52722
46068
23064
17410
11499
23284
56255
58612
36304
59727
29086
27421
19758
20867
59210
18751
70032
12165
56948
12773
71698
11608
78972
26151
15929
8858
32428
67783
54775
48233
18290
60716
43769
18262
9800
63462
31084
38155
12074
26216
91762
57455
54128
53019
31948
10877
64340
23883
28752
54617
59331
41309
58701
59947
67018
24317
31388
24487
24271
59980
55571
38936
24717
19193
26264
9212
24738
21168
88687
24898
25342
47532
16346
14411
36591
20941
18975
64793
407
2823
39219
32565
22140
69280
54707
48331
61129
63486
5059
947
59930
34003
46622
70192
96119
1153
36641
44720
47850
46316
36888
18591
25662
59758
64064
48328
1197
59610
990
38702
18557
61219
63576
22540
29707
69911
47723
35524
9081
89219
56607
66035
37754
32978
28318
23604
34106
836
69189
30591
84802
11758
15545
52643
18487
1228
18090
5236
57090
71232
54493
30923
31204
9046
256
87465
37359
35141
73128
45227
18611
18938
92005
34173
49640
59068
15261
40237
10294
40130
66057
47445
36803
34446
69801
46568
22170
23442
45977
9380
63591
98946
56094
51658
67797
88800
2969
49927
37593
98875
21878
30750
35464
16333
37546
12506
20657
25352
91367
27149
14015
4587
35114
58192
69977
58937
17904
8128
50772
97389
63795
68509
46531
43204
23242
32114
22198
38697
56826
37970
55717
31393
43691
32502
32584
34848
51689
65831
52892
32930
58516
33009
61293
66007
21865
29365
56480
44281
30973
30985
99338
36026
73738
31340
38042
36798
37701
31542
64291
31583
85794
46171
31754
38246
31825
59465
5124
73477
38394
65593
35322
60324
34400
54391
32211
60495
39991
30010
3432
34484
91052
34781
60708
53253
42490
36945
47432
56538
94250
35467
55703
34632
35741
44697
43588
36517
34023
35173
55213
33033
33101
52077
33224
33396
33480
66767
53162
57270
64341
30212
62128
30934
71003
34261
69616
53574
38048
66332
34294
55457
60171
36795
60615
26565
30893
44796
31902
67257
27321
67390
58121
27057
64769
52321
44116
81578
27131
64843
27136
27349
31677
52640
36141
37114
27133
57774
93129
26108
45720
90503
31303
90228
36172
63087
67801
2446
25735
65804
26969
27075
36005
55889
65317
48126
57317
26265
58463
97006
26302
2732
40947
37620
29625
92468
54031
22979
37396
29060
39988
2554
20232
29104
29212
25366
37388
71255
38281
57575
46485
29986
29850
46972
70542
32555
53004
69503
34429
35260
60807
37628
25843
27398
72181
54170
27554
99807
41160
37833
42196
24912
27809
7287
43491
57913
69698
27970
32684
28253
28294
28029
34683
28684
24115
15250 15506 17239 18007 18633 22400 22534 23617 25139 25231 25319 26436 29427 30137 30991 34033 38660 38905 38958 40693 42648 45319 47732 49763 52600 52603 56263 58641 60152 62658 65199 69360 69530 70980 72939 73374 74736 75333 76308 77381 78692 80625 81152 83136 84477 87418 92925 97289 98107 99224 99663 31992
20942 21652 22285 22463 22798 23214 23850 24213 24232 25042 25501 26204 26665 26838 27461 27859 28287 28423 30590 30644 31011 31018 32410 33328 33523 34397 34684 34773 34917 35469 35490 36113 38648 26857 32075
13179 16663 20395 21753 23221 25490 30376 32610 34607 34782 43753 57038 57660 68941 70089 71734 71813 73783 73813 75748 76978 81246 84582 88662 91039 15273 69702 73067 74255 88157
9522 22692 31950 35098 41579 43409 43685 52705 59762 67193 67838 71300 71401 72952 74040 75613 80989 82201 82492 90544 94695 96565 99179 29563 42987 68151 71639
8405 8860 35573 37404 37722 38708 38876 40992 43112 48685 49823 51311 52579 52857 53769 54734 57096 57768 62869 68424 68443 69400 70057 72599 81345 96016
11009 20302 29753 32235 34921 36678 37104 40985 42639 44464 52424 52954 55939 63548 73963 98384 98634 98726 99565
34386 37280 42041 42904 53686 61238 64105 66191 71277 95863 35828 36115 59891 74060
36814 43295 44538 45622 50532 53715 55788 62343 64006 66668 70251 86720 55313
5362 6096 29656 44027 49379 56326 60100 63837 64011 66551 67647 82972 87516
29332 46221 48544 49450 51536 53342 63587 72989 50150 57035 60119 67988 68554
31452 77625 78750 79176 79503 88571 91302 94693 94977 98037 98906 66443
23254 25208 36828 42871 44930 48007 51083 56280 72054 72901 73123 73667
44366 62472 72178 74049 83496 87101 91980 98759 99923 22944 53989
32134 55372 61709 65367 66173 72081 72976 73201 73599 74201 69612
28897 30929 36314 38093 40225 51934 52537 57547 67198 67632 69950
24646 29999 42984 49224 50812 58838 63133 70080 72768 93869
13501 35358 53818 73878 80990 82405 95175 97052 53714 79486
51153 61582 72161 79590 81711 92618 93411 97043 8520 27101
21657 21756 22897 24799 26750 27518 30865 40013
71685 75763 78909 84054 91185 94013 60132
22357 23927 26715 28031 37291 48223 59236
34476 42776 55319 82146 22839 25808 47540
22516 56545 58326 61005 62951 66632 72242
1577 7679 13451 50785 51588 66901 71955
55763 67348 74094 79232 82469 87019
55916 59901 69402 70327 91245 99063
88332 88513 91983 97999 98728 99593
47461 54670 58633 61487 63741 72737
88138 18372 29042 38624 70052 73656
74684 78253 88737 92754 32845 78381
59609 61072 68463 69432 71494 68026
31854 35830 56978 69564 20888 22902
13299 17043 46740 54359 57955 66557
22093 37180 39937 40706 42804 73865
23055 31647 43707 49537 56276
38824 46150 61419 69116 71559
78159 37519 56708 70749 98893
54634 94028 29345 65094 98009
43628 51016 64886 67412 61352
62513 68238 71754 74306 97508
82455 83520 44764 58520 60882
45255 80884 85243 89090 96203
25461 56016 58155 36718 44640
47278 51151 53425 45001 48064
46587 51922 53851 83767 96788
81946 91227 11787 31143 86435
95714 40321 43557 47483 60391
75479 77149 82136 82524 90557
17280 19305 44498 39287 68915
30049 92865 50278 64970 99664
25276 26357 29414 30164
18181 19566 19835 18929
45933 52596 58227 55750
84783 85437 95629 95791
10055 52413 58874 70778
97622 38546 49990 63895
14083 43885 52694 64249
51176 58305 86278 93217
50028 74289 48610 53062
81072 59083 66872 96963
2080 56085 71304 56623
69910 77066 87222 92803
26690 30271 60322 68227
89996 43395 46440 75717
45709 56101 73089 73908
35342 54080 56811 60723
42981 64002 69813 73779
94966 33313 41004 96317
36089 41943 47131
21589 25450 30988
48535 69872 70321
22403 42715 66281
13053 70795 17442
23699 29242 60089
17435 58231 60537
54722 68951 69612
923 47827 64458
6159 21181 70058
27068 36725 37759
20473 54461 68391
9090 68802 60038
3915 57156 65311
98831 4986 66246
36704 39443 37158
50568 59380 73371
17998 53972 57260
29268 53720 33022
72112 98095 98304
35903 45343 46390
42431 62431 70989
31566 34959 35276
41441 56739 62348
1629 16983 61940
66098 76468 83333
52370 67878 97253
22826 66113 72550
40995 58840 61069
40083 71590 82272
9379 49412 39738
23016 28226 56017
36711 57030 64491
3128 78934 59691
7436 7696 39139
72881 83935 97526
37785 48963 69859
78212 89258 93040
55045 70307 72665
92973 6905 7750
89562 54190 73042
29983 58921 62465
16331 69742 70984
31416 32085 33363
24197 32327 58309
44103 58802 68241
24428 69684 73686
65144 66370 71276
88699 49252 70060
5260 5868 70978
23411 27244 11619
56483 60835 64755
29260 31858 35094
22207 64111 70615
25887 28916 34874
62354 67155 99176
43261 57961 69233
3560 37367 36812
58339 67072 99320
84909 99935 28621
94321 24469 98247
70324 97125 98807
98935 62375 65221
54894 65251 57734
9765 9853 67946
5503 38226 44575
78211 96494
83043 86938
35048 45725
24194 40200
22568 72120
47217 57580
85929 98770
82535 53085
65255 68786
77321 77959
34341 68675
41422 65380
38734 39082
81680 97199
1982 5600
2058 46595
72898 56507
13835 2289
46980 73054
46831 73000
65372 66485
81277 29055
56890 69828
88923 23422
20470 66141
44391 56693
41346 48228
87243 93906
34196 43704
38266 69351
56273 62085
49036 60352
88907 55412
21111 31256
27965 59097
27904 30955
54540 61000
13343 51018
35910 72209
26073 37043
79310 23003
15755 57795
79424 29055
45596 58654
23357 67707
26316 27882
21821 68170
42249 73928
26550 35616
34053 68363
36958 53794
11854 69619
20392 34190
74464 66024
62825 66533
43448 66887
48288 65754
42308 67029
61051 19317
52918 57756
43687 39012
23701 42509
27087 67936
7683 38978
32600 577
76366 95301
30074 33078
14258 43537
44095 61207
43866 54526
39162 64008
62144 55645
83403 84185
43783 67012
43820 73960
85142 45581
60251 67028
14539 18911
59985 97591
11150 57158
77790 89503
42858 54337
55117 70641
84309 58600
97824 24400
43001 71583
46186 48190
84364 86055
567 68775
88779 98816
3767 6127
29548 64301
298 65186
90593 96678
27005 29182
63208 63825
89129 91757
63202 73404
45500 68197
45497 56133
27953 22587
39046 69958
6274 43395
31625 44392
15696 18695
69804 72546
9056 40915
86584 51062
89972 90425
53788 50925
98608 99376
12340 55094
40470 56669
35552 60213
36351 62034
69114 72164
10224 52839
39052 53142
2337 21478
50860 57445
64003 94128
24924 24952
17867 38053
48587 62664
33759 35637
29715 21768
50227 73786
72972 91114
26478 15927
23742 56597
5685 10329
50832 87978
33902 39861
47973 70309
56503 58809
75405 30576
32833 23401
32703 92444
99673 97177
8868 68765
90903 91696
81242 54666
28606 40093
32106 42582
1641 54687
40026 54625
13117 67374
70866 61554
2725 57952
524 5835
50255 54230
39195 44415
54559 57770
50555 60194
8433 60326
35861 32928
21213 59458
4998 63028
1482 56999
30059 45619
39212
51937
32179
38604
92006
20394
49152
64868
68839
42912
18667
67534
87640
68718
38633
59174
69274
62474
54294
43286
7287
62820
39007
54642
59700
53046
72699
60290
47505
28318
39116
51647
38740
47742
74095
41434
58832
73150
86721
92481
19402
50710
22426
38720
22507
23194
60074
30265
10580
35091
43578
2331
74451
47582
53862
20725
22384
50668
65620
63733
18374
23547
36227
57629
46208
20701
35449
50558
23385
44150
38473
26933
22219
22339
44797
73828
41192
38452
57308
43683
23488
36736
57827
38631
49244
23110
31500
71569
8730
38795
27132
33996
55348
85850
36492
23084
36068
28025
6820
19275
21632
64058
46900
18822
16465
61248
18287
15930
19568
63380
20575
34954
72666
18186
63668
71440
20587
67727
61736
60337
54475
16624
4256
3461
57127
47699
53550
16953
37473
52907
41122
19637
43739
45289
57274
51291
10134
61988
22536
41808
58539
4440
39290
1584
4792
59568
20886
55463
6453
67248
21084
58491
54150
76946
56994
23724
80292
25092
14600
41158
17869
30312
65667
17644
28995
64350
53684
15972
20268
66445
52508
17020
19377
52858
36359
20588
28162
35233
41386
86265
19455
71309
21673
49848
58417
22929
39717
39428
43743
5632
22672
80931
21387
40121
21268
63694
793
54358
37859
17634
1896
3217
51902
21959
58908
48930
20282
21905
61974
92070
78699
21827
22448
60160
64557
40987
21677
16963
59302
40394
73202
73063
80134
329
45589
80375
33143
26164
57216
66131
18214
61171
49347
23459
17186
57974
52429
61857
73642
73771
57411
23032
55134
58618
27360
32859
50396
83394
40773
56379
20811
19554
25525
20766
41036
48776
21051
58763
56703
28907
41280
88420
53343
53304
53289
53231
52952
52868
52759
52709
52522
52477
57779
54575
35719
31005
52357
50000
31144
52348
49991
52011
52006
54363
51739
54064
54372
59841
48056
73983
58732
28091
54296
54165
65950
68307
58500
53786
51566
37565
53728
58442
54815
50101
68957
53706
27779
53622
53503
62931
53452
56470
59868
49887
49857
57058
66486
49295
49279
49140
60925
75067
48838
70051
49890
48707
36922
48705
48697
48665
48659
48645
48530
53870
60941
48325
38897
50767
51477
51297
39512
60725
51252
51247
67746
51186
51144
51126
8700
50827
54443
50761
27191
58271
74770
40524
64908
50128
54842
50119
50006
49942
26372
57946
58223
53509
60580
58130
58115
39259
67543
58084
72226
58083
57979
67407
53695
57761
62475
57727
57564
78777
57235
69020
73734
58290
57181
57135
57009
87438
59698
59669
59614
17188
42216
18646
59462
59287
23932
59234
71019
59154
73508
58993
58818
58703
96415
58629
65700
58489
58466
58432
58422
96134
58409
19462
55342
55242
55235
57592
59630
55194
33981
55059
54978
40836
54850
54817
55593
54801
40659
56964
54746
40604
59175
54739
54737
38223
54699
19344
54517
56262
56911
61604
56814
37958
56778
56605
70747
56531
56339
63410
56305
56288
69538
79832
59443
56116
70258
55917
29990
74773
55782
46354
58139
55668
41403
63129
41829
41757
15830
41680
41675
53863
50536
41664
41645
20432
41544
41916
67330
41347
55489
53132
49337
41294
41283
31157
51261
63046
41236
29451
54414
43002
71286
46076
42734
47115
42679
42640
68567
54828
92540
42629
9631
21878
42493
46863
42427
75425
94281
42324
42257
42170
20957
42168
98736
41926
39779
40004
65931
39975
25833
57638
76494
39894
25752
39886
39883
63453
65810
73071
9138
56396
63467
39761
39603
37246
39535
39507
39461
39309
54752
73608
51443
40977
40899
33828
40881
58348
59377
57778
41143
40468
44821
40385
23886
43022
53800
40353
12069
40334
40219
56718
52004
40203
40092
40073
37716
46736
47199
47003
56419
65847
46908
46819
46778
56746
47318
46765
63264
72692
47202
37159
47619
92402
46510
60652
46337
46266
46243
60385
62742
46136
24923
47748
48298
48166
56918
48046
57977
47996
47941
47883
57311
47854
47786
49966
46121
54286
56643
47632
47552
50816
47489
6368
51713
79997
47277
59937
71722
93269
44239
23026
59543
53998
70497
47344
23774
63843
38605
74083
43772
24916
30511
43638
3604
88456
43459
59958
31532
43392
62248
56991
34391
43249
43179
45230
57310
43168
64381
51442
45897
45895
45845
71772
45663
24450
45434
75896
39226
21660
45141
44931
19004
44853
44474
44383
42009
20796
4297
56438
65984
65283
69997
65305
65332
65336
67693
65512
65532
67889
65853
65883
65975
65129
66022
66135
66175
99173
66180
66186
66201
66226
66240
66330
66409
66496
64368
63654
63731
89658
63743
63754
63803
63980
66337
64143
64195
64339
64346
66532
64448
64585
64594
71665
64656
64744
64818
97816
64821
64860
64954
65076
68078
67462
67487
72201
67575
77003
67590
67596
67703
67844
67907
68023
68053
67452
68158
68172
68186
68207
68219
68254
89467
68264
68325
68413
68475
68502
74191
73603
66544
97185
66570
66741
66859
66884
66896
88109
66926
66959
67120
63463
67229
74300
67250
69607
93177
67272
67296
74367
67347
83846
67451
60376
40509
38291
38315
59873
59979
67056
60024
60025
60120
60180
60281
60311
38120
60407
60453
60514
60586
60598
60745
60904
70332
60942
60946
60949
60959
37319
56433
72932
36106
36152
62079
39844
36691
36965
37271
37272
60842
38428
61003
25256
37455
70453
44127
45457
37694
37784
1238
37835
36878
37987
62891
71778
62400
62459
62468
62483
62621
62669
62680
90964
62799
62828
62850
62350
62908
62912
62913
62933
65290
70004
63040
63063
63195
63266
63356
63433
61824
91692
61118
61227
61244
61267
61369
61493
68564
61495
61570
61572
61769
68529
61954
62069
90353
62131
71572
62238
62243
95241
62264
62303
62314
79222
76854
76860
77253
77407
77512
77543
77667
77786
78677
78768
78854
78897
76640
79948
80171
94313
80738
81114
81394
83185
83737
84135
84803
84880
84893
74341
73622
73697
73833
73874
74085
74114
74177
74218
78932
74248
74250
74327
85080
74376
74579
74631
75054
75143
75380
75620
75631
76196
76493
76594
95781
90612
90630
90834
90843
91111
91700
98771
91803
93174
93235
94713
95654
90479
96157
96796
96960
97151
97572
97581
97689
98677
99105
99108
99541
99567
87055
85208
99350
85430
85494
85583
85673
85696
86181
86551
86623
87001
87011
85309
87477
87710
88311
88312
88396
89041
89206
89663
89838
90200
90448
70145
69517
69635
69654
69832
69861
81646
69925
88781
69949
70078
86577
70126
69328
70232
70268
70304
70311
70408
70477
70507
70511
70659
70703
82488
91916
99440
68542
68552
68575
68629
68656
68672
96956
68688
68708
68788
68799
97083
70718
68848
99489
68954
68990
69008
69028
69034
69191
69205
69262
69318
73001
72410
72464
72640
72643
72652
72752
72799
84584
72823
72866
72904
77618
72358
73010
73014
75371
73227
73252
73309
73327
73378
73407
73451
73454
73524
71501
87217
70846
70882
70901
70927
71064
71195
71207
71234
71240
75954
71493
68823
71539
71672
85814
71755
71838
71856
71989
72050
72110
72142
72330
23064
53019
31948
10877
36304
24519
57405
47803
9012
22831
56049
52722
46068
54128
17410
11499
23284
56255
58612
19658
59727
29086
27421
19758
20867
59210
18290
98946
56094
51658
48331
78972
26151
15929
8858
32428
67783
54775
48233
18751
60716
43769
18262
11608
63462
31084
38155
12074
26216
91762
57455
24317
96119
1153
36641
59980
23883
28752
54617
59331
41309
58701
59947
67018
70192
31388
24487
24271
64340
55571
38936
24717
19193
26264
9212
24738
21168
2823
70032
12165
56948
12773
71698
9800
14411
36591
20941
18975
64793
407
63591
39219
32565
22140
69280
54707
16346
61129
63486
5059
947
46622
22540
18591
25662
59758
64064
48328
1197
59610
990
38702
44720
61219
63576
36888
29707
69911
47723
35524
9081
89219
56607
66035
37754
18090
88800
2969
71232
34106
836
30591
84802
11758
15545
52643
18487
1228
32978
5236
57090
49927
54493
30923
31204
9046
256
87465
37359
35141
18557
47850
46316
40237
17904
8128
50772
47445
45227
18611
18938
92005
34173
49640
59068
15261
58937
10294
40130
66057
73128
36803
34446
69801
46568
22170
23442
45977
9380
70542
32183
37593
98875
30750
35464
16333
37546
57575
46485
29986
29850
46972
88687
32555
12506
20657
67797
91367
27149
14015
4587
35114
58192
69977
32502
68509
46531
43204
23242
32114
22198
38697
56826
37970
55717
31393
97389
63795
32584
34848
51689
65831
52892
32930
58516
33009
61293
66007
21865
64291
31583
44281
30973
30985
99338
36026
73738
31340
38042
36798
37701
31542
29365
35173
85794
46171
31754
38246
31825
59465
5124
73477
38394
65593
43691
42490
34400
54391
32211
60495
39991
30010
3432
34484
91052
34781
60708
35322
60324
36945
47432
56538
94250
35467
55703
34632
35741
44697
43588
36517
35825
62128
55213
33033
33101
52077
33224
33396
33480
66767
53162
57270
64341
34023
56480
30934
71003
34261
69616
53574
38048
66332
34294
55457
60171
53253
58121
2732
40947
37620
44116
60615
26565
30893
44796
31902
67257
27321
67390
26302
27057
64769
52321
36795
81578
27131
64843
27136
34003
59930
27349
31677
25735
24898
25342
47532
25352
45720
90503
31303
90228
36172
63087
67801
2446
52640
65804
26969
27075
26108
55889
65317
48126
57317
26265
58463
97006
2554
28294
28029
34683
28684
24115
71255
92468
54031
22979
37396
29060
39988
28253
20232
29104
29212
25366
37388
29625
38281
53004
69503
35260
34429
30212
99807
36141
37114
27133
57774
93129
36005
37628
25843
27398
72181
54170
27554
23604
41160
37833
42196
24912
27809
60807
43491
57913
69698
27970
32684
15250 15506 17239 18007 18633 22400 22534 23617 25139 25231 25319 26436 29427 30137 30991 34033 38660 38905 38958 40693 42648 45319 47732 49763 52600 52603 56263 58641 60152 62658 65199 69360 69530 70980 72939 73374 74736 75333 76308 77381 78692 80625 81152 83136 84477 87418 92925 97289 98107 99224 99663 31992
13179 16663 20395 21753 23221 25490 30376 32610 34607 34782 43753 57038 57660 68941 70089 71734 71813 73783 73813 75748 76978 81246 84582 88662 91039 15273 69702 73067 74255 88157
20942 21652 23214 23850 24213 24232 25042 26204 26665 26838 27461 27859 28287 28423 30590 30644 31011 31018 33328 33523 34397 34684 34773 34917 35490 38648 26857
9522 22692 31950 35098 41579 43409 43685 52705 59762 67193 67838 71300 71401 72952 74040 75613 80989 82201 82492 90544 94695 96565 99179 29563 42987 68151 71639
8405 8860 35573 37404 37722 38708 38876 40992 48685 49823 51311 52579 52857 53769 54734 57768 62869 68424 68443 69400 70057 72599 81345 96016
11009 20302 29753 32235 34921 36678 37104 40985 42639 44464 52424 52954 55939 63548 73963 98384 98634 98726 99565
34386 37280 42041 42904 53686 61238 64105 66191 71277 95863 35828 36115 59891 74060
36814 43295 44538 45622 50532 53715 55788 62343 64006 66668 70251 86720 55313
29332 46221 48544 49450 51536 53342 63587 72989 50150 57035 60119 67988 68554
5362 6096 29656 44027 49379 56326 60100 63837 64011 66551 67647 82972 87516
31452 77625 78750 79176 79503 88571 91302 94693 94977 98037 98906 66443
23254 25208 36828 42871 44930 48007 51083 56280 72054 72901 73123 73667
32134 55372 61709 65367 66173 72081 72976 73201 73599 74201 69612
28897 30929 36314 38093 40225 51934 52537 57547 67198 67632 69950
44366 62472 72178 74049 83496 87101 91980 98759 99923 22944 53989
51153 61582 72161 79590 81711 92618 93411 97043 8520 27101
24646 29999 42984 49224 50812 58838 63133 70080 72768 93869
13501 35358 53818 73878 80990 82405 95175 97052 53714 79486
21657 21756 22897 24799 26750 27518 30865 40013
22285 22463 25501 32410 35469 36113 32075
22357 23927 26715 28031 37291 48223 59236
71685 75763 78909 84054 91185 94013 60132
22516 56545 58326 61005 62951 66632 72242
1577 7679 13451 50785 51588 66901 71955
55763 67348 74094 79232 82469 87019
88332 88513 91983 97999 98728 99593
22093 37180 39937 40706 42804 73865
47461 54670 58633 61487 63741 72737
34476 42776 82146 22839 25808 47540
59609 61072 68463 69432 71494 68026
55916 59901 69402 70327 91245 99063
13299 17043 46740 54359 57955 66557
88138 18372 29042 38624 70052 73656
74684 78253 88737 92754 32845 78381
31854 35830 56978 69564 20888 22902
43628 51016 64886 67412 61352
45255 80884 85243 89090 96203
62513 68238 71754 74306 97508
46587 51922 53851 83767 96788
47278 51151 53425 45001 48064
30049 92865 50278 64970 99664
75479 77149 82136 82524 90557
81946 91227 11787 31143 86435
25461 56016 58155 36718 44640
38824 46150 61419 69116 71559
78159 37519 56708 70749 98893
23055 31647 43707 49537 56276
17280 19305 44498 39287 68915
82455 83520 44764 58520 60882
95714 40321 43557 47483 60391
54634 94028 29345 65094 98009
89996 43395 46440 75717
84783 85437 95629 95791
81072 59083 66872 96963
35342 54080 56811 60723
94966 33313 41004 96317
2080 56085 71304 56623
26690 30271 60322 68227
42981 64002 69813 73779
45933 52596 58227 55750
50028 74289 48610 53062
10055 52413 58874 70778
14083 43885 52694 64249
18181 19566 19835 18929
45709 56101 73089 73908
51176 58305 86278 93217
69910 77066 87222 92803
25276 26357 29414 30164
54894 65251 57734
22207 64111 70615
22403 42715 66281
66098 76468 83333
923 47827 64458
3128 78934 59691
23699 29242 60089
20473 54461 68391
23016 28226 56017
55045 70307 72665
98831 4986 66246
13053 70795 17442
50568 59380 73371
29268 53720 33022
54722 68951 69612
3915 57156 65311
72112 98095 98304
98935 62375 65221
40083 71590 82272
24428 69684 73686
5503 38226 44575
42431 62431 70989
17998 53972 57260
41441 56739 62348
70324 97125 98807
36711 57030 64491
6159 21181 70058
36089 41943 47131
43261 57961 69233
65144 66370 71276
56483 60835 64755
16331 69742 70984
7436 7696 39139
52370 67878 97253
72881 83935 97526
92973 6905 7750
9765 9853 67946
31566 34959 35276
36704 39443 37158
9090 68802 60038
37785 48963 69859
1629 16983 61940
27068 36725 37759
21589 25450 30988
3560 37367 36812
58339 67072 99320
97622 38546 49990
78212 89258 93040
62354 67155 99176
25887 28916 34874
94321 24469 98247
9379 49412 39738
29260 31858 35094
48535 69872 70321
40995 58840 61069
22826 66113 72550
17435 58231 60537
44103 58802 68241
89562 54190 73042
35903 45343 46390
5260 5868 70978
84909 99935 28621
31416 32085 33363
23411 27244 11619
29983 58921 62465
88699 49252 70060
56503 58809
10224 52839
26073 37043
31625 44392
69114 72164
23701 42509
50860 57445
69804 72546
15696 18695
55117 70641
45596 58654
43448 66887
34196 43704
60251 67028
74464 66024
47854 48190
65255 68786
26316 27882
21821 68170
43687 39012
85929 98770
14258 43537
35048 45725
43001 71583
13835 2289
47217 57580
34053 68363
78211 96494
42308 67029
2058 46595
83403 84185
65372 66485
46831 73000
46980 73054
24194 40200
26550 35616
30059 45619
50255 54230
42249 73928
72898 56507
38734 39082
81242 54666
44391 56693
77321 77959
20392 34190
49036 60352
88907 55412
50555 60194
14539 18911
1982 5600
61051 19317
24197 32327
27005 29182
59985 97591
54540 61000
20470 66141
41422 65380
52918 57756
82535 53085
50832 87978
48288 65754
32703 92444
32833 23401
77790 89503
90593 96678
3767 6127
22568 72120
84364 86055
84309 58600
56890 69828
34341 68675
13343 51018
83043 86938
36351 62034
81680 97199
27953 22587
81277 29055
29715 21768
72972 91114
79424 29055
79310 23003
33759 35637
62825 66533
56273 62085
1641 54687
43783 67012
38266 69351
1482 56999
36958 53794
76366 95301
39195 44415
32106 42582
27087 67936
6274 43395
2337 21478
8433 60326
21213 59458
70866 61554
2725 57952
40026 54625
5685 10329
21111 31256
90903 91696
39052 53142
35910 72209
23357 67707
39046 69958
567 68775
88923 23422
88779 98816
97824 24400
7683 38978
11854 69619
298 65186
30074 33078
17867 38053
524 5835
43866 54526
4998 63028
54559 57770
40470 56669
63202 73404
89129 91757
28606 40093
86584 51062
63208 63825
53788 50925
32600 577
62144 55645
85142 45581
27965 59097
27904 30955
35173 73378
41346 48228
64003 94128
23742 56597
43820 73960
47973 70309
39162 64008
15755 57795
45497 56133
50227 73786
26478 15927
75405 30576
33902 39861
44095 61207
98608 99376
24924 24952
35552 60213
48587 62664
12340 55094
8868 68765
99673 97177
35861 32928
9056 40915
45500 68197
87243 93906
11150 57158
29548 64301
13117 67374
89972 90425
43112 57096
54294
21959
73150
53046
51902
92006
18667
22384
62474
51937
56379
1896
71569
38452
57308
23488
21865
64291
23385
49244
31500
73828
27132
23084
36068
38720
23194
30265
65620
74095
7287
47742
72699
54642
87640
39116
39007
38740
23547
47505
68718
38633
69274
38631
44150
38473
55489
55348
38795
8730
23110
57827
41192
44797
22339
36492
53132
22219
26933
42912
68839
49152
38604
43578
57629
50558
35449
63733
50668
58832
20725
2331
59700
10580
60074
22507
22426
50710
92481
47582
76946
28162
35233
39290
1584
59568
20886
55463
67248
21084
54150
25092
20588
58491
22536
4792
4440
58539
36359
52858
14600
71440
46900
30312
18186
63668
20587
67727
37473
41158
17869
48056
59841
73983
51291
65667
17644
28995
64350
53684
15972
66445
52508
17020
19377
20701
41434
60290
64868
33996
85850
19402
35091
53862
18374
46208
43286
36227
74451
36736
43683
20394
32179
62820
67534
51647
16333
793
45289
4256
23459
61171
57216
26164
80375
329
19554
55134
72666
80931
39717
86265
5632
40987
64557
78699
407
17634
3217
83394
21268
63694
54358
37859
92070
57411
23032
58618
27360
32859
50396
40121
40773
73771
20811
25525
20766
48776
21051
58763
56703
66131
19455
48930
20282
21905
61974
21827
22448
60160
21677
16963
59302
73202
71309
21673
49848
58417
22929
39428
43743
41386
22672
21387
21632
52907
41122
19637
43739
57274
10134
61988
19568
6820
19275
61736
64058
18822
16465
61248
18287
15930
28025
63380
20575
34954
61857
73063
80134
45589
33143
40394
18214
49347
17186
57974
52429
58908
73642
20268
60337
54475
16624
3461
57127
47699
53550
16953
50000
53231
52952
52868
52759
52709
52522
52477
28907
54575
35719
31005
52357
53289
31144
52348
49991
52011
52006
54363
51739
51566
51477
51297
39512
60725
50101
28091
54296
54165
65950
68307
58500
53786
54064
37565
53728
58442
54815
51252
68957
53706
27779
53622
53503
62931
53452
57779
41280
88420
53343
53304
55319
49295
49279
49140
60925
75067
48838
70051
56470
48707
36922
48705
48697
66486
34106
48665
48659
48645
48530
58309
48328
53870
60941
48325
38897
69538
40524
51247
67746
51186
51144
51126
8700
50827
50767
50761
27191
58271
74770
58732
64908
50128
54842
50119
50006
49942
26372
49890
49887
49857
57058
57946
58223
53509
60580
58130
58115
39259
67543
58084
72226
58083
57979
67407
53695
57761
62475
57727
57564
78777
57235
69020
73734
58290
57181
57009
73508
87438
59698
59669
59614
17188
42216
18646
59462
59287
23932
59234
71019
59154
61604
58993
58818
58703
96415
58629
65700
58489
58466
58432
58422
96134
58409
40659
55235
57592
59630
55194
33981
55059
54978
40836
54850
54817
19462
54801
55242
56964
54746
40604
59175
54739
54737
38223
54699
19344
54517
54443
54372
59443
56814
37958
56778
56605
70747
56531
56339
63410
56305
56288
56262
79832
48298
56116
70258
55917
29990
74773
55782
46354
58139
55668
55593
55342
41544
41916
63129
41829
41757
15830
41680
41675
53863
50536
41664
41645
20432
41926
41403
67330
49337
41294
41283
31157
51261
63046
41236
29451
41036
40977
9631
43002
71286
46076
42858
42734
47115
42679
42640
68567
54828
92540
42629
40899
54414
42493
46863
42427
75425
94281
42324
42257
42170
20957
42168
98736
56396
39975
25833
57638
76494
39894
25752
39886
39883
63453
65810
39779
9138
65931
63467
39761
39603
37246
39535
39507
39461
39309
54752
73608
39226
59174
40353
33828
40881
58348
59377
57778
41143
40468
44821
40385
23886
51443
53800
43022
12069
40334
40219
56718
52004
40203
40092
40073
37716
73071
40004
37159
47003
56419
65847
46908
46819
46778
56746
47318
46765
63264
72692
46736
47199
47619
92402
46510
60652
46337
46243
60385
62742
46186
15545
46136
24923
56643
48166
56918
48046
57977
47996
47941
47883
57311
47786
49966
47748
54286
46121
47632
47552
50816
47489
6368
51713
79997
47277
59937
71722
47202
93269
44239
23026
59543
53998
70497
47344
23774
63843
38605
74083
43772
24916
30511
43638
3604
88456
43459
59958
31532
43392
62248
56991
34391
43249
43179
45230
57310
43168
64381
51442
45897
45895
45845
71772
45663
24450
45434
75896
39212
21660
45141
44931
19004
44853
44474
44383
42009
20796
4297
56438
65883
65076
65129
65283
69997
65305
65332
65336
67693
65512
65532
67889
65853
64954
65975
65984
66022
66135
66175
99173
66180
66186
66201
66226
66240
66330
64339
63433
63463
63654
63731
89658
63743
63754
63803
63980
66337
64143
64195
66409
64346
64368
64448
64585
64594
71665
64656
64744
64818
97816
64821
64860
68023
67451
67452
67462
67487
72201
67575
77003
67590
67596
67703
67844
67907
83846
68053
68078
68158
68172
68186
68207
68219
68254
89467
68264
68325
68413
66959
66496
66532
73603
66544
97185
66570
66741
66859
66884
66896
88109
66926
63356
67120
74191
67229
74300
67250
69607
93177
67272
67296
74367
67347
60281
38120
40509
38291
38315
59868
59873
59979
67056
60024
60025
60120
60180
37987
60311
60376
60407
60453
60514
60586
60598
60745
60904
70332
60942
60946
38428
56433
72932
22798
36106
36152
62079
39844
36691
36965
37271
37272
60842
60949
37319
25256
37455
70453
44127
45457
37694
37784
1238
37835
36878
62828
62314
62350
71778
62400
62459
62468
62483
62621
62669
62680
90964
62799
62303
62850
62891
62908
62912
62913
62933
65290
70004
63040
63063
63195
63266
61572
60959
61003
91692
61118
61227
61244
61267
61369
61493
68564
61495
61570
68475
61769
61824
61954
62069
90353
62131
71572
62238
62243
95241
62264
79222
76854
76860
77253
77407
77512
77543
77667
77786
78677
78768
78854
78897
76640
79948
80171
94313
80738
81114
81394
83185
83737
84135
84803
84880
84893
74376
73697
73833
73874
74085
74114
74177
74218
78932
74248
74250
74327
74341
85080
74579
74631
75054
75143
75380
86577
75620
75631
76196
76493
76594
95781
90612
90630
90834
90843
91111
91700
98771
91803
93174
93235
94713
95654
90479
96157
96796
96960
97151
97572
97581
97689
98677
99105
99108
99541
99567
87055
85208
99350
85430
85494
85583
85673
85696
86181
86551
86623
87001
87011
73622
87477
87710
88311
88312
88396
89041
89206
89663
89838
90200
90448
70145
69318
69328
69517
69635
69654
69832
69861
81646
69925
88781
69949
70126
69262
70232
70268
70304
70311
70408
70477
70507
70511
70659
70703
82488
91916
68799
68502
68529
68542
68552
68575
68629
68656
68672
96956
68688
68708
68788
70718
97083
99440
68848
99489
68954
68990
69008
69028
69034
69191
69205
73001
72410
72464
72640
72643
72652
72752
72799
84584
72823
72866
72904
77618
72358
73010
73014
75371
73227
73252
73309
73327
73407
73451
73454
73524
85309
71501
87217
70846
70882
70901
70927
71064
71195
71207
71234
71240
75954
71493
68823
71539
71672
85814
71755
71838
71856
71989
72050
72110
72142
72330
56049
91762
57455
54128
53019
31948
10877
36304
24519
57405
47803
9012
22831
26216
52722
46068
23064
41808
6453
17410
11499
23284
56255
58612
19658
59727
67783
45977
9380
63591
98946
56094
51658
48331
78972
26151
15929
8858
32428
29086
54775
48233
18290
60716
43769
18262
11608
63462
31084
38155
12074
28752
5059
947
46622
70192
96119
1153
36641
56994
23724
80292
59980
23883
63486
54617
59331
41309
58701
19193
26264
9212
24738
21168
88687
59947
67018
36591
27421
19758
20867
59210
18751
70032
12165
56948
12773
71698
9800
14411
23442
20941
18975
64793
2823
39219
32565
22140
69280
54707
16346
61129
69911
25662
59758
64064
1197
59610
990
38702
44720
61219
63576
22540
29707
18591
47723
35524
9081
89219
56607
66035
37754
18090
88800
2969
49927
32183
54493
23604
836
30591
84802
11758
52643
18487
1228
32978
5236
57090
71232
37593
30923
31204
9046
256
87465
37359
35141
18557
47850
46316
36888
49640
5124
73477
58937
17904
8128
50772
47445
45227
18611
18938
92005
34173
38394
59068
15261
40237
10294
40130
66057
73128
36803
34446
69801
46568
22170
12506
98875
21878
30750
35464
37546
57575
46485
29986
29850
46972
70542
32555
24317
54337
20657
67797
91367
27149
14015
4587
35114
58192
69977
59465
55717
65593
43691
63795
68509
46531
43204
23242
32114
22198
38697
56826
37970
31825
31393
97389
32502
32584
34848
51689
65831
52892
32930
58516
33009
61293
73738
38281
53004
69503
35260
34429
30212
56480
44281
30973
30985
99338
36026
66007
31340
38042
36798
37701
31542
29365
31583
85794
46171
31754
38246
42490
34400
54391
32211
60495
39991
30010
3432
34484
91052
34781
60708
35322
60324
36945
47432
56538
94250
35467
55703
34632
35741
44697
43588
36517
35825
62128
55213
33033
33101
52077
33224
33396
33480
66767
53162
57270
64341
34023
29625
30934
71003
34261
69616
53574
38048
66332
34294
55457
60171
53253
26565
65317
48126
57317
26265
58463
97006
26302
2732
40947
37620
44116
60615
55889
30893
44796
31902
67257
27321
67390
58121
27057
64769
52321
36795
81578
90503
31388
24487
24271
64340
55571
38936
24717
24898
25342
47532
25352
45720
27131
31303
90228
36172
63087
67801
2446
25735
65804
26969
27075
26108
71255
60807
43491
57913
69698
27970
32684
28253
28294
28029
34683
28684
24115
27809
92468
54031
22979
37396
29060
39988
2554
20232
29104
29212
25366
37388
36005
64843
27136
34003
59930
27349
31677
52640
36141
37114
27133
57774
93129
28318
37628
25843
27398
72181
54170
27554
99807
41160
37833
42196
24912
15250 15506 17239 18007 18633 22400 22534 23617 25139 25231 25319 26436 29427 30137 30991 34033 38660 38905 38958 40693 42648 45319 47732 49763 52600 52603 56263 58641 60152 62658 65199 69360 69530 70980 72939 73374 74736 75333 76308 77381 78692 80625 81152 83136 84477 87418 92925 97289 98107 99224 99663 31992
13179 16663 20395 21753 23221 25490 30376 32610 34607 34782 43753 57038 57660 68941 70089 71734 71813 73783 73813 75748 76978 81246 84582 91039 15273 69702 73067 74255 88157
9522 22692 31950 35098 41579 43409 43685 52705 59762 67193 67838 71300 71401 72952 74040 75613 80989 82201 82492 90544 94695 96565 99179 29563 42987 68151 71639
8405 8860 35573 37404 37722 38708 38876 40992 48685 49823 51311 52579 52857 53769 54734 57768 62869 68424 68443 69400 70057 72599 81345 96016
11009 20302 29753 32235 34921 36678 37104 40985 42639 44464 52424 52954 55939 63548 73963 98384 98634 98726 99565
21652 23214 23850 25042 26665 27461 27859 30590 30644 31011 31018 33523 34397 34684 34773 38648
34386 37280 42041 42904 53686 61238 64105 66191 71277 95863 35828 36115 59891 74060
36814 43295 44538 45622 50532 53715 55788 62343 64006 66668 70251 86720 55313
5362 6096 29656 44027 49379 56326 60100 63837 64011 66551 67647 82972 87516
29332 46221 48544 49450 51536 53342 63587 72989 50150 57035 67988 68554
23254 25208 36828 42871 44930 48007 51083 56280 72054 72901 73123 73667
31452 77625 78750 79176 79503 88571 91302 94693 94977 98037 98906 66443
44366 62472 72178 74049 83496 87101 91980 98759 99923 22944 53989
32134 55372 61709 65367 66173 72081 72976 73201 73599 74201 69612
28897 30929 36314 38093 40225 51934 52537 57547 67198 67632 69950
20942 24213 24232 26204 26838 28287 28423 33328 34917 35490 26857
24646 29999 42984 49224 50812 58838 63133 70080 72768 93869
13501 35358 53818 73878 80990 82405 95175 97052 53714 79486
51153 61582 72161 79590 81711 92618 93411 97043 8520 27101
21657 21756 22897 24799 26750 27518 30865 40013
22516 56545 58326 61005 62951 66632 72242
22285 22463 25501 32410 35469 36113 32075
1577 7679 13451 50785 51588 66901 71955
71685 75763 78909 84054 91185 94013 60132
22357 23927 26715 28031 37291 48223 59236
13299 17043 46740 54359 57955 66557
59609 61072 68463 69432 71494 68026
74684 78253 88737 92754 32845 78381
47461 54670 58633 61487 63741 72737
88138 18372 29042 38624 70052 73656
22093 37180 39937 40706 42804 73865
31854 35830 56978 69564 20888 22902
55916 59901 69402 70327 91245 99063
88332 88513 91983 97999 98728 99593
55763 67348 74094 79232 82469 87019
47278 51151 53425 45001 48064
54634 94028 29345 65094 98009
25461 56016 58155 36718 44640
75479 77149 82136 82524 90557
30049 92865 50278 64970 99664
81946 91227 11787 31143 86435
38824 46150 61419 69116 71559
82455 83520 44764 58520 60882
78159 37519 56708 70749 98893
23055 31647 43707 49537 56276
62513 68238 71754 74306 97508
17280 19305 44498 39287 68915
45255 80884 85243 89090 96203
46587 51922 53851 83767 96788
43628 51016 64886 67412 61352
89996 43395 46440 75717
81072 59083 66872 96963
84783 85437 95629 95791
25276 26357 29414 30164
45709 56101 73089 73908
94966 33313 41004 96317
42981 64002 69813 73779
50028 74289 48610 53062
10055 52413 58874 70778
51176 58305 86278 93217
69910 77066 87222 92803
2080 56085 71304 56623
14083 43885 52694 64249
18181 19566 19835 18929
26690 30271 60322 68227
82146 22839 25808 47540
95714 40321 47483 60391
35342 54080 56811 60723
45933 52596 58227 55750
1629 16983 61940
3915 57156 65311
9379 49412 39738
89562 54190 73042
23016 28226 56017
40995 58840 61069
42431 62431 70989
5503 38226 44575
29983 58921 62465
25887 28916 34874
23411 27244 11619
54894 65251 57734
55045 70307 72665
52370 67878 97253
98831 4986 66246
21589 25450 30988
36089 41943 47131
22207 64111 70615
37785 48963 69859
7436 7696 39139
48535 69872 70321
58339 67072 99320
17435 58231 60537
23699 29242 60089
6159 21181 70058
72112 98095 98304
3560 37367 36812
22826 66113 72550
923 47827 64458
54722 68951 69612
16331 69742 70984
70324 97125 98807
20473 54461 68391
56483 60835 64755
44103 58802 68241
3128 78934 59691
36704 39443 37158
36711 57030 64491
29260 31858 35094
9765 9853 67946
35903 45343 46390
65144 66370 71276
88699 49252 70060
22403 42715 66281
50568 59380 73371
66098 76468 83333
98935 62375 65221
84909 99935 28621
72881 83935 97526
27068 36725 37759
94321 24469 98247
31566 34959 35276
40083 71590 82272
17998 53972 57260
43261 57961 69233
13053 70795 17442
78212 89258 93040
29268 53720 33022
31416 32085 33363
72898 56507
37958 41160
32600 577
81242 54666
34196 43704
44095 61207
76366 95301
27965 59097
36958 53794
43866 54526
62144 55645
42249 73928
27087 67936
15755 57795
88907 55412
43687 39012
62825 66533
83403 84185
69114 72164
50555 60194
49036 60352
14258 43537
26073 37043
50255 54230
77321 77959
27904 30955
39162 64008
45596 58654
1982 5600
99673 97177
27953 22587
24197 32327
26550 35616
46980 73054
38734 39082
78211 96494
46831 73000
61051 19317
65372 66485
35048 45725
24428 69684
85929 98770
13835 2289
85142 45581
43448 66887
65255 68786
2058 46595
42308 67029
27005 29182
55117 70641
29548 64301
14539 18911
30074 33078
89129 91757
43820 73960
5260 5868
54540 61000
43783 67012
48288 65754
41422 65380
63202 73404
52918 57756
60251 67028
20392 34190
34476 42776
20470 66141
44391 56693
63208 63825
45497 56133
43001 71583
47854 48190
45500 68197
21821 68170
34053 68363
23701 42509
74464 66024
26316 27882
24194 40200
43112 57096
33759 35637
75405 30576
5685 10329
24924 24952
72972 91114
35861 32928
67155 99176
29715 21768
4587 58732
8868 68765
50227 73786
26478 15927
48587 62664
11854 69619
7683 38978
11150 57158
98608 99376
524 5835
567 68775
32833 23401
32703 92444
298 65186
30059 45619
54559 57770
88779 98816
84309 58600
83043 86938
82535 53085
81680 97199
34341 68675
81277 29055
77790 89503
56890 69828
22568 72120
13343 51018
79424 29055
79310 23003
3767 6127
97824 24400
56273 62085
33902 39861
84364 86055
87243 93906
89972 90425
1641 54687
12340 55094
9056 40915
90593 96678
21111 31256
38266 69351
32106 42582
86584 51062
35173 73378
97622 38546
39046 69958
39052 53142
17867 38053
64003 94128
39195 44415
41346 48228
40026 54625
1482 56999
2725 57952
23357 67707
28606 40093
56503 58809
23742 56597
21213 59458
70866 61554
31625 44392
15696 18695
47973 70309
50860 57445
69804 72546
9090 60038
6274 43395
88923 23422
10224 52839
13117 67374
53788 50925
36351 62034
40470 56669
4998 63028
90903 91696
8433 60326
2337 21478
50832 87978
35552 60213
87640
61974
43683
69274
38473
20282
51902
18667
44150
38633
48930
68718
57308
21959
38452
38631
47505
39007
58908
21905
22448
73828
39116
21827
60074
50558
35449
42912
63733
26933
22219
50668
22384
53132
20725
2331
55489
43578
10580
68839
22507
22339
22426
50710
44797
92481
41192
47582
57827
36492
55348
23110
8730
23084
21865
1896
64291
23385
49244
56379
31500
71569
38795
92006
73150
54294
27132
23488
51937
36068
38720
62474
23194
53046
30265
59700
38604
65620
49152
23547
57629
58539
21084
54150
25092
76946
58491
22798
36106
22536
4792
4440
67248
36359
52858
14600
71440
46900
51291
45289
4256
23459
61171
52508
29086
19658
59727
17644
28995
64350
53684
15972
66445
68802
57216
17020
19377
20588
28162
35233
39290
1584
59568
20886
55463
85850
57405
47803
407
17634
3217
43286
41434
60290
64868
33996
28091
19402
35091
53862
18374
46208
20701
36227
74451
36736
59698
40987
26164
80375
329
19554
55134
793
80931
39717
86265
5632
37473
64557
78699
41158
17869
48056
59841
73983
30312
65667
54296
20811
92070
57411
23032
58618
27360
32859
50396
83394
40773
73771
37859
25525
20766
48776
21051
58763
56703
66131
73202
73063
80134
22929
21677
16963
59302
19455
71309
21673
38740
74095
49848
58417
45589
39428
43743
41386
22672
21387
40121
21268
63694
21168
54358
15930
43739
57274
10134
61988
19568
6820
18822
16465
61248
18287
19637
55668
28025
63380
20575
34954
72666
18186
63668
20587
67727
60337
33143
40394
18214
49347
17186
57974
52429
61857
73642
20268
60160
54475
16624
3461
57127
47699
53550
16953
61736
52907
41122
52348
52868
52759
52709
52522
52477
28907
54575
35719
31005
52357
50000
31144
52952
49991
52011
52006
54363
51739
51566
51477
51297
39512
60725
51252
51247
53706
54165
65950
68307
58500
53786
54064
37565
53728
58442
54815
50101
68957
67746
27779
53622
53503
62931
53452
57779
41280
88420
53343
53304
53289
53231
48659
60925
75067
48838
70051
56470
48707
36922
48705
48697
55319
34106
48665
49140
48645
48530
58309
48328
53870
60941
48325
38897
69538
48298
48166
56918
50128
51186
51144
51126
8700
50827
50767
50761
27191
58271
74770
40524
64908
54372
54842
50119
50006
49942
26372
49890
49887
49857
57058
66486
49295
49279
57761
53509
60580
58130
58115
39259
67543
58084
72226
58083
57979
67407
57946
58223
62475
57727
57580
59937
71722
57564
78777
57235
69020
73734
58290
57181
58993
59669
59614
17188
42216
18646
59462
59287
23932
59234
71019
59154
87438
57009
58818
58703
96415
58629
65700
58489
58466
58432
58422
96134
58409
53695
54801
55242
55235
57592
59630
55194
33981
55059
54978
40836
54850
54817
19462
55342
40659
56964
54746
40604
59175
54739
54737
38223
54699
19344
54517
54443
56262
73508
61604
56814
56778
56739
56605
70747
56531
56339
63410
56305
56288
48046
79832
59443
56116
70258
55917
29990
74773
55782
46354
58139
55593
49337
41757
15830
41680
41675
53863
50536
41664
41645
20432
41544
41403
67330
41829
41294
41283
31157
51261
63046
41236
29451
41036
40977
40899
33828
40881
46863
42858
42734
47115
42679
42640
68567
54828
92540
42629
9631
54414
42493
58348
42427
75425
94281
42324
42257
42170
20957
42168
98736
41926
41916
63129
37246
39894
25752
39886
39883
63453
65810
39779
9138
56396
63467
39761
39603
76494
39535
39507
39461
39309
54752
73608
39226
59174
39212
58832
47742
72699
40219
59377
57778
41143
40468
44821
40385
23886
51443
53800
40353
12069
40334
46076
56718
52004
40203
40092
40073
37716
73071
40004
65931
39975
25833
57638
60652
46819
46778
56746
47318
46765
63264
72692
46736
37159
47619
92402
46510
46908
46337
46243
60385
62742
46186
15545
46136
24923
46121
57310
43168
64381
47552
57977
47996
47941
47883
57311
92973
47786
49966
47748
54286
56643
47632
51442
50816
47489
6368
51713
79997
47277
47217
47202
47199
47003
56419
65847
88456
53998
70497
47344
23774
63843
38605
74083
43772
24916
93269
43638
3604
59543
43459
59958
31532
43392
62248
56991
34391
43249
43179
43022
43002
71286
44931
45897
45895
45845
71772
45663
24450
45457
45434
75896
45230
21660
45141
54642
19004
44853
44474
44383
42009
20796
4297
56438
30511
44239
23026
66022
69997
65305
65332
65336
67693
65512
65532
67889
65853
65883
65975
65984
65283
66175
99173
66180
66186
66201
66226
66240
66330
66409
66496
66532
73603
64448
63731
89658
63743
63754
63803
63980
66337
64143
64195
64339
64346
64368
66544
64585
64594
71665
64656
64744
64818
97816
64821
64860
64954
65076
65129
68172
72201
67575
77003
67590
67596
67703
67844
67907
68023
68053
68078
68158
67487
68186
68207
68219
68254
89467
68264
68325
68413
68475
68502
68529
68542
74300
97185
66570
66741
66859
66884
66896
88109
66926
66959
67120
74191
67229
63654
67250
69607
93177
67272
67296
74367
67347
83846
67451
67452
67462
60514
59873
59979
59985
67056
60024
60025
60120
60180
60281
60311
60376
60453
59868
60586
60598
60745
60904
70332
60942
60946
60949
60959
61003
91692
61118
25256
35910
73622
36152
62079
39844
36691
36965
37271
37272
60842
38428
37319
61227
37455
70453
44127
37784
1238
37835
36878
37987
38120
40509
38291
38315
62908
62400
62459
62468
62483
62621
62669
62680
90964
62799
62828
62850
62891
62354
62912
62913
62933
65290
70004
63040
63063
63195
63266
63356
63433
63463
90353
61244
61267
61369
61493
68564
61495
61570
61572
61769
61824
61954
62069
68552
62131
71572
62238
62243
95241
62264
62303
62314
62348
62350
71778
80171
77253
77407
77512
77543
77667
77786
78677
78768
78854
78897
79222
79948
76860
94313
80738
81114
81394
83185
83737
84135
84803
84880
84893
85080
85208
74579
73833
73874
74085
74114
74177
74218
78932
74248
74250
74327
74341
74376
99350
74631
75054
75143
75380
86577
75620
75631
76196
76493
76594
76640
76854
96157
90630
90834
90843
91111
91700
98771
91803
93174
93235
94713
95654
95781
90612
96796
96960
97151
97572
97581
97591
97689
98677
99105
99108
99541
99567
88311
85430
85494
85583
85673
85696
86181
86551
86623
87001
87011
87055
87710
73697
88312
88396
88662
88687
89041
89206
89663
89838
90200
90448
90479
70311
69654
69832
69861
81646
69925
88781
69949
70126
70145
70232
70268
70304
69635
70408
70477
70507
70511
70659
70703
82488
91916
70718
87217
70846
70882
99489
68575
68629
68656
68672
96956
68688
68708
68788
68799
97083
99440
68848
70901
68954
68990
69008
69028
69034
69191
69205
69262
69318
69328
69517
73010
72464
72640
72643
72652
72752
72799
84584
72823
72866
72904
77618
73001
72410
73014
75371
73227
73252
73309
73327
73407
73451
73454
73524
85309
73686
71672
70927
70978
87477
71064
71195
71207
71234
71240
75954
71493
71501
71539
64058
85814
71755
71838
71856
71989
72050
72110
72142
72209
72330
72358
17410
31948
10877
36304
24519
9012
22831
56049
52722
46068
23064
41808
6453
53019
11499
23284
56255
58612
27421
19758
20867
59210
18751
70032
12165
56948
18290
98946
56094
51658
48331
78972
26151
15929
8858
32428
67783
54775
48233
9800
60716
43769
18262
11608
63462
31084
38155
12074
26216
91762
57455
54128
31388
23883
28752
54617
59331
41309
58701
19193
26264
9212
24738
59947
24317
59980
24487
24271
64340
55571
38936
24717
24898
25342
47532
25352
45720
90503
61129
14411
36591
20941
18975
64793
2823
39219
32565
22140
69280
54707
16346
63591
63486
5059
947
46622
70192
96119
1153
36641
56994
23724
80292
44720
18557
47850
46316
36888
18591
25662
59758
64064
1197
59610
990
38702
35141
61219
63576
22540
29707
69911
47723
35524
9081
89219
56607
66035
37754
18487
32179
62820
67534
51647
7287
28318
23604
836
30591
84802
11758
52643
18090
1228
32978
5236
57090
71232
54493
30923
31204
9046
256
87465
37359
40237
47445
45227
18611
18938
92005
41441
34173
49640
59068
15261
12773
71698
50772
10294
40130
66057
73128
36803
34446
69801
46568
22170
23442
45977
9380
54337
88800
2969
49927
32183
37593
98875
21878
30750
35464
16333
37546
12506
31303
20657
67797
91367
27149
14015
35114
58192
69977
58937
17904
8128
34848
43204
23242
32114
22198
38697
56826
37970
55717
31393
97389
32502
32584
46531
51689
65831
52892
32930
58516
33009
61293
66007
55213
33033
33101
52077
85794
30973
30985
99338
36026
73738
31340
38042
36798
37701
31542
29365
31583
33224
46171
31754
38246
31825
59465
5124
73477
38394
65593
43691
63795
68509
35467
30010
3432
34484
91052
34781
60708
35322
42490
36945
47432
56538
94250
39991
55703
34632
35741
44697
43588
36517
35825
68823
60407
56433
72932
19275
53574
33396
33480
66767
53162
57270
64341
34023
62128
30934
71003
34261
69616
44281
38048
66332
34294
55457
60171
53253
60324
34400
54391
32211
60495
64843
44796
31902
67257
27321
67390
58121
27057
64769
52321
36795
81578
27131
30893
27136
34003
59930
27349
31677
52640
36141
37114
27133
57774
93129
36005
48126
90228
36172
63087
67801
2446
25735
65804
26969
27075
26108
55889
65317
37628
57317
26265
58463
97006
26302
2732
40947
37620
44116
60615
26565
57575
22979
37396
29060
39988
2554
20232
29104
29212
25366
37388
29625
38281
54031
46485
29986
29850
46972
70542
32555
53004
69503
34429
35260
30212
56480
57913
25843
27398
72181
54170
27554
99807
37833
42196
24912
27809
60807
43491
20394
69698
27970
32684
28253
28294
28029
34683
28684
24115
71255
92468
7683 15250 15506 17239 18007 18633 22400 22534 23617 25139 25231 25319 26436 29427 30137 30991 34033 38660 38905 38958 38978 40693 42648 45319 47732 49763 52600 52603 56263 58641 60152 62658 65199 69360 70980 72939 73374 74736 75333 76308 78692 80625 83136 87418 92925 97289 98107 99224 31992 69530
9522 22692 31950 35098 41579 43409 43685 52705 59762 67193 71300 71401 72952 74040 75613 80989 82201 82492 90544 94695 96565 99179 29563 42987 67838 68151
8405 8860 35573 37404 37722 38708 38876 40992 48685 49823 51311 52579 53769 54734 57768 62869 68424 68443 69400 70057 72599 81345 96016
16663 20395 21753 23221 25490 30376 32610 34607 34782 43753 57038 68941 70089 71734 71813 73783 73813 91039 15273 73067 74255
1577 5362 6096 7679 29656 31825 44027 49379 50785 51588 56326 60100 63837 64011 66551 66901 67647 71955 82972 87516
21652 23214 23850 25042 26665 27461 27859 30590 30644 31011 33523 34397 34684 34773 38648 31157
20302 29753 32235 34921 40985 42639 52424 55939 73963 98634 98726 99565 11009 52954 98384
34386 37280 42041 42904 53686 61238 64105 66191 71277 95863 35828 36115 59891 74060
36814 43295 44538 45622 50532 53715 55788 62343 64006 66668 70251 86720 55313
23254 25208 36828 42871 44930 48007 51083 56280 70408 72054 72901 73123 73667
44366 62472 72178 74049 83496 87101 91980 98759 99923 22944 53989
24646 29999 42984 49224 50812 58838 63133 70080 72768 93869
61709 65367 66173 72081 72976 73201 73599 74201 55372 69612
51153 61582 72161 79590 81711 92618 93411 97043 8520 27101
29332 46221 48544 51536 53342 63587 49450 57035 67988
13501 35358 53818 73878 80990 95175 97052 53714 79486
20942 24213 24232 26204 26838 28287 34917 26857 35490
28897 30929 36314 38093 52537 67198 67632 69950
21657 21756 22897 24799 26750 27518 30865 40013
22516 56545 58326 61005 62951 66632 72242
77625 78750 79503 94693 94977 98037 98906
71685 75763 78909 84054 91185 94013 60132
74684 78253 88737 92754 32845 78381
47461 54670 58633 61487 72737 63741
23927 26715 28031 37291 48223 59236
59609 61072 68463 69432 71494 68026
88332 88513 91983 97999 98728 99593
22093 37180 39937 40706 42804 73865
13299 17043 46740 54359 57955 66557
55763 67348 74094 79232 82469 87019
55916 59901 69402 70327 91245 99063
31854 35830 69564 20888 22902
47278 51151 53425 45001 48064
31452 79176 88571 91302 66443
38824 46150 61419 69116 71559
82455 83520 44764 58520 60882
54634 94028 29345 65094 98009
78159 37519 56708 70749 98893
43628 51016 64886 67412 61352
45255 80884 85243 89090 96203
62513 68238 71754 74306 97508
75479 77149 82136 82524 90557
17280 19305 44498 39287 68915
30049 92865 50278 64970 99664
23055 31647 43707 49537 56276
45709 56101 73089 73908
89996 43395 46440 75717
25276 26357 29414 30164
69910 77066 87222 92803
77381 81152 84477 99663
26690 30271 60322 68227
94966 33313 41004 96317
81946 91227 11787 86435
81072 59083 66872 96963
42981 64002 69813 73779
50028 74289 48610 53062
18181 19566 19835 18929
84783 85437 95629 95791
10055 52413 58874 70778
2080 56085 71304 56623
45933 52596 58227 55750
39219 43866 54526 57977
14083 43885 52694 64249
66098 76468 83333
98935 62375 65221
72881 83935 97526
98831 4986 66246
37785 48963 69859
6159 21181 70058
88699 49252 70060
3560 37367 36812
29260 31858 35094
21589 25450 30988
44103 58802 68241
923 47827 64458
23411 27244 11619
17998 53972 57260
23016 28226 56017
36089 41943 47131
23699 29242 60089
5503 38226 44575
97591 2058 34632
24428 69684 73378
35342 54080 56811
54722 68951 69612
65144 66370 71276
9765 9853 67946
20473 54461 68391
25887 28916 34874
22207 64111 70615
7436 7696 39139
50568 59380 73371
25461 36718 44640
70324 97125 98807
55045 70307 72665
3128 78934 59691
13053 70795 17442
58339 67072 99320
94321 24469 98247
84909 99935 28621
48535 69872 70321
42431 62431 70989
16331 69742 70984
31566 34959 35276
29268 53720 33022
56483 60835 64755
22285 25501 32075
28423 33328 35490
29983 58921 62465
54894 65251 57734
36711 57030 64491
35903 45343 46390
89562 54190 73042
72112 98095 98304
1629 16983 61940
40083 71590 82272
36704 39443 37158
27068 36725 37759
43261 57961 69233
9379 49412 39738
3915 57156 65311
88138 18372 29042
17435 58231 60537
40995 58840 61069
22826 66113 72550
51176 86278 93217
52370 67878 97253
65255 68786
52918 57756
36351 62034
54540 61000
41422 65380
1982 5600
50255 54230
85929 98770
88907 55412
24194 40200
46980 73054
49036 60352
46831 73000
13835 2289
78211 96494
35048 45725
38734 39082
5260 5868
34053 68363
21821 68170
44391 56693
65372 66485
47854 48190
26316 27882
81242 54666
31416 32085
34476 42776
29715 21768
45596 58654
15755 57795
75425 38740
72898 56507
13179 57660
42249 73928
27904 30955
23357 67707
26073 37043
28606 40093
41346 48228
1482 56999
35552 60213
40470 56669
72989 68554
60251 67028
72972 91114
33759 35637
5685 10329
50832 87978
9056 40915
12340 55094
39046 69958
39052 53142
70866 61554
78212 89258
32106 42582
97622 38546
43448 66887
39195 44415
32703 92444
43687 39012
29548 64301
27953 22587
63208 63825
89129 91757
45500 68197
45497 56133
48288 65754
62825 66533
27965 59097
23701 42509
83403 84185
36958 53794
27087 67936
14258 43537
20392 34190
55117 70641
62144 55645
43820 73960
85142 45581
43783 67012
27005 29182
34196 43704
26550 35616
42308 67029
61051 19317
22463 36113
8433 60326
77321 77959
43001 71583
3767 6127
89972 90425
79310 23003
81680 97199
84309 58600
84364 86055
81277 29055
56890 69828
21111 31256
11854 69619
22403 66281
17867 38053
90903 91696
90593 96678
11150 57158
567 68775
35861 32928
20470 66141
21213 59458
22568 72120
37958 41160
97824 24400
83043 86938
23742 56597
6274 43395
47973 70309
4998 63028
298 65186
524 5835
38266 69351
88779 98816
54559 57770
82535 53085
88923 23422
13117 67374
13343 51018
31625 44392
86584 51062
50555 60194
69114 72164
24924 24952
87243 93906
10224 52839
53788 50925
50227 73786
15696 18695
8868 68765
99673 97177
26478 15927
56273 62085
30059 45619
2725 57952
43112 57096
50860 57445
1641 54687
4587 58732
75405 30576
69804 72546
67155 99176
40026 54625
56503 58809
57216
92481
329
78699
10580
80375
26164
61171
22426
22507
60074
23459
50710
57827
53046
26933
22219
31204
53132
55489
9046
22339
58192
44797
69977
41192
19377
17020
47582
51291
5632
23110
40987
64557
30923
86265
22357
71569
31500
49244
23385
55348
36492
68718
39116
54296
65667
39007
30312
73983
47505
33363
59841
28091
38633
69274
38631
44150
38473
48056
73828
17869
99108
40881
47742
60290
41434
43286
72699
3217
17634
41158
31532
54642
87640
35469
40225
63795
68509
57405
57629
80931
23194
30265
65620
793
55134
19554
4256
23547
39717
50558
35449
45289
63733
50668
22384
20725
2331
27132
63803
38452
57308
22831
40509
38291
23488
36106
43578
23084
57761
22798
62475
36068
54842
50128
38720
20766
50396
83394
20575
40773
73771
20811
63380
28025
25525
32859
9090
55668
15930
48776
38795
18287
21051
58763
23032
53684
64350
28995
21168
17644
57411
37473
67727
20587
56703
63668
18186
58618
72666
27360
34954
20957
42170
60337
33078
57974
52429
19637
61857
73642
41122
52907
20268
51934
54475
61736
16624
3461
57127
16953
47699
32134
39886
66131
73202
61248
16465
18822
43769
73063
34341
80134
63694
38315
19568
45589
40394
18214
49347
17186
43739
36678
92006
18667
56379
1896
58539
51902
21959
4440
4792
73150
58908
22536
54150
21084
67248
55463
30074
48930
59700
42912
71232
57090
5236
68839
46900
49152
71440
38604
20282
53550
14600
62474
52858
51937
36359
98608
54294
18487
28162
58417
22929
39428
43743
41386
22672
20588
52643
49848
19758
20867
21387
68802
40121
66445
15972
21268
21677
21905
61974
21827
22448
20886
59568
60160
1584
54493
39290
16963
59302
31018
19455
71309
35233
21673
52357
39162
53289
53231
52952
52868
52759
52709
52522
52477
28907
54575
31005
64003
53304
50000
31144
52348
49991
52011
52006
54363
51739
51566
51477
51297
39512
54815
54372
54165
65950
68307
58500
53786
54064
37565
53851
89206
53728
58442
60725
50101
68957
53706
27779
53622
53503
62931
53452
57779
41280
88420
53343
48659
75067
48838
70051
56470
48707
36922
48705
48697
55319
34106
81246
48665
60925
48645
48587
48530
58309
48328
53870
60941
48325
38897
69538
48298
48166
74770
51252
51247
67746
51186
51144
51126
8700
50827
50767
50761
27191
58271
54443
40524
64908
50119
50006
49942
26372
49890
49887
49857
49295
49279
49140
58083
96134
58409
53695
58223
53509
60580
58130
58115
39259
67543
58084
72226
58422
57979
67407
57946
57727
57564
78777
58290
57181
57009
73508
56978
5124
59210
59698
59669
59614
17188
59610
42216
18646
59462
59287
23932
59234
71019
73477
59154
87438
58993
51922
58818
58703
96415
58629
65700
58489
58466
58432
19462
55242
55235
57592
59630
55194
33981
55059
58305
54978
40836
54850
54817
55342
54801
40659
56964
54746
40604
59175
54739
54737
38223
54699
19344
54517
79832
61604
56814
56778
56739
56605
70747
56531
56339
63410
56305
56288
56262
55889
59443
56116
70258
56016
63087
67801
55917
29990
74773
55782
46354
58139
20432
98736
41926
41916
63129
41829
41757
15830
41680
41675
53863
50536
41664
41645
42168
41544
41403
67330
49337
41294
41283
51261
63046
41236
29451
41036
40977
58155
34391
43249
43179
43022
43002
71286
46076
42734
47115
42679
42640
68567
40899
54828
92540
42629
9631
54414
42493
46863
42427
94281
42324
42257
52857
39761
25833
57638
76494
39894
25752
39883
63453
65810
39779
9138
56396
63467
39975
39603
37246
39535
39507
39461
37104
39309
54752
73608
39226
59174
39212
12069
33828
88800
59377
57778
41143
40468
44821
40385
23886
51443
53800
40353
62248
40334
21478
40219
56718
52004
40203
40092
40073
37716
73071
40004
65931
92070
65847
46908
46819
46778
56746
47318
46765
63264
72692
46736
54358
37859
56419
46595
46587
37159
47619
92402
46510
60652
46337
76978
46243
60385
62742
56643
65317
48126
56918
48046
47996
47941
47883
57311
47786
49966
47748
54286
46186
47632
47552
50816
47489
6368
51713
79997
47277
47217
47202
47199
47003
23774
44383
42009
20796
4297
56438
30511
44239
23026
59543
53998
70497
47344
44464
63843
38605
74083
43772
24916
93269
43638
3604
88456
43459
59958
43392
71772
15545
46136
24923
68023
46121
43168
57310
64381
51442
45897
45895
45845
58832
45663
24450
45457
45434
75896
45230
21660
45141
44931
19004
44853
44474
65853
64821
64860
64954
65076
65129
65283
69997
65332
65336
67693
65512
65532
67889
97816
65883
65975
65984
66022
66175
99173
66180
66186
66201
66226
66240
66330
97006
63356
63433
63463
63548
63654
63731
89658
63743
63754
63980
66337
64008
66409
64143
64195
64339
64346
64368
64448
64585
64594
71665
64656
64744
64818
68053
67451
67452
67462
67487
72201
67575
77003
67590
67596
67703
67844
67907
83846
68078
68158
68172
68186
68207
68219
68254
89467
68264
68325
68413
68475
66926
66486
66496
66532
73603
66544
97185
66570
66741
66859
66884
66896
88109
63266
66959
67120
74191
67229
74300
67250
69607
93177
67272
67296
74367
67347
60453
59937
71722
59979
59985
67056
60024
60025
60120
60180
60281
60311
60376
59873
60514
60586
60598
60723
60745
60904
70332
60942
60946
60949
60959
61003
60842
35910
73622
36026
36152
62079
39844
36691
36965
37271
51689
65831
37272
91692
38428
37319
37455
70453
44127
37784
1238
37835
36878
37987
38120
59868
62828
62314
62350
71778
62400
62459
62468
62483
62621
62669
62680
90964
62799
95301
62850
62891
62908
62912
62913
62933
65290
70004
63040
63063
63195
63202
61572
61118
61129
63486
61207
61227
61244
61267
61369
61493
68564
61495
61570
68502
61769
61824
61954
62069
90353
62131
71572
62238
62243
95241
62264
62303
94313
77512
77543
77667
77786
77790
78677
78768
78854
78897
79222
79948
80171
77407
80738
81114
81394
82405
83185
83737
84135
84803
84880
84893
85080
85208
75143
74114
74177
74218
78932
74248
74250
74327
74341
74376
74579
74631
75054
99350
75380
86577
75620
75631
75748
76196
76493
76594
76640
76854
76860
77253
96157
90843
91111
91700
98771
91803
93040
93174
93235
94128
94713
95654
95781
90834
96788
96796
96960
97151
97572
97581
97689
98677
99105
99376
99541
99567
88311
85430
85494
85583
85673
85696
86181
86551
86623
87001
87011
87055
87710
74095
88312
88396
88662
88687
89041
89663
89838
90200
90448
90479
90612
90630
70304
69517
69635
69654
69832
69861
81646
69925
88781
69949
70145
70232
70268
69328
70311
70477
70507
70511
70659
70703
82488
91916
70718
87217
70846
70882
97083
68529
68542
68552
68575
68629
68656
68672
96956
68688
68708
68788
68799
70901
99440
68848
68954
68990
69008
69020
73734
69028
69191
69205
69262
69318
75371
72643
72652
72752
72799
84584
72823
72866
72904
77618
73001
73010
73014
72640
73227
73252
73309
73327
73451
73454
73524
85309
73697
73833
73874
74085
71672
70927
70978
87477
71064
71195
71207
71234
71240
75954
71493
71501
71539
64058
71755
71838
71856
71989
72050
72110
72142
72209
72330
72358
72410
72464
53019
48233
18290
60716
18262
11608
63462
42715
12074
26216
91762
57455
54128
54775
31948
10877
36304
24519
9012
56049
52722
46068
23064
41808
6453
17410
45977
10294
40130
66057
73128
36803
34446
69801
46568
22170
23442
10134
61988
11499
9380
63591
98946
56094
51658
48331
78972
26151
15929
8858
32428
67783
41309
70192
96119
1153
36641
56994
23724
80292
59980
23883
28752
54617
59331
46622
58701
24197
19193
26264
9212
24738
59947
24317
31388
32565
24487
24271
14411
23284
56255
58612
19658
59727
29086
27421
18751
70032
12165
56948
9800
40237
36591
20941
64793
407
18975
14539
2823
22140
69280
54707
5059
947
990
30591
84802
11758
1228
2337
32978
38155
31084
256
87465
33143
52508
836
38702
44720
61219
63576
89503
22540
29707
69911
47723
35524
9081
89219
20701
33996
85850
19402
55593
62664
13451
65305
35091
53862
82146
18374
46208
56607
36227
74451
36736
43683
20394
32179
62820
67534
51647
7287
28318
23604
18938
59465
38394
17904
46316
36888
18591
25662
8128
50772
47445
45227
18611
64064
92005
6820
32327
25256
41441
8730
34173
49640
59068
15261
12773
71698
37546
66035
37754
18090
2969
49927
32183
37593
98875
21878
30750
35464
16333
64340
12506
54337
20657
67797
91367
27149
14015
35114
18557
47850
1197
59758
58516
22198
38697
56826
37970
55717
31393
97389
32502
32584
34848
52892
32930
32114
33009
61293
66007
21865
64291
35173
55213
33033
33101
52077
33224
33396
31542
53004
69503
34429
35260
30212
56480
44281
30973
30985
99338
31340
36798
33480
29365
31583
76366
85794
46171
31754
38246
65593
43691
46531
43204
23242
94250
62354
34484
91052
34781
60708
35322
42490
36945
37359
35141
47432
56538
3432
35467
55703
35741
44697
43588
36517
35825
68823
60407
56433
72932
19275
38048
66767
33902
53162
57270
64341
34023
62128
30934
71003
34261
69616
53574
32555
66332
34294
55457
60171
53253
60324
34400
54391
32211
60495
39991
30010
67257
26265
58463
26302
2732
40947
37620
44116
60615
26565
30893
44796
31902
57317
74464
27321
67390
58121
27057
64769
52321
36795
81578
27131
64843
27136
31303
55571
38936
24717
37701
24898
25092
76946
25342
47532
25352
45720
90503
34003
90228
36172
2446
25735
65804
57913
69698
27970
32684
26969
27075
26108
20232
28029
34683
28684
24115
71255
92468
54031
22979
37396
29060
39988
2554
38042
29104
29212
25366
37388
29625
38281
57575
46485
29986
29850
46972
70542
27398
59930
27349
31677
52640
36141
37114
27133
57774
93129
36005
37628
25843
64868
72181
54170
27554
99807
37833
42196
24912
27809
60807
43491
28253
28294
