20942 22285 22798 23850 24213 25042 25501 26204 26838 28287 31011 31018 31393 34397 34684 34917 35490 21652 24232 26665 26857 27859 28423 30590 30644 32075 32410 33523
13179 20395 23221 25490 30376 34782 43753 57038 57660 68941 71734 71813 73783 84582 88662 6820 15273 21753 34607 69702 70089 73067 73813 74255 76978 81246 88157
22400 22534 23617 25231 26436 29427 30137 34033 38905 38978 40693 42648 45319 47732 56263 58641 70980 73374 78692 83136 99224 7683 11854 38958 52600 65199 69530
34386 37280 42041 53686 61238 64105 95863 35828 36115 42904 59891 66191 71277 74060 97591 98726
31452 78750 79176 79503 94693 94977 98037 98095 98304 98906 52011 66443 72112 88571 91302
28897 40225 51934 57547 69950 23385 38093 52537 67198 67632
49450 53342 72989 50150 57035 60119 67988 68554
61582 72161 79590 81711 92618 97043 8520 27101
87019 51261 55763 67348 74094 79232 82469
78909 84054 91185 94013 27779 71685 75763
88138 18372 29042 38624 70052 73656
89996 6274 43395 46440 53509 75717
21657 21756 22897 24799 30865 40013
78159 37519 56708 60925 70749 98893
25887 31566 34959 35276 28916 34874
55319 82146 21632 22839 25808 47540
41347 94028 27809 29345 65094 98009
81072 57274 59083 66872 96963
25461 56016 58155 36718 44640
62513 68238 97508 71754 74306
82201 29563 42987 58491 71401
61709 65367 67534 73201 69612
82455 44764 54165 58520 60882
95714 40321 43557 47483 60391
97622 38546 49990 63895 70078
17280 19305 44498 39287 68915
51151 53425 45001 47278
2080 56085 71304 56623
91114 14411 43628 72972
67155 99176 41926 51566
92865 50278 64970 99664
5260 56978 70978 5868
19566 19835 18181 18929
95629 95791 84783 85437
94966 33313 41004 96317
9090 58732 68802 60038
50028 74289 48610 53062
30271 60322 68227 6159
91227 11787 31143 86435
21589 30988 25450
59609 68463 61072
72081 72976 74201
55916 69402 70327
10055 58874 52413
23699 29242 60089
36711 57030 64491
21181 17644 70058
98935 62375 65221
26715 48223 59236
29268 53720 33022
40995 58840 61069
88923 16346 23422
74464 14600 66024
27953 21878 22587
50568 59380 73371
43261 63356 57961
17435 60537 58231
55045 70307 72665
29260 31858 35094
23055 43707 49537
24646 58838 29999
7436 7696 39139
46740 57955 66557
5503 38226 44575
92973 6905 7750
88699 49252 70060
5685 10329 63195
13053 70795 17442
91245 99063 59901
30929 36314 67632
57058 57127 63453
38824 61419 69116
89562 54190 73042
89129 60725 91757
65255 64064 68786
88737 78253 92754
1982 836 5600
22403 42715 66281
23411 27244 11619
39937 42804 67412
17998 53972 57260
66098 76468 83333
94321 24469 98247
78212 89258 93040
3915 57156 65311
65251 54894 57734
44103 58802 68241
3560 37367 36812
97816 41829 62912
33902 39861
41422 65380
35910 72209
35048 45725
54559 57770
59762 72952
53715 55788
34476 42776
54461 68391
98770 59630
46980 73054
63208 63825
62825 66533
62144 55645
90903 91696
75425 38740
61051 19317
20470 66141
45596 58654
52596 58227
45500 68197
60251 67028
45497 56133
43885 52694
79310 23003
43866 54526
42858 54337
1482 56999
41441 56739
34341 68675
13299 54359
21213 59458
10224 52839
42984 63133
96788 76640
36704 39443
9765 9853
34053 68363
8868 68765
1629 16983
7679 66901
14539 18911
13117 67374
1641 54687
49823 57096
13835 2289
29707 22170
13343 51018
17867 38053
15696 18695
25139 31992
89219 99320
70866 61554
43687 39012
13501 73878
3128 59691
22357 37291
298 65186
36958 53794
32134 55372
31625 44392
80989 71639
31084 28253
24519 11150
38734 39082
78211 96494
22448 29086
54080 56811
50227 73786
29715 21768
97572 43002
4998 63028
87222 92803
44095 61207
27087 67936
26478 15927
23357 67707
24197 58309
32600 577
23742 56597
44391 56693
22463 36113
63202 73404
8433 60326
84802 32555
51588 71955
97824 24400
52579 72599
82136 90557
78854 43783
48685 57768
81277 29055
41346 48228
75405 30576
53818 19758
89972 90425
50255 54230
90593 96678
50555 60194
30059 45619
83394 58612
94128 58417
48288 65754
56890 69828
27965 59097
49036 60352
70251 55313
65372 66485
72898 56507
27904
32930
91983
31157
69360
19455
21673
23883
21827
34484
3432
73963
73928
20394
69034
54617
40200
23604
22426
62658
89658
27554
53706
53684
56991
43769
39844
65883
53162
68688
60025
51153
36736
53132
52892
24916
36725
64793
58139
24912
52522
52348
52321
36795
54642
66668
35616
53019
47489
82272
36803
38048
53574
31948
72410
36922
92481
54775
62472
36965
30049
21905
52858
35114
52857
44930
22831
21387
22929
52709
70453
57774
20796
52705
6127
56017
63795
64143
23110
52603
57977
47996
31532
70778
68475
56778
51922
36814
86721
56703
35467
58921
16963
51291
62248
24898
48046
56607
94313
56276
56470
20575
48166
56433
45343
23064
68424
17410
54294
69191
57311
46221
57310
61857
50767
69233
1584
5124
15972
37043
63087
31005
99565
2969
44538
62742
48325
54817
61604
57009
56918
19462
99338
51647
18975
35719
36828
91916
69925
54978
33328
12773
58305
66007
18646
62680
54850
57135
68158
54752
37159
53786
19193
24952
20302
32085
18633
74177
58937
56480
17904
74773
30973
55939
67029
18214
55717
55703
74579
56746
46765
27057
21660
23459
65129
61248
30750
16333
73063
44821
44239
44415
16663
42170
48930
91052
26750
44474
44697
61129
40385
54634
45255
62238
17020
52508
48838
45589
57795
41160
48544
45977
26108
42582
49412
49347
57827
40083
41192
49848
56911
41236
49337
63754
70408
48233
42639
97199
62820
49279
60615
42871
73686
61487
43743
79222
46736
30312
48007
46587
67693
59930
43295
46622
54737
78897
43409
47883
48056
47803
46908
72201
87055
17188
47131
47632
47318
50772
47445
47582
74049
72692
71583
46076
47699
46208
18290
56305
53863
41664
50536
46266
40977
70989
48190
55463
73697
86278
46354
59698
25319
46390
89838
31204
65290
37565
77618
37694
72939
60949
51536
47432
37722
78972
51247
37319
54493
37759
57235
37784
30265
69280
45622
23442
37859
51442
49224
37180
27133
37114
56049
83737
51937
53046
74248
59700
51658
48331
56094
37958
37246
90503
69432
37271
70542
35358
52077
51689
37272
71698
40706
58763
56379
23032
4256
73014
57411
39991
40092
40237
49887
49857
86055
69607
40773
40881
40985
49763
77512
38697
34261
40915
56669
60290
63046
51144
51126
38648
50832
55571
38936
47505
38633
50812
68053
69654
39219
39309
56545
39535
99935
17869
41158
8858
39761
39883
63591
64458
64448
64368
95301
80884
64249
67330
64003
73983
64002
63803
63741
63694
63668
64656
63576
63548
63380
85309
63129
62951
62913
62869
62850
62799
62669
62664
62431
66175
67248
81646
71665
67229
67193
67018
67012
66887
66884
69859
66532
66337
66186
62400
66135
66113
72752
66022
73738
65975
65804
85494
65532
64886
64818
82488
64744
60652
60311
60171
60160
60120
60074
59985
63264
59937
59873
59758
59669
59610
73960
76946
59543
59287
59154
68799
58818
58539
64011
58466
58348
73865
58339
68307
58326
61369
62354
62343
68957
62303
62079
72050
69832
62069
61988
96203
61824
61493
63587
67257
61267
61244
61005
61003
61000
60959
60946
60904
60745
60723
60708
60407
60337
75143
79997
98816
87640
78768
77786
85430
77667
77625
77003
82405
76860
76854
76196
75896
80134
75067
74684
76594
74376
74327
74095
73833
73779
73667
73608
80990
73227
73123
91692
98728
98608
98107
97526
97151
96415
96134
95654
95241
93906
92925
98634
91980
73010
90834
90630
89663
89467
89090
88800
87438
86265
85814
85696
84803
84185
80171
68502
70321
70311
70126
73407
70080
73378
70051
70004
69813
69742
69189
68990
68564
70332
67946
67878
78934
67844
74451
67797
67647
67596
67575
67487
67452
77253
67272
71772
73001
72901
72823
73908
72799
72768
72737
72666
72358
72110
74085
71778
72881
64769
72699
71590
71569
71501
71300
84584
71276
71255
70718
70703
70659
70615
72550
31388
19658
16953
23214
36798
38473
9631
52370
31754
73734
38246
30212
67390
26357
75748
50710
25843
60152
9138
22219
23774
96157
90612
89503
42168
27136
62465
34003
27349
15545
53343
25735
97289
88781
59947
23932
70309
18186
63467
47941
18822
16624
64341
27132
97052
28294
2337
32211
53851
12165
36106
72242
27882
68672
37620
38702
68186
43022
8700
990
53695
25833
17634
3217
54734
84477
41943
32703
66445
23194
70747
9800
50785
18938
99108
97999
407
21478
72330
57913
25752
27970
56643
19377
26264
2823
63433
45663
47827
49991
50532
67072
41675
6368
54517
64340
4587
32684
30955
48126
31256
60514
98736
72120
64195
33143
35524
22540
61736
58409
64821
60385
1238
31542
73828
64954
68207
33828
33078
32978
32610
32235
37104
34190
93129
31583
60376
57405
73642
31500
66632
31144
37396
30923
60716
56280
27321
53289
30074
40353
30991
57445
58115
58083
57979
57974
57952
57946
57756
64381
57727
57638
57629
57580
77407
18007
36591
51739
36172
36152
68443
35173
59377
40524
26933
43704
34683
40093
74040
57761
38604
70304
28162
20588
91700
35141
37359
28091
78699
68718
22140
72178
59979
28684
33363
23724
63843
53862
27149
26565
4297
66226
64008
58463
26302
26265
38708
27461
29990
25662
16465
29753
61769
46243
21051
64006
55134
62314
33480
29625
64058
20867
38281
55593
29414
69028
20232
29104
65512
36678
28995
65593
51176
63063
61954
20942 22285 22798 23850 24213 25042 25501 26204 26838 28287 31011 31018 31393 34397 34684 34917 35490 21652 24232 26665 26857 27859 28423 30590 30644 32075 32410 33523
13179 20395 23221 25490 30376 34782 43753 57038 57660 68941 71734 71813 73783 84582 88662 6820 15273 21753 34607 69702 70089 73067 73813 74255 76978 81246 88157
22400 22534 23617 25231 26436 29427 30137 34033 38905 38978 40693 42648 45319 47732 56263 58641 70980 73374 78692 83136 99224 7683 11854 38958 52600 65199 69530
34386 37280 42041 53686 61238 64105 95863 35828 36115 42904 59891 66191 71277 74060 97591 98726
31452 78750 79176 79503 94693 94977 98037 98095 98304 98906 52011 66443 72112 88571 91302
28897 40225 51934 57547 69950 23385 38093 52537 67198 67632
61582 72161 79590 81711 92618 97043 8520 27101
49450 53342 72989 50150 57035 60119 67988 68554
78909 84054 91185 94013 27779 71685 75763
87019 51261 55763 67348 74094 79232 82469
88138 18372 29042 38624 70052 73656
55319 82146 21632 22839 25808 47540
78159 37519 56708 60925 70749 98893
41347 94028 27809 29345 65094 98009
25887 31566 34959 35276 28916 34874
89996 6274 43395 46440 53509 75717
21657 21756 22897 24799 30865 40013
25461 56016 58155 36718 44640
82201 29563 42987 58491 71401
17280 19305 44498 39287 68915
95714 40321 43557 47483 60391
61709 65367 67534 73201 69612
81072 57274 59083 66872 96963
82455 44764 54165 58520 60882
97622 38546 49990 63895 70078
62513 68238 97508 71754 74306
5260 56978 70978 5868
91114 14411 43628 72972
50028 74289 48610 53062
2080 56085 71304 56623
67155 99176 41926 51566
9090 58732 68802 60038
92865 50278 64970 99664
94966 33313 41004 96317
95629 95791 84783 85437
19566 19835 18181 18929
30271 60322 68227 6159
91227 11787 31143 86435
51151 53425 45001 47278
21589 30988 25450
44103 58802 68241
55045 70307 72665
50568 59380 73371
26715 48223 59236
88699 49252 70060
92973 6905 7750
10055 58874 52413
59609 68463 61072
74464 14600 66024
23699 29242 60089
17435 60537 58231
88737 78253 92754
24646 58838 29999
97816 41829 62912
29260 31858 35094
23055 43707 49537
5503 38226 44575
27953 21878 22587
88923 16346 23422
40995 58840 61069
29268 53720 33022
43261 63356 57961
21181 17644 70058
66098 76468 83333
17998 53972 57260
1982 836 5600
3915 57156 65311
23411 27244 11619
55916 69402 70327
65255 64064 68786
38824 61419 69116
89562 54190 73042
89129 60725 91757
30929 36314 67632
91245 99063 59901
94321 24469 98247
7436 7696 39139
22403 42715 66281
78212 89258 93040
13053 70795 17442
36711 57030 64491
39937 42804 67412
65251 54894 57734
5685 10329 63195
3560 37367 36812
46740 57955 66557
98935 62375 65221
72081 72976 74201
35910 72209
98770 59630
41441 56739
35048 45725
53715 55788
54559 57770
34476 42776
33902 39861
87222 92803
59762 72952
63208 63825
62144 55645
90903 91696
75425 38740
62825 66533
61051 19317
20470 66141
45596 58654
54461 68391
45500 68197
60251 67028
41422 65380
45497 56133
43885 52694
79310 23003
43866 54526
42858 54337
1482 56999
34341 68675
52596 58227
46980 73054
13835 2289
10224 52839
42984 63133
96788 76640
36704 39443
9765 9853
34053 68363
8868 68765
1629 16983
7679 66901
14539 18911
13117 67374
1641 54687
13299 54359
21213 59458
29707 22170
13343 51018
17867 38053
15696 18695
25139 31992
89219 99320
57058 63453
70866 61554
43687 39012
13501 73878
3128 59691
22357 37291
298 65186
27087 67936
32134 55372
31625 44392
80989 71639
31084 28253
38734 39082
78211 96494
22448 29086
54080 56811
50227 73786
29715 21768
97572 43002
4998 63028
36958 53794
24519 11150
44095 61207
23357 67707
26478 15927
24197 58309
32600 577
23742 56597
44391 56693
22463 36113
63202 73404
8433 60326
84802 32555
49823 57096
27965 59097
75405 30576
41346 48228
81277 29055
78854 43783
52579 72599
94128 58417
97824 24400
49036 60352
72898 56507
83394 58612
82136 90557
48685 57768
50255 54230
50555 60194
89972 90425
53818 19758
48288 65754
70251 55313
90593 96678
56890 69828
30059 45619
51588 71955
65372 66485
21673
32930
69360
62658
22426
23604
40200
19455
53706
23883
54617
21827
34484
3432
73963
31157
69034
53684
20394
65883
53162
56991
68688
60025
51153
36736
57411
89658
53132
52892
24916
43769
27904
91983
39844
27554
31948
70778
47489
24912
52522
52348
52321
36795
64793
58139
54642
53019
47996
66668
35616
36725
82272
69654
36803
38048
53574
72410
36922
92481
22929
21905
52858
35114
52857
44930
23032
73928
52709
22831
70453
21387
20796
52705
6127
63795
57774
52603
30049
31532
56017
64143
23110
57977
68475
56778
51922
36814
86721
56703
35467
58921
16963
51291
62248
24898
48046
56607
94313
56276
56470
20575
48166
56433
45343
23064
68424
17410
54294
69191
57311
46221
57310
61857
50767
69233
1584
5124
15972
37043
63087
31005
99565
2969
44538
62742
48325
54817
61604
57009
56918
19462
99338
51647
18975
35719
36828
91916
69925
54978
33328
12773
58305
66007
18646
62680
54850
57135
68158
54752
83737
53786
19193
24952
20302
32085
18633
74177
58937
56480
17904
74773
30973
55939
67029
18214
55717
55703
74579
56746
46765
27057
21660
23459
65129
61248
30750
16333
73063
44821
44239
44415
16663
42170
48930
91052
44474
26750
44697
40385
61129
54634
45255
62238
17020
52508
48838
45589
57795
41160
48544
45977
72692
42582
49412
49347
57827
40083
41192
49848
56911
41236
49337
63754
70408
26108
42639
97199
62820
49279
60615
42871
73686
61487
43743
79222
47883
30312
48007
46587
67693
59930
43295
46622
54737
78897
43409
46736
48056
47803
46908
72201
87055
17188
47131
47632
47318
50772
47445
47582
74049
48233
71583
46076
47699
46208
53863
18290
56305
41664
50536
46266
40977
70989
55463
48190
86278
73697
46354
59698
25319
46390
89838
37722
37272
71698
37319
65290
37565
77618
51536
69280
37694
72939
47432
51689
78972
51247
31204
54493
37759
57235
37784
30265
51442
45622
23442
51658
62472
36965
51937
27133
37114
56049
74248
53046
59700
37159
35358
37859
48331
56094
37180
37246
90503
69432
52077
60949
37271
70542
49857
39761
39883
86055
56379
4256
39991
73014
40092
40237
49887
40706
41158
69607
40773
40881
40985
49763
77512
38697
34261
40915
56669
56545
49224
51144
51126
37958
63046
38648
50832
55571
47505
38633
50812
54775
38936
68053
60290
39219
39309
39535
99935
8858
17869
58763
63576
64448
64368
95301
80884
64249
67330
64003
73983
64002
63803
63741
63694
63668
63591
64458
63548
63380
85309
63129
62951
62913
62869
62850
62799
62669
62664
62431
62400
66135
81646
71665
67229
67193
67018
67012
66887
66884
69859
66532
66337
66186
66175
62354
66113
72752
66022
73738
65975
65804
85494
65532
64886
64818
82488
64744
64656
59543
60171
60160
60120
60074
59985
63264
59937
59873
59758
59669
59610
73960
60652
60311
59287
59154
68799
58818
58539
64011
58466
58348
73865
58339
68307
58326
64769
61267
62343
68957
62303
62079
72050
69832
62069
61988
96203
61824
61493
63587
61369
67248
61244
61005
61003
61000
60959
60946
60904
60745
60723
60708
60407
60337
76946
75143
79997
98816
87640
78768
77786
85430
77667
77625
77003
82405
76860
76854
76196
75896
80134
75067
74684
76594
74376
74327
74095
73833
73779
73667
73608
80990
73227
73123
91692
98728
98608
98107
97526
97151
96415
96134
95654
95241
93906
92925
98634
91980
73010
90834
90630
89663
89467
89090
88800
87438
86265
85814
85696
84803
84185
80171
67946
70311
70126
73407
70080
73378
70051
70004
69813
69742
69189
68990
68564
68502
70321
67878
78934
67844
74451
67797
67647
67596
67575
67487
67452
77253
67272
67257
72881
73001
72901
72823
73908
72799
72768
72737
72666
72550
72358
72110
74085
71778
58115
71772
72699
71590
71569
71501
71300
84584
71276
71255
70718
70703
70659
70615
31388
19658
16953
23214
36798
38473
9631
52370
31754
73734
38246
30212
67390
26357
75748
50710
25843
60152
9138
22219
23774
96157
90612
89503
42168
27136
62465
34003
27349
15545
53343
25735
97289
88781
59947
23932
70309
18186
63467
47941
18822
16624
64341
27132
97052
28294
2337
32211
53851
12165
36106
72242
27882
68672
37620
38702
68186
43022
8700
990
53695
25833
17634
3217
54734
84477
41943
32703
66445
23194
70747
9800
50785
18938
99108
97999
407
21478
72330
57913
25752
27970
56643
19377
26264
2823
63433
45663
47827
49991
50532
67072
41675
6368
54517
64340
4587
32684
30955
48126
31256
60514
98736
72120
64195
33143
35524
22540
61736
58409
64821
60385
1238
73642
64954
68207
33828
33078
32978
32610
32235
37104
34190
93129
31583
60376
31542
73828
31500
66632
31144
37396
30923
60716
56280
27321
53289
30074
40353
30991
18007
36591
58083
57979
57974
57952
57946
57756
64381
57727
57638
57629
57580
77407
57445
29990
51739
36172
36152
68443
35173
59377
40524
26933
43704
34683
40093
74040
57405
57761
38604
70304
28162
20588
91700
35141
37359
28091
78699
68718
22140
72178
59979
28684
33363
23724
63843
53862
27149
26565
4297
66226
64008
58463
26302
26265
38708
38281
25662
16465
29753
61769
46243
21051
64006
55134
62314
33480
29625
64058
27461
20867
55593
29414
69028
20232
29104
65512
36678
28995
65593
51176
57127
63063
61954
20942 22285 22798 23850 24213 25042 25501 26204 26838 28287 31011 31018 31393 34397 34684 34917 35490 21652 24232 26665 26857 27859 28423 30590 30644 32075 32410 33523
13179 20395 23221 25490 30376 34782 43753 57038 57660 68941 71734 71813 73783 84582 88662 6820 15273 21753 34607 69702 70089 73067 73813 74255 76978 81246 88157
22400 22534 23617 25231 26436 29427 30137 34033 38905 38978 40693 42648 45319 47732 56263 58641 70980 73374 78692 83136 99224 7683 11854 38958 52600 65199 69530
34386 37280 42041 53686 61238 64105 95863 35828 36115 42904 59891 66191 71277 74060 97591 98726
31452 78750 79176 79503 94693 94977 98037 98095 98304 98906 52011 66443 72112 88571 91302
28897 40225 51934 57547 69950 23385 38093 52537 67198 67632
49450 53342 72989 50150 57035 60119 67988 68554
61582 72161 79590 81711 92618 97043 8520 27101
78909 84054 91185 94013 27779 71685 75763
87019 51261 55763 67348 74094 79232 82469
89996 6274 43395 46440 53509 75717
21657 21756 22897 24799 30865 40013
25887 31566 34959 35276 28916 34874
78159 37519 56708 60925 70749 98893
88138 18372 29042 38624 70052 73656
55319 82146 21632 22839 25808 47540
61709 65367 67534 73201 69612
82201 29563 42987 58491 71401
62513 68238 97508 71754 74306
17280 19305 44498 39287 68915
94028 27809 29345 65094 98009
95714 40321 43557 47483 60391
25461 56016 58155 36718 44640
81072 57274 59083 66872 96963
97622 38546 49990 63895 70078
82455 44764 54165 58520 60882
50028 74289 48610 53062
91114 14411 43628 72972
5260 56978 70978 5868
19566 19835 18181 18929
2080 56085 71304 56623
67155 99176 41926 51566
91227 11787 31143 86435
92865 50278 64970 99664
30271 60322 68227 6159
51151 53425 45001 47278
94966 33313 41004 96317
95629 95791 84783 85437
43261 63356 57961
72081 72976 74201
23055 43707 49537
24646 58838 29999
17435 60537 58231
74464 14600 66024
29260 31858 35094
27953 21878 22587
36711 57030 64491
55916 69402 70327
26715 48223 59236
29268 53720 33022
55045 70307 72665
17998 53972 57260
46740 57955 66557
9090 68802 60038
89129 60725 91757
65255 64064 68786
38824 61419 69116
66098 76468 83333
94321 24469 98247
98935 62375 65221
59609 68463 61072
50568 59380 73371
88923 16346 23422
21181 17644 70058
40995 58840 61069
10055 58874 52413
65251 54894 57734
7436 7696 39139
44103 58802 68241
39937 42804 67412
22403 42715 66281
89562 54190 73042
91245 99063 59901
30929 36314 67632
13053 70795 17442
78212 89258 93040
5685 10329 63195
3560 37367 36812
5503 38226 44575
92973 6905 7750
88699 49252 70060
1982 836 5600
3915 57156 65311
97816 41829 62912
23699 29242 60089
88737 78253 92754
23411 27244 11619
21589 30988 25450
15696 18695
65372 66485
35910 72209
43885 52694
79310 23003
43866 54526
42858 54337
1482 56999
52596 58227
41441 56739
13343 51018
89219 99320
17867 38053
29707 22170
41422 65380
34341 68675
62144 55645
22463 36113
59762 72952
46980 73054
63208 63825
298 65186
62825 66533
22357 37291
3128 59691
13501 73878
43687 39012
45497 56133
90903 91696
75425 38740
70866 61554
61051 19317
20470 66141
45596 58654
54461 68391
60251 67028
45500 68197
26478 15927
9765 9853
1629 16983
4998 63028
36958 53794
8868 68765
34053 68363
96788 76640
36704 39443
42984 63133
44095 61207
98770 59630
21213 59458
7679 66901
10224 52839
27087 67936
23357 67707
32600 577
24197 58309
84802 32555
49823 57096
23742 56597
8433 60326
44391 56693
63202 73404
31625 44392
35048 45725
54559 57770
53715 55788
34476 42776
13835 2289
13299 54359
33902 39861
87222 92803
1641 54687
32134 55372
14539 18911
25139 31992
80989 71639
31084 28253
24519 11150
78211 96494
13117 67374
38734 39082
22448 29086
54080 56811
50227 73786
29715 21768
97572 43002
81277 29055
52579 72599
48288 65754
50255 54230
41346 48228
51588 71955
50555 60194
78854 43783
53818 19758
75405 30576
89972 90425
83394 58612
90593 96678
94128 58417
49036 60352
97824 24400
27965 59097
48685 57768
70251 55313
30059 45619
56890 69828
72898 56507
82136 90557
21673
69360
52892
91983
19455
32930
23883
21827
34484
3432
31157
20796
21905
52857
39844
40200
23604
22426
89658
27554
24952
62658
53706
56991
20394
27904
53684
60025
51153
65883
53162
36736
68688
24916
43769
53132
38048
31532
66668
24912
52522
35616
52348
52321
36725
82272
36803
36795
58139
53574
72410
36922
92481
54642
54775
62472
36965
53019
27133
37114
64143
52858
22831
35114
21387
20302
22929
73928
57774
30049
52709
56017
73963
23110
70453
52705
57977
47996
6127
63795
70778
47489
52603
64793
56607
48046
56778
86721
35467
56703
16963
51291
58921
24898
68475
62248
36814
56276
94313
20575
48166
56470
23064
68424
56433
17410
45343
63087
31005
57311
46221
61857
57310
50767
69233
1584
5124
15972
37043
54294
74177
99565
2969
44538
62742
48325
54817
61604
19462
51922
57009
56918
58305
35719
36828
69925
73063
33328
91916
12773
66007
62680
57135
54978
61248
99338
44930
54850
68158
54752
19193
48331
32085
74579
53786
69034
55717
58937
17904
74773
18214
56480
30973
18633
56746
55939
46765
67029
54617
27057
21660
23459
65129
30750
55703
16333
18646
51647
18975
52508
16663
42170
54634
91052
44474
44697
40385
44821
45255
63453
17020
44415
48930
45589
57795
41160
26750
61129
45977
72692
71583
46076
47699
62820
41192
49848
49412
41236
41347
49347
56911
49337
42582
42639
97199
62238
60615
42871
73686
61487
43743
63754
70408
49279
44239
79222
48007
48190
73697
43295
46622
48056
54737
78897
43409
46736
30312
46908
74049
47883
87055
17188
47131
47803
47318
50772
47445
47582
74248
72201
46354
48838
46208
53863
41664
50536
46266
48544
26108
70989
55463
86278
40083
59698
48233
25319
18290
46390
89838
56305
46587
67693
59930
57235
37694
72939
47432
37722
78972
35358
52077
51247
31204
54493
37759
77618
37784
30265
60949
45622
23442
37859
51536
69280
37958
63046
38648
90503
83737
31948
69654
37159
51937
51658
47632
56094
37180
37246
53046
51442
69432
37271
70542
51689
37272
71698
59700
37319
65290
37565
49887
58763
57411
39991
56379
40092
40237
4256
40706
69607
40773
73014
23032
40881
49857
77512
38697
34261
40915
40985
40977
49763
56669
57827
50812
55571
49224
51144
51126
38936
68053
60290
39219
50832
47505
38633
56049
39309
39535
99935
17869
41158
39761
39883
86055
56545
8858
63548
64368
95301
80884
64249
67330
64003
73983
64002
63803
63741
63694
63668
63591
63576
64448
63380
85309
63129
62951
62913
62869
62850
62799
62669
62664
62431
62400
62354
66113
71665
67229
67193
67018
67012
66887
66884
69859
66532
66337
66186
66175
66135
62343
72752
66022
73738
65975
65804
85494
65532
64886
64818
82488
64744
64656
64458
59287
60160
60120
60074
59985
63264
59937
59873
59758
59669
59610
73960
60652
59543
60171
59154
68799
58818
58732
58539
64011
58466
58348
73865
58339
68307
58326
64769
61244
68957
62303
62079
72050
69832
62069
61988
96203
61824
61493
63587
61369
61267
81646
61005
61003
61000
60959
60946
60904
60745
60723
60708
60407
60337
76946
60311
75143
79997
98816
87640
78768
77786
85430
77667
77625
77003
82405
76860
76854
76196
75896
80134
75067
74684
76594
74376
74327
74095
73833
73779
73667
73608
80990
73227
73123
91692
98728
98608
98107
97526
97151
96415
96134
95654
95241
93906
92925
98634
91980
73010
90834
90630
89663
89467
89090
88800
87438
86265
85814
85696
84803
84185
80171
67878
70311
70126
73407
70080
73378
70051
70004
69813
69742
68990
68564
68502
67946
70321
78934
67844
74451
67797
67647
67596
67575
67487
67452
77253
67272
67257
67248
72881
73001
72901
72823
73908
72799
72768
72737
72666
72550
72358
72110
74085
71778
58115
71772
72699
71590
71569
71501
71300
84584
71276
71255
70718
70703
70659
70615
60152
23214
36798
38473
9631
52370
31754
73734
38246
30212
67390
26357
75748
31388
25843
16953
9138
22219
23774
96157
90612
89503
42168
27136
62465
34003
27349
27132
63433
28294
97289
88781
59947
23932
70309
18186
63467
47941
18822
16624
64341
15545
97052
45663
2337
32211
53851
12165
36106
72242
27882
68672
37620
38702
68186
50710
19658
50785
990
53695
25833
17634
3217
54734
84477
41943
32703
66445
23194
70747
43022
8700
18938
99108
97999
407
21478
72330
57913
25752
27970
56643
19377
26264
20867
60514
47827
49991
50532
67072
41675
6368
54517
64340
4587
32684
30955
2823
31256
25735
61736
58409
64821
60385
57058
1238
98736
72120
64195
33143
35524
22540
9800
31500
64954
68207
33828
33078
32978
32610
32235
37104
34190
93129
31583
60376
31542
73642
73828
66632
31144
37396
30923
60716
56280
27321
53289
30074
40353
30991
18007
29990
36591
58083
57979
57974
57952
57946
57756
64381
57727
57638
57629
57580
77407
57445
25662
51739
36172
36152
68443
35173
59377
40524
26933
43704
34683
40093
74040
57405
23724
28162
20588
91700
35141
37359
28091
78699
68718
22140
72178
59979
57761
33363
70304
63843
53862
27149
26565
4297
66226
64008
58463
26302
26265
38708
48126
53343
55593
16465
29753
61769
46243
21051
64006
55134
62314
33480
29625
64058
27461
38281
69191
29414
69028
20232
29104
65512
36678
28995
65593
51176
63063
61954
28684
38604
22400 22534 23617 25231 26436 29427 30137 34033 38905 38978 40693 42648 45319 47732 56263 58641 70980 73374 78692 83136 99224 7683 11854 38958 52600 65199 69530
13179 20395 23221 25490 30376 34782 43753 57038 57660 68941 71734 71813 73783 84582 88662 6820 15273 21753 34607 69702 70089 73067 73813 74255 76978 81246 88157
20942 23850 24213 25042 26204 26838 28287 31011 31018 31393 34397 34684 34917 35490 21652 24232 26665 26857 27859 28423 30590 30644 33523
34386 37280 42041 53686 61238 64105 95863 35828 36115 42904 59891 66191 71277 74060 97591 98726
31452 78750 79503 94693 94977 98037 98095 98304 98906 52011 72112
28897 40225 51934 57547 69950 23385 38093 52537 67198 67632
49450 53342 72989 50150 57035 60119 67988 68554
61582 72161 79590 81711 92618 97043 8520 27101
78909 84054 91185 94013 27779 71685 75763
87019 51261 55763 67348 74094 79232 82469
21657 21756 22897 24799 30865 40013
78159 37519 56708 60925 70749 98893
89996 6274 43395 46440 53509 75717
88138 18372 29042 38624 70052 73656
62513 68238 97508 71754 74306
25461 56016 58155 36718 44640
81072 57274 59083 66872 96963
95714 40321 43557 47483 60391
61709 65367 67534 73201 69612
82455 44764 54165 58520 60882
82201 29563 42987 58491 71401
82146 21632 22839 25808 47540
17280 19305 44498 39287 68915
19566 19835 18181 18929
22285 25501 32075 32410
67155 99176 41926 51566
79176 66443 88571 91302
50028 74289 48610 53062
2080 56085 71304 56623
91227 11787 31143 86435
51151 53425 45001 47278
92865 50278 64970 99664
5260 56978 70978 5868
91114 14411 43628 72972
30271 60322 68227 6159
94966 33313 41004 96317
95629 95791 84783 85437
72081 72976 74201
17435 60537 58231
39937 42804 67412
74464 14600 66024
25887 28916 34874
17998 53972 57260
94321 24469 98247
31566 34959 35276
55916 69402 70327
29260 31858 35094
30929 36314 67632
23411 27244 11619
88699 49252 70060
88923 16346 23422
89129 60725 91757
26715 48223 59236
59609 68463 61072
9090 68802 60038
21589 30988 25450
38824 61419 69116
46740 57955 66557
36711 57030 64491
10055 58874 52413
55045 70307 72665
44103 58802 68241
40995 58840 61069
65255 64064 68786
23699 29242 60089
66098 76468 83333
29268 53720 33022
7436 7696 39139
24646 58838 29999
21181 17644 70058
3560 37367 36812
65251 54894 57734
91245 99063 59901
43261 63356 57961
98935 62375 65221
89562 54190 73042
50568 59380 73371
92973 6905 7750
5685 10329 63195
13053 70795 17442
1982 836 5600
23055 43707 49537
27953 21878 22587
3915 57156 65311
5503 38226 44575
97622 38546 49990
22403 42715 66281
97816 41829 62912
88737 78253 92754
78212 89258 93040
52596 58227
13501 73878
14539 18911
43866 54526
32600 577
9765 9853
62144 55645
43687 39012
10224 52839
48288 65754
89972 90425
30059 45619
90903 91696
41422 65380
23357 67707
23742 56597
79310 23003
27965 59097
49036 60352
43885 52694
36704 39443
54461 68391
8433 60326
29715 21768
97572 43002
45497 56133
60251 67028
62825 66533
44391 56693
63202 73404
27087 67936
45500 68197
84802 32555
63208 63825
46980 73054
50227 73786
83394 58612
34341 68675
44095 61207
59762 72952
1482 56999
21213 59458
94128 58417
42984 63133
22357 37291
41441 56739
65372 66485
25139 31992
96788 76640
3128 59691
81277 29055
52579 72599
36958 53794
51588 71955
4998 63028
34476 42776
33902 39861
29707 22170
1641 54687
38734 39082
13343 51018
20470 66141
75405 30576
87222 92803
24519 11150
13299 54359
41346 48228
39219 57977
31084 28253
61051 19317
98770 59630
80989 71639
72898 56507
53818 19758
298 65186
13835 2289
31625 44392
45596 58654
32134 55372
89219 99320
8868 68765
26478 15927
54080 56811
70866 61554
22448 29086
82136 90557
35910 72209
35173 73378
56890 69828
22463 36113
35048 45725
78854 43783
17867 38053
90593 96678
34053 68363
50255 54230
13117 67374
78211 96494
70251 55313
53715 55788
15696 18695
7679 66901
54559 57770
1629 16983
97824 24400
75425 38740
50555 60194
48685 57768
23110
36172
36591
27554
69432
83737
37159
51658
48331
56094
37180
37246
90503
56049
37271
70542
51689
37272
71698
37319
65290
37565
53574
64793
58139
66668
35616
36725
82272
36803
38048
51739
72410
36922
92481
54775
62472
36965
27133
37114
35467
44538
62742
48325
54817
61604
19462
24197
51922
36814
27057
23459
21660
99565
16963
51291
24898
68475
56276
20575
48166
23064
68424
17410
58937
26264
407
21478
72330
57913
25752
27970
56643
19377
33078
36106
22798
49848
17904
20867
69191
61857
50767
69233
1584
5124
15972
37043
54294
31005
21827
39844
60025
51153
36736
24916
43769
27904
91983
69360
19455
21673
23883
20394
34484
3432
31157
20796
21905
22831
21387
22929
57774
30049
56017
35719
49823
74773
18214
18633
56746
46765
65129
30750
16333
18646
51647
18975
64143
36828
69925
33328
12773
44930
19193
20302
22426
89658
40237
56991
51937
38633
47505
50832
51126
51144
49224
51442
69280
51536
60949
52077
35358
59700
53046
50812
69654
31948
53019
54642
36795
52321
52348
52522
24912
31532
52603
63795
6127
49279
56305
18290
48233
26108
48544
48838
62238
61129
26750
48930
63453
54634
79222
52705
70408
63754
49337
49347
49412
56669
49763
40985
49857
49887
73014
4256
56379
45343
55463
58763
8858
56545
61248
55703
55717
67029
55939
30973
56480
74177
63087
70989
56433
56470
62248
58921
56703
56778
48046
56918
57009
2969
57310
46221
57311
53684
70453
52709
73928
52857
35114
52858
73963
32930
52892
53132
68688
53162
65883
74049
53706
62658
24952
53786
54752
68158
54850
99338
58305
54978
91916
73063
55319
40977
57827
41192
40083
40092
2823
40706
69607
40773
40881
77512
38697
34261
40915
39991
41236
42582
42639
97199
62820
42858
60615
42871
73686
61487
43743
44239
44415
54337
37694
72939
47432
37759
57235
37784
30265
45622
23442
37859
37958
63046
38648
16663
55571
38936
47996
39309
39535
99935
17869
41158
39761
39883
86055
23032
57411
47445
67693
59930
43295
46622
54737
78897
43409
46736
46908
87055
17188
47131
50772
46587
70778
47489
47582
74248
47632
72201
47803
47883
48007
30312
48056
73697
48190
72692
42170
91052
44474
44697
40385
44821
45255
17020
52508
45589
57795
41160
45977
77618
71583
46076
47699
46208
53863
41664
50536
86278
46354
59698
25319
46390
89838
63380
95301
80884
64249
67330
64003
73983
64002
63803
63741
63694
63668
63591
63576
63548
64368
85309
63129
62951
62913
62869
62850
62799
66007
62680
62669
62664
62431
62400
72752
67229
67193
67018
67012
66887
66884
69859
66532
66337
66186
66175
66135
66113
62354
66022
73738
65975
65804
85494
65532
64886
64818
82488
64744
64656
64458
64448
73960
68053
60290
60171
60160
60120
60074
59985
63264
59937
59873
59758
59669
59610
60311
60652
59543
59287
59154
68799
58818
58732
58539
64011
58466
58348
73865
58339
61267
62343
68957
62303
62079
72050
69832
62069
61988
96203
61824
61493
63587
61369
71665
61244
61005
61003
61000
60959
60946
60904
60745
60723
60708
60407
60337
76946
75143
79997
98816
87640
78768
77786
85430
77667
77625
77003
82405
76860
76854
76196
75896
80134
75067
74684
76594
74376
74327
74095
73833
73779
73667
73608
80990
73227
73123
91692
98728
98608
98107
97526
97151
96415
96134
95654
95241
93906
92925
98634
91980
73010
90834
90630
89663
89467
89090
87438
86265
85814
85696
84803
84185
88800
80171
78934
70311
70126
73407
70080
70004
69813
69742
68990
68564
68502
68443
67946
67878
70321
67844
74451
67797
67647
67596
67575
67487
67452
77253
67272
67257
67248
81646
72881
73001
72901
72823
73908
72799
72768
72737
72666
72550
72358
72110
74085
71778
68307
71772
72699
71590
71569
71501
71300
84584
71276
71255
70718
70703
70659
70615
38246
37620
38702
68186
57096
50710
19658
16953
23214
36798
38473
9631
52370
31754
73734
68672
30212
67390
26357
75748
31388
25843
60152
9138
22219
23774
96157
90612
89503
23604
37722
78972
51247
23932
70309
18186
63467
47941
32085
74579
69034
54617
40200
42168
18822
16624
64341
15545
97052
28294
2337
36152
32211
53851
12165
72242
27882
25833
9800
98736
72120
64195
33143
35524
22540
8700
990
70051
94313
56607
53695
1238
17634
3217
54734
84477
41943
32703
66445
23194
70747
43022
50785
18938
99108
41675
27136
62465
54493
31204
34003
27349
27132
63433
45663
47827
49991
50532
67072
59947
6368
54517
64340
4587
32684
30955
31256
60514
61736
58409
64821
60385
57058
37396
32978
32610
32235
37104
34190
93129
31583
60376
31542
73642
31500
66632
31144
33828
30923
60716
56280
27321
53289
30074
40353
30991
18007
29990
25662
16465
29753
57580
58326
64769
58115
58083
57979
57974
57952
57946
57756
64381
57727
57638
57629
61769
77407
57445
59377
40524
26933
43704
34683
40093
74040
57405
73828
64954
68207
27149
35141
37359
28091
78699
68718
22140
72178
59979
57761
33363
23724
63843
53862
91700
26565
4297
66226
64008
58463
26302
26265
38708
48126
53343
25735
97289
88781
20232
46243
21051
64006
55134
62314
33480
29625
64058
27461
38281
55593
29414
69028
97999
29104
65512
36678
28995
65593
51176
63063
61954
28684
38604
70304
28162
20588
22400 22534 23617 25231 26436 29427 30137 34033 38905 38978 40693 42648 45319 47732 56263 58641 70980 73374 78692 83136 99224 7683 11854 38958 52600 65199 69530
13179 20395 23221 25490 30376 34782 43753 57038 57660 68941 71734 71813 73783 6820 15273 21753 34607 70089 73067 73813 74255
34386 37280 42041 53686 61238 64105 95863 35828 36115 42904 59891 66191 71277 74060 97591 98726
23850 25042 31011 31018 31393 34397 34684 21652 26665 27859 28423 30590 30644 33523
31452 78750 79503 94693 94977 98037 98095 98304 98906 52011 72112
28897 40225 51934 69950 23385 38093 52537 57547 67198 67632
20942 24213 26204 26838 28287 34917 35490 24232 26857
61582 72161 79590 81711 92618 97043 8520 27101
78909 84054 91185 94013 27779 71685 75763
87019 51261 55763 67348 74094 79232 82469
49450 53342 72989 50150 57035 67988 68554
88138 18372 29042 38624 70052 73656
89996 6274 43395 46440 53509 75717
17280 19305 44498 39287 68915
81072 57274 59083 66872 96963
61709 65367 67534 73201 69612
25461 56016 58155 36718 44640
82455 44764 54165 58520 60882
62513 68238 97508 71754 74306
82201 29563 42987 58491 71401
30271 60322 68227 6159
79176 66443 88571 91302
91114 14411 43628 72972
19566 19835 18181 18929
21657 21756 24799 30865
2080 56085 71304 56623
82146 22839 25808 47540
50028 74289 48610 53062
51151 53425 45001 47278
91227 11787 31143 86435
94966 33313 41004 96317
95714 40321 47483 60391
67155 99176 41926 51566
92865 50278 64970 99664
95629 95791 84783 85437
4587 23742 56597 58732
22285 25501 32075 32410
40995 58840 61069
21589 30988 25450
88923 16346 23422
7436 7696 39139
24646 58838 29999
72081 72976 74201
65251 54894 57734
3560 37367 36812
94321 24469 98247
27953 21878 22587
55045 70307 72665
59609 68463 61072
31566 34959 35276
17998 53972 57260
30929 36314 67632
29260 31858 35094
26715 48223 59236
29268 53720 33022
89129 60725 91757
23055 43707 49537
98935 62375 65221
17435 60537 58231
38824 61419 69116
88699 49252 70060
5503 38226 44575
91245 99063 59901
22403 42715 66281
23699 29242 60089
25887 28916 34874
55916 69402 70327
89562 54190 73042
10055 58874 52413
66098 76468 83333
1982 836 5600
88737 78253 92754
97816 41829 62912
5685 10329 63195
74464 14600 66024
21181 17644 70058
65255 64064 68786
3915 57156 65311
43261 63356 57961
44103 58802 68241
13053 70795 17442
78212 89258 93040
36711 57030 64491
50568 59380 73371
46740 57955 66557
23411 27244 11619
81277 29055
9765 9853
8433 60326
63202 73404
21213 59458
62144 55645
90903 91696
1482 56999
84802 32555
98770 59630
42984 63133
30059 45619
9090 60038
65372 66485
62825 66533
29707 22170
43687 39012
13501 73878
59762 72952
13343 51018
46980 73054
48288 65754
63208 63825
32134 55372
53715 55788
39937 42804
54559 57770
34476 42776
33902 39861
87222 92803
39219 57977
32600 577
24519 11150
38734 39082
35048 45725
31625 44392
80989 71639
31084 28253
8868 68765
78211 96494
50227 73786
36958 53794
4998 63028
97572 43002
29715 21768
43885 52694
96788 76640
20470 66141
45596 58654
37958 41160
61051 19317
54461 68391
45500 68197
22463 36113
89219 99320
45497 56133
44391 56693
60251 67028
79310 23003
43866 54526
26478 15927
44095 61207
23357 67707
34341 68675
52596 58227
41422 65380
27087 67936
75425 38740
36704 39443
56890 69828
90593 96678
89972 90425
48685 57768
52579 72599
50255 54230
50555 60194
25139 31992
35173 73378
97824 24400
13117 67374
70866 61554
15696 18695
70251 55313
78854 43783
7679 66901
82136 90557
298 65186
34053 68363
17867 38053
5260 5868
1629 16983
51588 71955
83394 58612
1641 54687
97622 38546
10224 52839
53818 19758
22357 37291
41346 48228
13835 2289
3128 59691
13299 54359
75405 30576
94128 58417
49036 60352
72898 56507
14539 18911
54080 56811
22448 29086
27965 59097
61604
66668
35616
36725
62742
57009
19462
24197
23110
48325
58139
60514
35910
64793
51739
36591
36172
99565
54817
82488
54294
64744
31005
33078
20867
26264
27133
49848
37114
56049
83737
22798
36106
69191
37159
51658
48331
56094
37180
57580
19377
37246
35719
15972
44538
36803
38048
53574
72410
36922
90503
92481
37043
82272
5124
54775
62472
1584
36965
69233
50767
61857
31157
27554
18938
51647
69360
19455
21673
18646
16333
30750
99108
65129
34484
3432
56991
46765
56746
18633
20394
39844
19193
36828
18975
69925
56643
33328
12773
27970
44930
25752
47941
57913
72330
20302
21478
22426
407
97999
89658
22929
21827
56276
68475
24898
51291
16963
35467
22831
21387
23883
21660
23459
27057
57774
30049
56017
36814
64143
58937
63467
18186
60025
51153
70309
36736
49823
24916
17904
51922
43769
17410
27904
68424
23064
91983
48166
20575
69654
47505
50832
51126
51144
49224
51442
69280
51536
60949
52077
35358
59700
53046
51937
38633
31948
53019
54642
36795
52321
52348
52522
24912
31532
52603
63795
6127
52705
49279
48056
18290
48233
26108
48544
48838
62238
61129
26750
48930
63453
54634
79222
70453
70408
63754
49337
49412
56669
49763
40985
49857
49887
73014
4256
56379
50812
45343
58763
8858
56545
61248
55703
55717
67029
55939
30973
56480
74049
56305
74177
63087
55463
56433
56470
62248
58921
56703
56739
56778
48046
56918
2969
57310
46221
57311
53706
52709
73928
52857
35114
52858
73963
32930
52892
53132
68688
53162
65883
53684
30312
62658
24952
53786
54752
68158
54850
99338
58305
54978
91916
73063
55319
70989
38697
86055
23032
57411
39991
57827
41192
40083
40092
40237
40706
69607
40773
40881
77512
39883
34261
40915
40977
41236
42582
42639
97199
62820
42858
60615
42871
73686
61487
23442
37271
70542
51689
37272
71698
37319
65290
37565
37759
57235
37784
30265
45622
43743
37859
63046
38648
54337
55571
38936
47996
39309
39535
99935
17869
41158
39761
47131
89838
46587
67693
59930
43295
46622
54737
78897
43409
46736
46908
87055
17188
46390
72939
47432
50772
47445
70778
47489
47582
74248
47632
72201
47803
47883
48007
57795
44239
44415
16663
42170
91052
44474
44697
40385
44821
45255
17020
52508
45589
69432
45977
72692
71583
46076
47699
46208
53863
41664
50536
86278
46354
59698
25319
63668
64458
64448
64368
95301
80884
64249
67330
64003
73983
64002
63803
63741
63694
64656
63591
63576
63548
63380
85309
63129
62951
62913
62869
62850
62799
66007
62680
69859
86265
67412
77253
67272
67257
67248
81646
71665
67229
67193
67012
66887
66884
62669
66532
66337
66186
66175
66113
72752
66022
73738
65975
85494
65532
64886
64818
63264
60407
64821
60385
60337
76946
60311
68053
60290
60171
60160
60120
60074
59985
60708
59937
59873
59758
59669
59610
73960
60652
59543
59287
59154
68799
58818
58539
61824
62664
62431
62400
62354
62343
68957
62303
62079
72050
69832
62069
61988
96203
67452
61493
63587
61369
61267
61244
61005
61003
61000
60959
60946
60904
60745
60723
76854
80134
79997
98816
87640
78768
77786
85430
77667
77625
77618
77003
82405
76860
80171
76196
75896
75143
75067
74684
76594
74376
74327
74095
73833
73779
73697
73667
91980
98728
98608
98107
97526
97151
96415
96134
95654
95241
93906
92973
92925
98634
73608
91692
90834
90630
89663
89467
89090
88662
87438
85814
85696
84803
84185
88800
68564
70718
70703
70659
70615
70321
70311
70126
73407
70080
70004
69813
69742
68990
71255
68502
68443
68186
67946
67878
78934
67844
74451
67797
67647
67596
67575
67487
72358
80990
73227
73123
73010
73001
72901
72823
73908
72799
72768
72737
72666
72550
64011
72209
72110
74085
71778
72881
71772
72699
71590
71569
71501
71300
84584
71276
38473
12165
65804
72242
27882
68672
37620
38702
50710
19658
16953
23214
41441
36798
53851
31754
73734
38246
30212
67390
26357
75748
31388
25843
60152
9138
22219
23774
2337
51247
23932
32085
74579
69034
54617
40200
23604
16624
64341
15545
97052
28294
96157
56978
84477
18822
22540
98736
72120
64195
33143
35524
36152
9631
52370
32211
94313
59979
57761
33363
61736
58409
1238
9800
21905
20796
8700
990
49347
70051
72178
56607
53695
25833
17634
3217
54734
57629
41943
32703
66445
23194
70747
43022
49991
90612
89503
42168
27136
62465
54493
31204
34003
27349
27132
63433
45663
47827
78972
50532
74773
18214
67072
41675
6368
54517
64340
32684
30955
2823
31256
25735
66632
33828
32978
32610
48126
32235
37104
34190
93129
31583
60376
31542
73642
31500
68207
31144
37396
30923
60716
56280
27321
53289
30074
40353
30991
18007
29990
25662
57756
58466
58348
73865
58339
68307
58326
64769
58115
58083
57979
57974
57952
57946
16465
64381
57727
57638
59377
40524
26933
43704
34683
40093
74040
57405
73828
64954
57445
20588
91700
35141
37359
28091
78699
68718
22140
23724
63843
53862
27149
77407
28162
26565
4297
66226
64008
58463
26302
26265
38708
53343
97289
88781
59947
37722
29414
29753
61769
46243
21051
64006
55134
62314
33480
29625
64058
27461
38281
55593
50785
69028
20232
29104
65512
36678
28995
65593
51176
63063
61954
28684
38604
70304
22400 23617 25231 29427 34033 40693 42648 45319 47732 56263 58641 70980 73374 78692 83136 99224 22534 26436 30137 38905 38958 52600 65199 69530
20395 23221 25490 30376 34782 43753 57038 68941 71734 73783 6820 15273 16663 21753 34607 70089 71813 73067 73813 74255
34386 37280 42041 53686 61238 64105 95863 35828 36115 42904 59891 66191 71277 74060 97591 98726
25042 31011 34397 34684 21652 23850 26665 27859 30590 30644 31157 33523
78750 79503 94693 94977 98037 98095 98304 98906 52011 72112
20942 24213 26204 26838 28287 34917 24232 26857 35490
61582 72161 79590 81711 92618 97043 8520 27101
28897 69950 23385 38093 52537 67198 67632
87019 51261 55763 67348 74094 79232 82469
78909 84054 94013 27779 71685 75763 91185
89996 6274 43395 46440 53509 75717
62513 68238 97508 71754 74306
61709 65367 67534 73201 69612
82455 44764 54165 58520 60882
17280 19305 44498 39287 68915
39219 40524 43866 54526 57977
4587 23742 56597 58732
82201 29563 42987 71401
81072 59083 66872 96963
67155 99176 41926 51566
79176 66443 88571 91302
23604 31566 34959 35276
19566 19835 18181 18929
2080 56085 71304 56623
50028 74289 48610 53062
95629 95791 84783 85437
51151 53425 45001 47278
21657 21756 24799 30865
53342 49450 57035 67988
94966 33313 41004 96317
92865 50278 64970 99664
30271 60322 68227 6159
23699 29242 60089
17435 60537 58231
27953 21878 22587
88138 18372 29042
29268 53720 33022
17998 53972 57260
88699 49252 70060
55916 69402 70327
3560 37367 36812
23411 27244 11619
23055 43707 49537
5503 38226 44575
21589 30988 25450
22285 25501 32075
26715 59236 48223
72081 72976 74201
24646 58838 29999
36711 57030 64491
1982 836 5600
5685 10329 63195
25887 28916 34874
3915 57156 65311
30929 36314 67632
13053 70795 17442
29260 31858 35094
91227 11787 86435
94321 24469 98247
46740 57955 66557
89562 54190 73042
38824 61419 69116
98935 62375 65221
66098 76468 83333
88737 78253 92754
65251 54894 57734
59609 68463 61072
10055 58874 52413
65255 64064 68786
25461 36718 44640
55045 70307 72665
21181 17644 70058
89129 60725 91757
97816 41829 62912
40995 58840 61069
43261 63356 57961
7436 7696 39139
44103 58802 68241
50568 59380 73371
61051 19317
52579 72599
31018 28423
63208 63825
62825 66533
1482 56999
13501 73878
90903 91696
43687 39012
62144 55645
84802 32555
74464 14600
30059 45619
97572 43002
29715 21768
31625 44392
26478 15927
34476 42776
21213 59458
54559 57770
34053 68363
35048 45725
59762 72952
44391 56693
13343 51018
29707 22170
8433 60326
60251 67028
13299 54359
89219 99320
65372 66485
87222 92803
39937 42804
53715 55788
41422 65380
52596 58227
88923 23422
79310 23003
43885 52694
45497 56133
45500 68197
54461 68391
45596 58654
20470 66141
46980 73054
24519 11150
81277 29055
48288 65754
27965 59097
49036 60352
41346 48228
56890 69828
48685 57768
50255 54230
50555 60194
51588 71955
53818 19758
75425 38740
83394 58612
10224 52839
1629 16983
22403 66281
3128 59691
13117 67374
13835 2289
1641 54687
25139 31992
70866 61554
5260 5868
7679 66901
298 65186
98770 59630
15696 18695
17867 38053
36704 39443
27087 67936
9765 9853
42984 63133
22463 36113
23357 67707
36958 53794
4998 63028
50227 73786
54080 56811
22448 29086
37958 41160
8868 68765
38734 39082
75405 30576
78854 43783
72898 56507
89972 90425
96788 76640
97622 38546
90593 96678
72989 68554
97824 24400
94128 58417
78211 96494
70251 55313
78212 89258
82136 90557
37759
51247
37784
54493
31204
37859
78972
37722
30265
76860
45622
23442
71698
82405
77003
77618
63046
38648
77625
56094
36965
27133
37114
56049
83737
75896
76196
37159
76854
51658
48331
37565
37180
37246
90503
69432
37271
70542
51689
37272
77786
37319
65290
41236
40881
98816
79997
77512
38697
34261
40915
80134
40977
34341
80171
40773
82146
42582
42639
60615
42871
61487
43743
88800
84185
44239
44415
39883
77667
55571
85430
38936
92481
39309
39535
99935
17869
41158
39761
54337
86055
78768
23032
87640
57411
57952
39991
40092
40237
40706
69607
12773
80990
58139
18938
72330
25752
57913
27970
56643
14539
18975
36828
33328
73227
26264
20867
69191
73608
65129
16333
30750
61857
50767
73667
44930
19193
17410
38978
27057
23459
58083
21660
72901
24912
20575
48166
73001
23064
68424
20302
73010
17904
49823
70309
18186
63467
47941
73123
18646
51647
64793
31005
22831
21387
22929
76594
30049
56017
64143
23110
47996
74684
60514
75067
74376
54294
41441
75143
82272
36803
38048
53574
72410
36922
44474
54775
73779
22426
89658
27554
73697
69360
19455
21673
34003
27349
60025
36736
51153
62472
34484
3432
20394
39844
73833
27904
91983
74095
23883
21827
74327
56669
57727
73963
32930
52892
72178
59979
33363
57761
53132
68688
53162
97151
64381
97526
65883
53684
53706
62658
24952
53786
70453
52709
98107
54752
68158
52522
52077
35358
59700
53046
51937
69654
31948
53019
54642
36795
52321
52348
54850
31532
52603
63795
6127
52705
64769
58115
73928
52857
35114
52858
2969
56433
56470
94313
56607
62248
58921
56703
99063
56778
48046
56918
56978
45343
57310
46221
57311
69859
66532
57660
41192
40083
57827
57974
57979
56545
99338
58305
54978
91916
73063
55319
98608
70989
55463
58763
8858
98728
96415
61248
55703
55717
67029
55939
30973
56480
74049
56305
74177
63087
43409
59698
25319
46390
89838
89467
46587
67693
59930
43295
46622
54737
78897
46354
46736
89663
46908
87055
17188
47131
72939
47432
50772
47445
70778
47489
88662
84803
19462
44697
40385
44821
45255
85696
17020
52508
87438
45589
57795
47582
89090
45977
72692
71583
46076
47699
46208
53863
41664
50536
86278
96134
92925
49337
49763
40985
49857
93906
49887
73014
4256
56379
95241
95654
63754
50812
38633
47505
50832
51126
51144
49224
51442
69280
51536
60949
48544
74248
90630
47632
47883
90834
48007
30312
48056
18290
48233
26108
91692
42170
48838
62238
61129
26750
48930
63453
91980
98634
54634
79222
49279
80989
48126
32610
32235
37104
34190
93129
32134
32085
74579
54617
40200
67248
32978
31084
31583
60376
31542
73642
31500
31452
66632
31144
37396
30923
60716
71665
58339
68307
58326
36591
51739
36152
67193
68443
35173
67229
26933
43704
56280
34683
40093
74040
57405
57946
73828
81646
64954
33902
68207
33828
67487
29625
64058
27461
38281
77253
67412
55593
29414
72201
86265
67452
97289
33480
67575
28995
65593
51176
63063
61954
28684
97052
28294
38604
67596
29990
65512
36678
69028
20232
29104
27321
53289
30074
40353
30991
18007
49412
73865
25662
16465
29753
61769
46243
67257
67272
21051
64006
55134
62314
65532
62680
62669
62664
64818
64886
62465
62431
62400
62354
62343
68957
62303
66007
62079
85494
72050
69832
62069
61988
96203
61824
65975
66022
61493
63587
63548
64340
95301
80884
64249
67330
64003
73983
64002
63803
63668
63591
63576
61369
64448
63380
64458
62951
62913
62869
62850
64656
97199
62820
62799
67012
60160
66884
60120
60074
59985
63264
59937
59873
66887
59758
59669
59610
60171
73960
60652
59543
59377
59287
59154
68799
58818
58539
64011
58466
60723
61267
61244
61207
72752
66113
61005
61003
61000
60959
60946
60904
60745
67647
60708
60407
66186
64821
60385
60337
76946
60311
68053
60290
66337
71772
45663
47827
49991
50532
32684
71569
30955
2823
31256
71590
72699
25735
71501
72881
67072
71778
41675
6368
54517
61736
58409
74085
8700
990
72110
22219
73734
38246
30212
70703
67390
26357
31388
25843
60152
9138
46765
56746
49347
70718
27136
71255
71276
41943
84584
32703
66445
23194
71300
63433
22357
72799
19377
73908
36106
22798
49848
1584
5124
15972
37043
99565
72823
63129
44538
62742
48325
54817
82488
64744
35910
57009
61604
64368
51922
21905
72209
53695
25833
72358
17634
3217
72550
54734
70747
50785
43022
57629
31754
20796
9800
72666
72737
74773
18214
24898
68475
72768
56276
85309
23932
26302
26265
38708
53343
1238
67878
24916
43769
88781
59947
67946
57756
58463
68186
63202
16624
35524
22540
98736
72120
68502
68564
68990
64195
33143
77407
70304
28162
20588
91700
35141
37359
28091
78699
68718
22140
23724
27149
51291
57445
67797
63843
53862
26565
74451
67844
78934
4297
66226
64008
97999
68672
37620
38702
70080
50710
19658
16953
23214
66668
36725
35616
99108
27882
407
70311
84477
70321
70615
18822
36798
38473
70659
35467
16963
18633
64341
15545
69742
27132
36172
69813
96157
90612
89503
70004
23774
42168
36814
9090
9631
52370
32211
53851
57638
70051
12165
65804
73378
72242
