7683 15250 15506 17239 18007 18633 22400 22534 23617 25139 25231 25319 26436 29427 30137 30991 34033 38660 38905 38958 38978 40693 42648 45319 47732 49763 52600 52603 56263 58641 60152 62658 65199 69360 69530 70980 72939 73374 74736 75333 76308 77381 78692 80625 81152 83136 84477 87418 92925 97289 98107 99224 99663 31992
990 13179 20395 21753 23221 25490 30376 32610 34607 34782 43753 57038 57660 68941 70089 71734 71813 73783 73813 76978 81246 84582 88662 91039 15273 69702 73067 74255 88157
9522 22692 31950 35098 41579 43409 43685 52705 59762 67193 67838 71300 71401 72952 74040 75613 80989 82201 82492 90544 94695 96565 99179 29563 42987 68151 71639
8405 8860 35573 37404 37722 38708 38876 40992 48685 49823 51311 52579 52857 53769 54734 57768 62869 68424 68443 69400 70057 72599 81345 96016
11009 20302 29753 32235 34921 36678 37104 40985 42639 44464 52424 52954 55939 63548 73963 98384 98634 98726 99565
21652 22831 23214 23850 25042 26665 27461 30590 30644 31011 31018 31157 33523 34397 34684 34773 38648 73378
34386 37280 42041 42904 53686 61238 64105 66191 71277 95863 35828 36115 59891 74060
32134 54722 55372 61709 65367 66173 67534 72081 72976 73201 73599 74201 68951 69612
36814 43295 44538 45622 50532 53715 55788 62343 64006 66668 70251 86720 55313
5362 6096 29656 44027 49379 56326 60100 63837 64011 66551 67647 82972 87516
23254 25208 36828 42871 44930 48007 51083 56280 70408 72054 72901 73123 73667
20942 23194 24213 24232 26204 26838 28287 28423 33328 34917 35490 26857
29332 46221 48544 49450 51536 53342 63587 72989 50150 57035 60119 68554
44366 62472 72178 74049 83496 87101 91980 98759 99923 22944 53989
22093 37180 39937 40706 42804 43628 51016 64886 67412 73865 61352
28897 30929 36314 38093 40225 51934 52537 57547 67198 67632 69950
51153 61582 72161 79590 81711 92618 93411 97043 8520 27101
24646 29999 42984 49224 50812 58838 63133 70080 72768 93869
13501 35358 53818 73878 80990 82405 95175 97052 53714 79486
22285 22463 25501 32410 34959 35276 35469 36113 32075
34341 68675 71685 75763 78909 84054 91185 94013 60132
1577 7679 13451 31825 50785 51588 66901 71955
22516 56545 58326 61005 62951 66632 72242
21657 21756 22897 24799 27518 30865 40013
34476 42776 55319 82146 22839 25808 47540
77625 78750 79503 94693 94977 98037 98906
22357 23927 26715 28031 37291 48223 59236
47461 54670 58633 61487 63741 72737
31854 35830 56978 69564 20888 22902
55763 67348 74094 79232 82469 87019
41347 54634 94028 29345 65094 98009
13299 17043 46740 54359 57955 66557
88138 18372 29042 38624 70052 73656
74684 78253 88737 92754 32845 78381
59609 61072 68463 69432 71494 68026
88332 88513 91983 97999 98728 99593
55916 59901 69402 70327 91245 99063
46587 51922 53851 83767 96788
95714 40321 43557 47483 60391
45255 80884 85243 89090 96203
62513 68238 71754 74306 97508
31452 79176 88571 91302 66443
78159 37519 56708 70749 98893
23055 31647 43707 49537 56276
38824 46150 61419 69116 71559
75479 77149 82136 82524 90557
82455 83520 44764 58520 60882
47278 51151 53425 45001 48064
10055 52413 58874 70778
94966 33313 41004 96317
92865 50278 64970 99664
25276 26357 29414 30164
81072 59083 66872 96963
97622 38546 49990 63895
84783 85437 95629 95791
89996 43395 46440 75717
18181 19566 19835 18929
39219 40524 43249 57977
25461 56016 36718 44640
50028 74289 48610 53062
26690 30271 60322 68227
45709 56101 73089 73908
91227 11787 31143 86435
9379 19305 49412 39738
51176 58305 86278 93217
74367 92973 6905 7750
33902 74464 39861 66024
50536 70324 97125 98807
2080 56085 71304 56623
17280 44498 39287 68915
69910 77066 87222 92803
45933 52596 58227 55750
14083 43885 52694 64249
89562 54190 73042
20473 54461 68391
17435 58231 60537
9090 68802 60038
3915 57156 65311
62354 67155 99176
29268 53720 33022
923 47827 64458
98831 4986 66246
16331 69742 70984
25887 28916 34874
54894 65251 57734
36704 39443 37158
39162 64008 64368
56483 60835 64755
36089 41943 47131
44103 58802 68241
22403 42715 66281
6159 21181 70058
29260 31858 35094
29983 58921 62465
22207 64111 70615
7436 7696 39139
21589 25450 30988
65144 66370 71276
88699 49252 70060
62850 83043 86938
24197 32327 58309
55045 70307 72665
24428 69684 73686
57058 60745 63453
23411 27244 11619
35342 54080 60723
17998 53972 57260
37958 41160 47318
78212 89258 93040
36711 57030 64491
87438 88779 98816
1629 16983 61940
72881 83935 97526
13053 70795 17442
52370 67878 97253
98935 62375 65221
27068 36725 37759
43261 57961 69233
58339 67072 99320
23016 28226 56017
22826 66113 72550
35903 45343 46390
42981 64002 73779
22448 29086 35825
9765 9853 67946
72112 98095 98304
5503 38226 44575
42431 62431 70989
40995 58840 61069
84909 99935 28621
94321 24469 98247
37785 48963 69859
46831 73000
65255 68786
3128 59691
40470 56669
12340 55094
89972 90425
35048 45725
46980 73054
28606 40093
24194 40200
65372 66485
34053 68363
9056 40915
1982 5600
85929 98770
48535 69872
83403 84185
47854 48190
5685 10329
32106 42582
70866 61554
53019 73828
33759 35637
49036 60352
88907 55412
17020 57761
29715 21768
36359 47505
72972 91114
78211 96494
36351 62034
54540 61000
5260 5868
44391 56693
81242 54666
20470 66141
32703 92444
32833 23401
38734 39082
21821 68170
39046 69958
26316 27882
35552 60213
48288 65754
26550 35616
76366 95301
34196 43704
36958 53794
27087 67936
27005 29182
59985 97591
62144 55645
43687 39012
44095 61207
43866 54526
85142 45581
43001 71583
27953 22587
30074 33078
61369 98771
43820 73960
39052 53142
43783 67012
61051 19317
32600 577
14258 43537
20392 34190
43448 66887
60251 67028
23701 42509
41441 56739
27965 59097
41422 65380
1482 56999
13835 2289
55117 70641
2058 46595
14539 18911
15755 57795
41346 48228
63208 63825
89129 91757
45596 58654
45500 68197
31416 32085
39195 44415
45497 56133
62825 66533
22798 27859
36152 41544
26073 37043
29548 64301
77321 77959
8433 60326
42249 73928
72898 56507
40083 82272
90593 96678
53788 50925
4998 63028
81680 97199
82535 53085
1641 54687
4587 58732
3560 36812
84309 58600
84364 86055
23699 29242
10224 52839
30059 45619
81277 29055
86584 51062
42308 67029
85494 89041
13343 51018
22568 72120
17867 38053
298 65186
64003 94128
77790 89503
23742 56597
35910 72209
38266 69351
11150 57158
75405 30576
99673 97177
76468 83333
56273 62085
11854 69619
48587 62664
24924 24952
21111 31256
3767 6127
35861 32928
8868 68765
87243 93906
50255 54230
50227 73786
26478 15927
524 5835
23357 67707
43112 57096
56890 69828
79310 23003
54559 57770
79424 29055
13117 67374
567 68775
15696 18695
58432 70321
56503 58809
69114 72164
50568 73371
52918 57756
98608 99376
6274 43395
31625 44392
90903 91696
50555 60194
40026 54625
88923 23422
69804 72546
50860 57445
21213 59458
47973 70309
2725 57952
69189 70332
97824 24400
78699
20394
43683
41192
38740
329
41158
36736
17869
74095
23110
59841
57827
38720
38473
44150
8730
38631
73983
48056
49152
51937
62474
23604
19554
55134
39116
793
80931
53046
59700
28318
38604
7287
39717
51647
64557
62820
32179
37367
39007
68839
42912
86265
26933
22219
5632
53132
55489
40987
22339
44797
53862
23385
41434
10580
49244
43578
2331
86721
18374
31500
71569
20725
60290
22384
50668
60074
63733
35449
64868
50558
33996
57629
85850
23547
27132
19402
35091
36068
23084
57308
74451
30312
65667
55348
36492
47582
92481
38452
54296
28091
36227
50710
57405
47803
38795
23488
22426
37473
20701
59727
407
17634
46208
19658
3217
56811
22507
43286
72666
25525
20766
18186
48776
21051
58763
56703
66131
73202
63668
73063
34954
80134
33828
20575
45589
63380
28025
17644
30973
27360
44281
56480
64350
20957
28995
42170
33143
32859
50396
67727
83394
40773
73771
20587
20811
53550
6820
19568
73642
20268
60337
57127
61988
47699
19275
16953
61736
52907
41122
19637
43739
10134
57274
16465
40394
15930
18214
49347
17186
18287
33363
61248
58491
18822
68718
64058
21632
62475
57974
52429
61857
21827
51291
88456
20282
21905
61974
3604
65620
30265
45289
21677
16963
46900
71440
59302
19455
71309
21673
46568
80375
73150
26164
57216
92006
18667
56379
1896
49848
61171
23459
22170
51902
21959
58908
4256
48930
1584
59568
40121
21268
63694
54358
37859
92070
57411
21387
23032
39290
41808
6453
35233
28162
58618
20588
22929
14600
4440
4792
22536
76946
25092
54150
58417
54294
39428
43743
21084
41386
22672
67248
55463
20886
52477
59958
43459
78814
53304
53289
53231
52952
52868
52759
52709
52522
52508
53343
28907
54575
35719
31005
52357
50000
31144
52348
49991
52011
52006
54363
58442
19344
54517
54443
54372
54165
65950
68307
58500
53786
54064
37565
53728
52004
54815
50101
68957
53706
27779
53622
53503
62931
53452
57779
41280
88420
70051
26372
49890
59868
49887
49857
66486
49295
49279
49140
60925
75067
48838
49942
56470
48707
36922
48705
48697
48665
48659
48645
48530
53870
60941
48325
8700
40219
56718
51739
51566
51477
51297
39512
60725
51252
51186
51144
51126
54699
50827
50767
50761
27191
64908
59234
71019
50128
54842
50119
50006
72226
53695
59380
58271
74770
58223
53509
60580
58130
58115
39259
67543
58084
58409
58083
57979
67407
57946
57727
57580
59937
71722
57564
78777
57235
69020
59154
59873
59698
59669
59614
17188
59610
42216
18646
59462
59377
59287
23932
73734
58993
58818
58703
96415
58629
65700
58539
58489
58466
58422
96134
54978
46354
58139
55668
55593
55342
55242
55235
57592
59630
55194
33981
55059
55782
40836
54850
54817
19462
54801
40659
56964
54746
40604
59175
54739
54737
56339
58290
57181
57135
57009
73508
56911
61604
56814
56778
56605
70747
56531
38897
63410
56305
56288
56262
79832
59443
56116
70258
55917
29990
74773
34391
63129
41829
41757
15830
41680
41675
53863
41664
41645
20432
41403
67330
41916
56991
49337
41294
41283
51261
63046
41236
29451
41036
40977
40899
19758
9631
71286
46076
42858
42734
47115
42679
42640
68567
58155
54828
92540
42629
40881
54414
42493
46863
42427
75425
94281
42324
42257
42168
98736
41926
39507
25752
39886
39883
65810
39779
9138
56396
63467
39761
39603
37246
39535
39894
39461
39309
54752
73608
39226
47996
59174
39212
58832
47742
72699
54642
21478
58348
57778
41143
40468
44821
40385
23886
51443
53800
40353
12069
40334
43002
40203
40092
40073
37716
73071
40004
65931
39975
25833
57638
76494
37159
47199
47003
56419
65847
46908
46819
46778
56746
46765
63264
72692
46736
47202
47619
92402
46510
60652
46337
46266
46243
60385
62742
69813
46186
15545
47748
69538
48298
48166
56918
48046
47941
47883
57311
47786
59947
67018
49966
46136
54286
56643
47632
47552
50816
47489
6368
51713
79997
47277
47217
74083
4297
56438
30511
44239
23026
59543
53998
70497
47344
23774
63843
38605
20796
43772
24916
93269
43638
44697
43588
36517
31532
43392
62248
43179
43022
71590
24923
46121
57310
43168
64381
51442
45897
45895
45845
71772
45663
24450
87640
45434
75896
45230
21660
45141
44931
19004
44853
44474
44383
42009
65975
65129
65283
69997
65305
65332
65336
67693
65512
65532
67889
65853
65883
65076
65984
66022
66135
66175
99173
66180
66186
66201
66226
66240
66330
66409
64346
63433
63463
63654
63731
89658
63743
63754
63980
66337
64143
64195
64339
66496
64448
64585
64594
71665
64656
64744
64818
97816
64821
64860
64954
68078
67462
67487
72201
67575
77003
67590
67596
67703
67844
67907
68023
68053
67452
68158
68172
68186
68207
68219
68254
89467
68264
68325
68413
68475
68502
67120
66532
73603
66544
97185
66570
66741
66859
66884
66896
88109
66926
66959
63356
74191
67229
74300
67250
69607
93177
67272
67296
67347
83846
67451
60180
38120
40509
38291
38315
59979
67056
60024
60025
60089
69517
60120
60160
37987
60281
60311
60376
60407
60453
60514
60586
60598
60904
60942
60946
60949
38428
56433
72932
36026
73738
36106
62079
39844
36691
36965
37271
37272
60842
60959
37319
25256
37455
70453
44127
45457
37694
37784
1238
37835
36878
62891
62350
71778
62400
62459
62468
62483
62621
62669
62680
90964
62799
62828
62348
62908
62912
62913
62933
65290
70004
63040
63063
63195
63202
63266
61824
61003
91692
61118
61227
61244
61267
61493
68564
61495
61570
61572
61769
68529
61954
62069
90353
62131
71572
62238
62243
95241
62264
62303
62314
78854
76594
76640
76854
76860
77253
77407
77512
77543
77667
77786
78677
78768
76493
78897
79222
79948
80171
94313
80738
81114
81394
81946
83185
83737
84135
74327
85309
73622
73697
73833
73874
74085
74114
74177
74218
78932
74248
74250
84803
74341
74376
74579
74631
75054
75143
75380
75620
75631
75748
76196
95781
90479
90612
90630
90834
90843
91111
91700
91803
93174
93235
94713
95654
90448
96157
96796
96960
97151
97572
97581
97689
98677
99105
99108
99541
99567
87001
84880
84893
85080
85208
99350
85430
85583
85673
85696
86181
86551
86623
73524
87011
87055
87710
87978
88311
88312
88396
89206
89663
89838
90200
70145
69328
69635
69654
69832
69861
81646
69925
88781
69949
70078
86577
70126
69318
70232
70268
70304
70311
70477
70507
70511
70659
70703
82488
91916
70718
99440
68542
68552
68575
68629
68656
68672
96956
68688
68708
68788
68799
97083
87217
68823
68848
99489
68954
68990
69008
69028
69034
69191
69205
69262
77618
72358
72410
72464
72640
72643
72652
72752
72799
84584
72823
72866
72904
72330
73001
73010
73014
75371
73227
73252
73309
73327
73407
73451
73454
71493
70846
70882
70901
70927
70978
87477
71064
71195
71207
71234
71240
75954
35741
71501
71539
71672
85814
71755
71838
71856
71989
72050
72110
72142
63803
38155
12074
26216
91762
57455
54128
31948
10877
36304
24519
9012
16663
31084
56049
52722
46068
23064
17410
11499
23284
15929
8858
32428
67783
54775
51658
73128
36803
34446
69801
53684
15972
66445
45977
9380
63591
98946
56094
12165
48331
78972
26151
23442
48233
18290
60716
43769
18262
11608
63462
54617
46622
70192
96119
1153
78934
36641
56994
23724
80292
59980
23883
28752
34003
59331
41309
58701
24317
31388
32565
24487
24271
64340
55571
38936
24717
16624
56948
12773
71698
9800
14411
36591
20941
18975
64793
2823
30955
54475
66057
3461
26750
22140
69280
54707
16346
61129
63486
5059
947
59930
49927
29707
69911
47723
35524
9081
89219
56607
66035
37754
18090
88800
2969
22540
32183
38702
37593
98875
21878
30750
35464
16333
37546
57575
46485
29986
52643
836
30591
84802
46316
36888
18591
25662
59758
64064
48328
1197
11758
29850
18487
1228
2337
32978
18751
70032
256
87465
44720
61219
63576
18611
69977
19377
37359
35141
18557
47850
58937
17904
8128
50772
47445
45227
58192
18938
92005
51247
67746
34173
49640
59068
15261
40237
10294
40130
56255
46972
70542
32555
5236
57090
71232
54493
30923
31204
9046
20867
59210
37701
58612
27421
12506
54337
20657
67797
91367
27149
14015
52858
35114
56826
73477
38394
65593
43691
63795
68509
46531
43204
23242
32114
22198
38697
5124
37970
55717
31393
97389
32502
32584
34848
51689
65831
52892
32930
58516
99338
29212
25366
37388
29625
38281
53004
69503
35260
34429
30049
30212
30985
33009
31340
38042
36798
31542
29365
31583
85794
46171
31754
38246
59465
34484
34294
55457
60171
53253
60324
34400
54391
32211
60495
39991
30010
3432
66332
91052
34781
60708
35322
42490
36945
47432
56538
94250
35467
55703
34632
66767
61293
66007
21865
64291
35173
55213
33033
33101
52077
33224
33396
33480
29104
53162
57270
64341
34023
62128
30934
71003
34261
69616
53574
38048
37620
27075
26108
55889
65317
48126
57317
26265
58463
97006
26302
2732
40947
26969
44116
60615
26565
30893
44796
31902
67257
27321
67390
58121
27057
64769
31303
19193
26264
9212
24738
21168
88687
24898
25342
47532
25352
45720
90503
52321
90228
36172
63087
67801
2446
25735
65804
57913
69698
27970
32684
34683
31566
27809
60807
27904
43491
50832
38633
69274
66098
28253
28294
28029
24912
28684
24115
71255
92468
54031
22979
37396
29060
39988
2554
20232
57774
36795
81578
27131
64843
27136
27349
31677
52640
36141
37114
38223
27133
34106
93129
36005
37628
25843
27398
72181
54170
27554
99807
37833
42196
7683 15250 15506 17239 18007 18633 22400 22534 23617 25139 25231 25319 26436 29427 30137 30991 34033 38660 38905 38958 38978 40693 42648 45319 47732 49763 52600 52603 56263 58641 60152 62658 65199 69360 69530 70980 72939 73374 74736 75333 76308 77381 78692 80625 81152 83136 84477 87418 92925 97289 98107 99224 99663 31992
990 13179 20395 21753 23221 25490 30376 32610 34607 34782 43753 57038 57660 68941 70089 71734 71813 73783 73813 76978 81246 84582 88662 91039 15273 69702 73067 74255 88157
9522 22692 31950 35098 41579 43409 43685 52705 59762 67193 67838 71300 71401 72952 74040 75613 80989 82201 82492 90544 94695 96565 99179 29563 42987 68151 71639
8405 8860 35573 37404 37722 38708 38876 40992 48685 49823 51311 52579 52857 53769 54734 57768 62869 68424 68443 69400 70057 72599 81345 96016
11009 20302 29753 32235 34921 36678 37104 40985 42639 44464 52424 52954 55939 63548 73963 98384 98634 98726 99565
21652 22831 23214 23850 25042 26665 27461 30590 30644 31011 31018 31157 33523 34397 34684 34773 38648 73378
32134 54722 55372 61709 65367 66173 67534 72081 72976 73201 73599 74201 68951 69612
34386 37280 42041 42904 53686 61238 64105 66191 71277 95863 35828 36115 59891 74060
36814 43295 44538 45622 50532 53715 55788 62343 64006 66668 70251 86720 55313
23254 25208 36828 42871 44930 48007 51083 56280 70408 72054 72901 73123 73667
5362 6096 29656 44027 49379 56326 60100 63837 64011 66551 67647 82972 87516
29332 46221 48544 49450 51536 53342 63587 72989 50150 57035 60119 68554
20942 23194 24213 24232 26204 26838 28287 28423 33328 34917 35490 26857
44366 62472 72178 74049 83496 87101 91980 98759 99923 22944 53989
22093 37180 39937 40706 42804 43628 51016 64886 67412 73865 61352
28897 30929 36314 38093 40225 51934 52537 57547 67198 67632 69950
24646 29999 42984 49224 50812 58838 63133 70080 72768 93869
51153 61582 72161 79590 81711 92618 93411 97043 8520 27101
13501 35358 53818 73878 80990 82405 95175 97052 53714 79486
22285 22463 25501 32410 34959 35276 35469 36113 32075
34341 68675 71685 75763 78909 84054 91185 94013 60132
1577 7679 13451 31825 50785 51588 66901 71955
34476 42776 55319 82146 22839 25808 47540
22516 56545 58326 61005 62951 66632 72242
21657 21756 22897 24799 27518 30865 40013
77625 78750 79503 94693 94977 98037 98906
22357 23927 26715 28031 37291 48223 59236
74684 78253 88737 92754 32845 78381
47461 54670 58633 61487 63741 72737
88138 18372 29042 38624 70052 73656
55763 67348 74094 79232 82469 87019
13299 17043 46740 54359 57955 66557
55916 59901 69402 70327 91245 99063
41347 54634 94028 29345 65094 98009
88332 88513 91983 97999 98728 99593
31854 35830 56978 69564 20888 22902
59609 61072 68463 69432 71494 68026
75479 77149 82136 82524 90557
38824 46150 61419 69116 71559
47278 51151 53425 45001 48064
78159 37519 56708 70749 98893
31452 79176 88571 91302 66443
46587 51922 53851 83767 96788
82455 83520 44764 58520 60882
62513 68238 71754 74306 97508
45255 80884 85243 89090 96203
95714 40321 43557 47483 60391
23055 31647 43707 49537 56276
84783 85437 95629 95791
81072 59083 66872 96963
89996 43395 46440 75717
74367 92973 6905 7750
45933 52596 58227 55750
25276 26357 29414 30164
26690 30271 60322 68227
17280 44498 39287 68915
91227 11787 31143 86435
9379 19305 49412 39738
50028 74289 48610 53062
25461 56016 36718 44640
18181 19566 19835 18929
14083 43885 52694 64249
2080 56085 71304 56623
45709 56101 73089 73908
50536 70324 97125 98807
51176 58305 86278 93217
92865 50278 64970 99664
33902 74464 39861 66024
69910 77066 87222 92803
10055 52413 58874 70778
39219 40524 43249 57977
94966 33313 41004 96317
97622 38546 49990 63895
37785 48963 69859
62354 67155 99176
78212 89258 93040
25887 28916 34874
54894 65251 57734
17435 58231 60537
24197 32327 58309
88699 49252 70060
65144 66370 71276
36711 57030 64491
9090 68802 60038
39162 64008 64368
72881 83935 97526
35342 54080 60723
22207 64111 70615
36089 41943 47131
29268 53720 33022
98935 62375 65221
55045 70307 72665
23411 27244 11619
44103 58802 68241
9765 9853 67946
62850 83043 86938
6159 21181 70058
21589 25450 30988
29260 31858 35094
98831 4986 66246
20473 54461 68391
5503 38226 44575
52370 67878 97253
3915 57156 65311
24428 69684 73686
36704 39443 37158
7436 7696 39139
16331 69742 70984
89562 54190 73042
35903 45343 46390
29983 58921 62465
42431 62431 70989
923 47827 64458
58339 67072 99320
22403 42715 66281
13053 70795 17442
22448 29086 35825
72112 98095 98304
27068 36725 37759
40995 58840 61069
56483 60835 64755
84909 99935 28621
87438 88779 98816
43261 57961 69233
37958 41160 47318
94321 24469 98247
23016 28226 56017
42981 64002 73779
17998 53972 57260
1629 16983 61940
22826 66113 72550
43783 67012
14539 18911
44391 56693
2058 46595
81242 54666
20470 66141
13835 2289
55117 70641
5260 5868
57058 63453
31416 32085
65255 68786
46831 73000
46980 73054
65372 66485
34053 68363
78211 96494
48535 69872
24194 40200
1982 5600
85929 98770
38734 39082
17020 57761
26316 27882
41422 65380
36359 47505
88907 55412
35048 45725
49036 60352
54540 61000
21821 68170
41441 56739
12340 55094
9056 40915
28606 40093
40470 56669
27965 59097
15755 57795
41346 48228
45596 58654
3128 59691
22798 27859
36152 41544
77321 77959
26073 37043
8433 60326
40083 82272
42249 73928
33759 35637
39052 53142
1482 56999
39046 69958
39195 44415
32106 42582
70866 61554
5685 10329
53019 73828
72898 56507
36351 62034
29715 21768
72972 91114
32703 92444
32833 23401
89972 90425
35552 60213
36958 53794
61369 98771
30074 33078
48288 65754
85142 45581
43866 54526
44095 61207
62144 55645
27087 67936
43820 73960
76366 95301
27953 22587
29548 64301
62825 66533
45497 56133
45500 68197
89129 91757
63208 63825
47854 48190
32600 577
61051 19317
43448 66887
23701 42509
83403 84185
14258 43537
60251 67028
43001 71583
20392 34190
43687 39012
59985 97591
27005 29182
34196 43704
26550 35616
64003 94128
85494 89041
13343 51018
56890 69828
26478 15927
298 65186
43112 57096
50227 73786
23357 67707
17867 38053
22568 72120
54559 57770
524 5835
77790 89503
38266 69351
11150 57158
87243 93906
35910 72209
69804 72546
47973 70309
97824 24400
88923 23422
10224 52839
4998 63028
81680 97199
3560 36812
4587 58732
84364 86055
82535 53085
53788 50925
1641 54687
23699 29242
84309 58600
23742 56597
81277 29055
30059 45619
90593 96678
567 68775
79424 29055
13117 67374
42308 67029
86584 51062
79310 23003
48587 62664
40026 54625
98608 99376
31625 44392
15696 18695
2725 57952
90903 91696
6274 43395
50860 57445
21213 59458
3767 6127
24924 24952
11854 69619
56273 62085
52918 57756
76468 83333
50568 73371
99673 97177
50555 60194
75405 30576
50255 54230
69114 72164
21111 31256
56503 58809
58432 70321
8868 68765
35861 32928
793
5632
40987
38795
65667
54296
55348
39717
80931
22219
59700
36492
62474
55134
51937
26933
19554
47582
836
42912
68839
17869
41192
41158
48056
57827
78699
49152
44797
86265
22339
38604
64557
329
59841
55489
73983
37367
30312
23110
53132
8730
53046
31500
74451
38452
57308
23488
36227
20701
23385
49244
36736
46208
18374
71569
27132
23084
36068
53862
38740
34106
23604
28318
7287
51647
62820
39007
32179
35091
74095
20394
43683
38720
38631
44150
38473
17634
60074
22507
56811
41434
43286
3217
19658
59727
60290
37473
22426
50710
407
47803
57405
28091
50668
23547
19402
57629
50558
85850
35449
33996
63733
92481
64868
22384
20725
86721
2331
43578
10580
73063
20766
63668
48776
21051
58763
56703
66131
73202
18186
25525
80134
72666
34954
33828
45589
20575
33143
40394
28995
58491
20957
30973
44281
56480
42170
64350
32859
63380
50396
83394
17644
40773
73771
20811
67727
20587
16953
19275
6820
20268
60337
57127
19568
47699
53550
21632
61736
52907
41122
19637
43739
61988
57274
10134
68718
18214
49347
17186
28025
33363
15930
18287
61248
27360
16465
18822
62475
64058
57974
52429
61857
73642
21677
4256
45289
51291
61974
21827
88456
3604
65620
21905
16963
59302
30265
46900
19455
71309
71440
21673
22170
73150
80375
92006
26164
18667
56379
1896
46568
49848
51902
57216
61171
21959
58908
23459
48930
20282
59568
21268
63694
54358
37859
92070
57411
20886
23032
40121
1584
58618
39290
41808
6453
35233
28162
20588
39428
58417
14600
4440
4792
22536
76946
25092
22929
54294
43743
54150
41386
22672
21084
67248
55463
21387
52477
59958
43459
78814
53304
53289
53231
52952
52868
52759
52709
52522
52508
53343
28907
54575
35719
31005
52357
50000
31144
52348
49991
52011
52006
54363
58442
19344
54517
54443
54372
54165
65950
68307
58500
53786
54064
37565
53728
52004
54815
50101
68957
53706
27779
53622
53503
62931
53452
57779
41280
88420
70051
26372
49890
59868
49887
49857
66486
49295
49279
49140
60925
75067
48838
49942
56470
48707
36922
48705
48697
48665
48659
48645
48530
53870
60941
48325
8700
40219
56718
51739
51566
51477
51297
39512
60725
51252
51186
51144
51126
54699
50827
50767
50761
27191
64908
59234
71019
50128
54842
50119
50006
72226
53695
59380
58271
74770
58223
53509
60580
58130
58115
39259
67543
58084
58409
58083
57979
67407
57946
57727
57580
59937
71722
57564
78777
57235
69020
59154
59873
59698
59669
59614
17188
59610
42216
18646
59462
59377
59287
23932
73734
58993
58818
58703
96415
58629
65700
58539
58489
58466
58422
96134
54978
46354
58139
55668
55593
55342
55242
55235
57592
59630
55194
33981
55059
55782
40836
54850
54817
19462
54801
40659
56964
54746
40604
59175
54739
54737
56339
58290
57181
57135
57009
73508
56911
61604
56814
56778
56605
70747
56531
38897
63410
56305
56288
56262
79832
59443
56116
70258
55917
29990
74773
56991
41829
41757
15830
41680
41675
53863
41664
41645
20432
41403
67330
34391
63129
49337
41294
41283
51261
63046
41236
29451
41036
40977
40899
20867
40881
9631
71286
46076
42858
42734
47115
42679
42640
68567
58155
54828
92540
42629
58348
54414
42493
46863
42427
75425
94281
42324
42257
42168
98736
41926
41916
39461
39886
39883
65810
39779
9138
56396
63467
39761
39603
37246
39535
39507
25752
39309
54752
73608
39226
47996
59174
39212
58832
47742
72699
54642
87640
40203
57778
41143
40468
44821
40385
23886
51443
53800
40353
12069
40334
21478
43002
40092
40073
37716
73071
40004
65931
39975
25833
57638
76494
39894
37159
47199
47003
56419
65847
46908
46819
46778
56746
46765
63264
72692
46736
47202
47619
92402
46510
60652
46337
46266
46243
60385
62742
69813
46186
15545
47748
69538
48298
48166
56918
48046
47941
47883
57311
47786
59947
67018
49966
46136
54286
56643
47632
47552
50816
47489
6368
51713
79997
47277
47217
74083
4297
56438
30511
44239
23026
59543
53998
70497
47344
23774
63843
38605
20796
43772
24916
93269
43638
44697
43588
36517
31532
43392
62248
43179
43022
71590
24923
46121
57310
43168
64381
51442
45897
45895
45845
71772
45663
24450
39116
45434
75896
45230
21660
45141
44931
19004
44853
44474
44383
42009
65975
65129
65283
69997
65305
65332
65336
67693
65512
65532
67889
65853
65883
65076
65984
66022
66135
66175
99173
66180
66186
66201
66226
66240
66330
66409
64346
63433
63463
63654
63731
89658
63743
63754
63980
66337
64143
64195
64339
66496
64448
64585
64594
71665
64656
64744
64818
97816
64821
64860
64954
68078
67462
67487
72201
67575
77003
67590
67596
67703
67844
67907
68023
68053
67452
68158
68172
68186
68207
68219
68254
89467
68264
68325
68413
68475
68502
67120
66532
73603
66544
97185
66570
66741
66859
66884
66896
88109
66926
66959
63356
74191
67229
74300
67250
69607
93177
67272
67296
67347
83846
67451
60281
40509
38291
38315
59979
67056
60024
60025
60089
69517
60120
60160
60180
38120
60311
60376
60407
60453
60514
60586
60598
60745
60904
70332
60942
60946
37319
72932
36026
73738
36106
62079
39844
36691
36965
37271
37272
60842
38428
60949
25256
37455
70453
44127
45457
37694
37784
1238
37835
36878
37987
62828
62348
62350
71778
62400
62459
62468
62483
62621
62669
62680
90964
62799
62314
62891
62908
62912
62913
62933
65290
70004
63040
63063
63195
63202
63266
61769
60959
61003
91692
61118
61227
61244
61267
61493
68564
61495
61570
61572
68529
61824
61954
62069
90353
62131
71572
62238
62243
95241
62264
62303
78854
76594
76640
76854
76860
77253
77407
77512
77543
77667
77786
78677
78768
76493
78897
79222
79948
80171
94313
80738
81114
81394
81946
83185
83737
84135
74327
85309
73622
73697
73833
73874
74085
74114
74177
74218
78932
74248
74250
84803
74341
74376
74579
74631
75054
75143
75380
75620
75631
75748
76196
95781
90479
90612
90630
90834
90843
91111
91700
91803
93174
93235
94713
95654
90448
96157
96796
96960
97151
97572
97581
97689
98677
99105
99108
99541
99567
87001
84880
84893
85080
85208
99350
85430
85583
85673
85696
86181
86551
86623
73524
87011
87055
87710
87978
88311
88312
88396
89206
89663
89838
90200
70145
69328
69635
69654
69832
69861
81646
69925
88781
69949
70078
86577
70126
69318
70232
70268
70304
70311
70477
70507
70511
70659
70703
82488
91916
70718
99440
68542
68552
68575
68629
68656
68672
96956
68688
68708
68788
68799
97083
87217
68823
68848
99489
68954
68990
69008
69028
69034
69191
69205
69262
77618
72358
72410
72464
72640
72643
72652
72752
72799
84584
72823
72866
72904
72330
73001
73010
73014
75371
73227
73252
73309
73327
73407
73451
73454
71493
70846
70882
70901
70927
70978
87477
71064
71195
71207
71234
71240
75954
56433
71501
71539
71672
85814
71755
71838
71856
71989
72050
72110
72142
56049
12074
26216
91762
57455
54128
31948
10877
36304
24519
9012
16663
63803
38155
52722
46068
23064
17410
11499
23284
15929
8858
32428
67783
54775
12165
48331
36803
34446
69801
53684
15972
66445
45977
9380
63591
98946
56094
51658
56948
78972
26151
23442
48233
18290
60716
43769
18262
11608
63462
31084
59331
70192
96119
1153
78934
36641
56994
23724
80292
59980
23883
28752
54617
46622
41309
58701
24317
31388
32565
24487
24271
64340
55571
38936
24717
37701
3461
12773
71698
9800
14411
36591
20941
18975
64793
2823
30955
54475
16624
73128
26750
22140
69280
54707
16346
61129
63486
5059
947
59930
34003
32183
69911
47723
35524
9081
89219
56607
66035
37754
18090
88800
2969
49927
29707
38702
37593
98875
21878
30750
35464
16333
37546
57575
46485
29986
29850
18487
30591
84802
46316
36888
18591
25662
59758
64064
48328
1197
11758
52643
46972
1228
2337
32978
18751
70032
256
87465
44720
61219
63576
22540
18938
19377
37359
35141
18557
47850
58937
17904
8128
50772
47445
45227
18611
69977
92005
51247
67746
34173
49640
59068
15261
40237
10294
40130
66057
58612
70542
32555
5236
57090
71232
54493
30923
31204
9046
19758
59210
56255
19193
27421
12506
54337
20657
67797
91367
27149
14015
52858
35114
58192
37970
38394
65593
43691
63795
68509
46531
43204
23242
32114
22198
38697
56826
73477
55717
31393
97389
32502
32584
34848
51689
65831
52892
32930
58516
33009
31340
25366
37388
29625
38281
53004
69503
35260
34429
30049
30212
30985
99338
61293
38042
36798
31542
29365
31583
85794
46171
31754
38246
59465
5124
91052
55457
60171
53253
60324
34400
54391
32211
60495
39991
30010
3432
34484
34294
34781
60708
35322
42490
36945
47432
56538
94250
35467
55703
34632
35741
53162
66007
21865
64291
35173
55213
33033
33101
52077
33224
33396
33480
66767
29212
57270
64341
34023
62128
30934
71003
34261
69616
53574
38048
66332
44116
26108
55889
65317
48126
57317
26265
58463
97006
26302
2732
40947
37620
27075
60615
26565
30893
44796
31902
67257
27321
67390
58121
27057
64769
52321
90228
26264
9212
24738
21168
88687
24898
25342
47532
25352
45720
90503
31303
36795
36172
63087
67801
2446
25735
65804
57913
69698
27970
32684
26969
28684
27809
60807
27904
43491
50832
38633
69274
66098
28253
28294
28029
34683
31566
24115
71255
92468
54031
22979
37396
29060
39988
2554
20232
29104
93129
81578
27131
64843
27136
27349
31677
52640
36141
37114
38223
27133
57774
69189
36005
37628
25843
27398
72181
54170
27554
99807
37833
42196
24912
7683 15250 15506 17239 18007 18633 22400 22534 23617 25139 25231 25319 26436 29427 30137 30991 34033 38660 38905 38958 38978 40693 42648 45319 47732 49763 52600 52603 56263 58641 60152 62658 65199 69360 69530 70980 72939 73374 74736 75333 76308 77381 78692 80625 81152 83136 84477 87418 92925 97289 98107 99224 99663 31992
990 13179 20395 21753 23221 25490 30376 32610 34607 34782 43753 57038 57660 68941 70089 71734 71813 73783 73813 76978 81246 84582 88662 91039 15273 69702 73067 74255 88157
9522 22692 31950 35098 41579 43409 43685 52705 59762 67193 67838 71300 71401 72952 74040 75613 80989 82201 82492 90544 94695 96565 99179 29563 42987 68151 71639
8405 8860 35573 37404 37722 38708 38876 40992 48685 49823 51311 52579 52857 53769 54734 57768 62869 68424 68443 69400 70057 72599 81345 96016
11009 20302 29753 32235 34921 36678 37104 40985 42639 44464 52424 52954 55939 63548 73963 98384 98634 98726 99565
21652 22831 23214 23850 25042 26665 27461 30590 30644 31011 31018 31157 33523 34397 34684 34773 38648 73378
34386 37280 42041 42904 53686 61238 64105 66191 71277 95863 35828 36115 59891 74060
32134 54722 55372 61709 65367 66173 67534 72081 72976 73201 73599 74201 68951 69612
5362 6096 29656 44027 49379 56326 60100 63837 64011 66551 67647 82972 87516
36814 43295 44538 45622 50532 53715 55788 62343 64006 66668 70251 86720 55313
23254 25208 36828 42871 44930 48007 51083 56280 70408 72054 72901 73123 73667
20942 23194 24213 24232 26204 26838 28287 28423 33328 34917 35490 26857
22093 37180 39937 40706 42804 43628 51016 64886 67412 73865 61352
44366 62472 72178 74049 83496 87101 91980 98759 99923 22944 53989
28897 30929 36314 38093 40225 51934 52537 57547 67198 67632 69950
29332 46221 48544 49450 51536 53342 63587 72989 50150 57035 68554
24646 29999 42984 49224 50812 58838 63133 70080 72768 93869
51153 61582 72161 79590 81711 92618 93411 97043 8520 27101
13501 35358 53818 73878 80990 82405 95175 97052 53714 79486
34341 68675 71685 75763 78909 84054 91185 94013 60132
22285 22463 25501 32410 34959 35276 35469 36113 32075
1577 7679 13451 31825 50785 51588 66901 71955
22357 23927 26715 28031 37291 48223 59236
22516 56545 58326 61005 62951 66632 72242
21657 21756 22897 24799 27518 30865 40013
34476 42776 55319 82146 22839 25808 47540
77625 78750 79503 94693 94977 98037 98906
59609 61072 68463 69432 71494 68026
13299 17043 46740 54359 57955 66557
55916 59901 69402 70327 91245 99063
88138 18372 29042 38624 70052 73656
55763 67348 74094 79232 82469 87019
47461 54670 58633 61487 63741 72737
88332 88513 91983 97999 98728 99593
74684 78253 88737 92754 32845 78381
31854 35830 56978 69564 20888 22902
47278 51151 53425 45001 48064
82455 83520 44764 58520 60882
46587 51922 53851 83767 96788
54634 94028 29345 65094 98009
95714 40321 43557 47483 60391
23055 31647 43707 49537 56276
75479 77149 82136 82524 90557
38824 46150 61419 69116 71559
45255 80884 85243 89090 96203
78159 37519 56708 70749 98893
62513 68238 71754 74306 97508
31452 79176 88571 91302 66443
45709 56101 73089 73908
25276 26357 29414 30164
26690 30271 60322 68227
39219 40524 43249 57977
50536 70324 97125 98807
74367 92973 6905 7750
89996 43395 46440 75717
2080 56085 71304 56623
69910 77066 87222 92803
9379 19305 49412 39738
84783 85437 95629 95791
17280 44498 39287 68915
81072 59083 66872 96963
91227 11787 31143 86435
51176 58305 86278 93217
18181 19566 19835 18929
25461 56016 36718 44640
10055 52413 58874 70778
50028 74289 48610 53062
92865 50278 64970 99664
94966 33313 41004 96317
14083 43885 52694 64249
33902 74464 39861 66024
45933 52596 58227 55750
29268 53720 33022
42981 64002 73779
43261 57961 69233
36704 39443 37158
36089 41943 47131
54894 65251 57734
23411 27244 11619
22207 64111 70615
62850 83043 86938
21589 25450 30988
29260 31858 35094
44103 58802 68241
98831 4986 66246
20473 54461 68391
62354 67155 99176
65144 66370 71276
3915 57156 65311
24428 69684 73686
25887 28916 34874
24197 32327 58309
39162 64008 64368
9090 68802 60038
88699 49252 70060
84909 99935 28621
37958 41160 47318
22826 66113 72550
58339 67072 99320
72881 83935 97526
87438 88779 98816
22448 29086 35825
17435 58231 60537
94321 24469 98247
23016 28226 56017
52370 67878 97253
42431 62431 70989
72112 98095 98304
40995 58840 61069
35342 54080 60723
22403 42715 66281
923 47827 64458
36711 57030 64491
27068 36725 37759
7436 7696 39139
55045 70307 72665
98935 62375 65221
9765 9853 67946
97622 38546 63895
5503 38226 44575
78212 89258 93040
37785 48963 69859
1629 16983 61940
56483 60835 64755
6159 21181 70058
29983 58921 62465
16331 69742 70984
35903 45343 46390
89562 54190 73042
13053 70795 17442
17998 53972 57260
48535 69872
88907 55412
2058 46595
36359 47505
17020 57761
32600 577
49036 60352
14539 18911
34053 68363
20470 66141
46980 73054
78211 96494
26316 27882
65372 66485
46831 73000
35048 45725
1982 5600
65255 68786
21821 68170
47854 48190
54540 61000
24194 40200
85929 98770
81242 54666
31416 32085
41422 65380
13835 2289
44391 56693
55117 70641
5260 5868
45596 58654
12340 55094
9056 40915
28606 40093
40470 56669
27965 59097
41346 48228
34196 43704
15755 57795
3128 59691
41441 56739
26073 37043
22798 27859
36152 41544
77321 77959
42249 73928
72898 56507
8433 60326
29715 21768
39195 44415
1482 56999
32106 42582
70866 61554
5685 10329
39052 53142
39046 69958
36351 62034
26550 35616
72972 91114
32703 92444
32833 23401
53019 73828
33759 35637
89972 90425
35552 60213
36958 53794
43820 73960
30074 33078
85142 45581
48288 65754
43866 54526
44095 61207
62144 55645
27087 67936
43783 67012
76366 95301
27953 22587
29548 64301
62825 66533
45497 56133
45500 68197
89129 91757
83403 84185
40083 82272
27005 29182
59985 97591
43001 71583
43687 39012
14258 43537
60251 67028
20392 34190
63208 63825
23701 42509
43448 66887
70332 69189
42308 67029
61051 19317
38734 39082
61369 98771
69804 72546
35910 72209
47973 70309
50227 73786
79424 29055
13117 67374
97824 24400
87243 93906
86584 51062
11150 57158
567 68775
88923 23422
30059 45619
56503 58809
90593 96678
58432 70321
69114 72164
81277 29055
23742 56597
17867 38053
64003 94128
43112 57096
13343 51018
79310 23003
56890 69828
298 65186
23357 67707
8868 68765
22568 72120
524 5835
26478 15927
77790 89503
38266 69351
54559 57770
85494 89041
23699 29242
84309 58600
98608 99376
10224 52839
50555 60194
56273 62085
21213 59458
52918 57756
21111 31256
4587 58732
11854 69619
48587 62664
76468 83333
50255 54230
1641 54687
99673 97177
82535 53085
84364 86055
3560 36812
75405 30576
53788 50925
15696 18695
35861 32928
90903 91696
3767 6127
6274 43395
31625 44392
50860 57445
50568 73371
4998 63028
40026 54625
24924 24952
81680 97199
2725 57952
65667
8730
50710
38795
92481
64557
36492
30312
47582
55348
73983
42912
80375
62474
329
19554
55134
793
53046
59700
80931
39717
38604
49152
86265
37367
68839
23110
5632
26933
22219
22339
44797
40987
41192
407
57827
78699
41158
17869
48056
59841
38452
38720
38631
44150
38473
36227
20701
46208
18374
74451
57308
23488
53862
35091
23385
49244
31500
71569
20394
43739
72699
28318
54642
7287
51647
62820
32179
19402
87640
39116
43683
36736
39007
38740
74095
22507
86721
2331
43578
3217
10580
17634
23604
60074
43286
56811
19658
47803
59727
57405
28091
37473
54296
57629
27132
23084
36068
85850
33996
64868
23547
60290
22426
50558
35449
63733
50668
41434
22384
20725
56703
20811
72666
25525
20766
34954
48776
21051
58763
73771
66131
73202
20575
73063
63380
41036
80134
28025
42170
44281
58618
56480
64350
28995
17644
27360
20957
15930
67727
20587
32859
63668
50396
18186
83394
40773
57127
52429
61857
73642
19568
61988
10134
20268
60337
57974
47699
53550
16953
61736
57274
52907
41122
19637
16465
45589
18287
61248
33143
40394
18214
49347
17186
30973
18822
33363
64058
21632
68718
19275
6820
62475
61974
48930
88456
3604
65620
30265
46900
20282
21905
51291
21827
71440
21677
16963
59302
14600
19455
71309
56379
26164
57216
54294
61171
73150
23459
92006
18667
4440
1896
46568
22170
51902
4256
21959
58908
45289
57411
21387
40121
21268
63694
54358
37859
92070
1584
59568
39290
41808
6453
23032
35233
28162
20588
58491
21084
4792
21673
49848
22536
76946
25092
54150
58417
51937
67248
55463
22929
39428
43743
41386
20886
22672
35719
53304
53289
53231
52952
52868
52759
52709
52522
52508
52477
28907
54575
53343
31005
52357
50000
31144
52348
49991
52011
52006
54363
52004
40219
56718
58442
19344
54517
54443
54372
54165
65950
68307
58500
53786
54064
37565
53728
51739
54815
50101
68957
53706
27779
53622
53503
62931
53452
57779
41280
88420
48707
49887
49857
57058
66486
49295
49279
49140
60925
75067
48838
70051
56470
59868
36922
48705
48697
48665
48659
48645
48530
53870
60941
48325
38897
69538
50761
51566
51477
51297
39512
60725
51252
51186
51144
51126
8700
50827
50767
54699
27191
64908
59234
71019
50128
54842
50119
50006
49942
26372
49890
72226
53695
59380
58271
74770
58223
53509
60580
58130
58115
39259
67543
58084
58409
58083
57979
67407
57946
57727
57580
59937
71722
57564
78777
57235
69020
59154
59873
59698
59669
59614
17188
59610
42216
18646
59462
59377
59287
23932
73734
58993
58818
58703
96415
58629
65700
58539
58489
58466
58422
96134
54978
46354
58139
55668
55593
55342
55242
55235
57592
59630
55194
33981
55059
55782
40836
54850
54817
19462
54801
40659
56964
54746
40604
59175
54739
54737
56339
58290
57181
57135
57009
73508
56911
61604
56814
56778
56605
70747
56531
48298
63410
56305
56288
56262
79832
59443
56116
70258
55917
29990
74773
67330
41916
63129
41829
41757
15830
41680
41675
53863
41664
41645
20432
41403
41926
41347
55489
53132
49337
41294
41283
51261
63046
41236
29451
20867
40977
92540
43022
43002
71286
46076
42858
42734
47115
42679
42640
68567
58155
54828
40899
42629
9631
54414
42493
46863
42427
75425
94281
42324
42257
42168
98736
39603
76494
39894
25752
39886
39883
63453
65810
39779
9138
56396
63467
39761
57638
37246
39535
39507
39461
39309
54752
73608
39226
47996
59174
39212
58832
12069
33828
40881
58348
57778
41143
40468
44821
40385
23886
51443
53800
40353
43179
40334
21478
40203
40092
40073
37716
73071
40004
65931
39975
25833
92402
56419
65847
46908
46819
46778
56746
46765
63264
72692
46736
37159
47619
47003
46510
60652
46337
46266
46243
60385
62742
69813
46186
15545
46136
24923
56643
48166
56918
48046
47941
47883
57311
47786
59947
67018
49966
47748
54286
46121
47632
47552
50816
47489
6368
51713
79997
47277
47217
47202
47199
24916
30511
44239
23026
59543
53998
70497
47344
23774
63843
38605
74083
43772
56438
93269
43638
44697
43588
36517
43459
59958
31532
43392
62248
56991
34391
75896
57310
43168
64381
51442
45897
45895
45845
71772
45663
24450
71590
45434
47742
45230
21660
45141
44931
19004
44853
44474
44383
42009
20796
4297
65975
65129
65283
69997
65305
65332
65336
67693
65512
65532
67889
65853
65883
65076
65984
66022
66135
66175
99173
66180
66186
66201
66226
66240
66330
66409
64346
63433
63463
63654
63731
89658
63743
63754
63980
66337
64143
64195
64339
66496
64448
64585
64594
71665
64656
64744
64818
97816
64821
64860
64954
68078
67462
67487
72201
67575
77003
67590
67596
67703
67844
67907
68023
68053
67452
68158
68172
68186
68207
68219
68254
89467
68264
68325
68413
68475
68502
67120
66532
73603
66544
97185
66570
66741
66859
66884
66896
88109
66926
66959
63356
74191
67229
74300
67250
69607
93177
67272
67296
67347
83846
67451
60180
38120
40509
38291
38315
59979
67056
60024
60025
60089
69517
60120
60160
37987
60281
60311
60376
60407
60453
60514
60586
60598
60745
60904
60942
60946
38428
56433
72932
36026
73738
36106
62079
39844
36691
36965
37271
37272
60842
60949
37319
25256
37455
70453
44127
45457
37694
37784
1238
37835
36878
62828
62348
62350
71778
62400
62459
62468
62483
62621
62669
62680
90964
62799
62314
62891
62908
62912
62913
62933
65290
70004
63040
63063
63195
63202
63266
61769
60959
61003
91692
61118
61227
61244
61267
61493
68564
61495
61570
61572
68529
61824
61954
62069
90353
62131
71572
62238
62243
95241
62264
62303
78854
76594
76640
76854
76860
77253
77407
77512
77543
77667
77786
78677
78768
76493
78897
79222
79948
80171
94313
80738
81114
81394
81946
83185
83737
84135
74327
85309
73622
73697
73833
73874
74085
74114
74177
74218
78932
74248
74250
84803
74341
74376
74579
74631
75054
75143
75380
75620
75631
75748
76196
95781
90479
90612
90630
90834
90843
91111
91700
91803
93174
93235
94713
95654
90448
96157
96796
96960
97151
97572
97581
97689
98677
99105
99108
99541
99567
87001
84880
84893
85080
85208
99350
85430
85583
85673
85696
86181
86551
86623
73524
87011
87055
87710
87978
88311
88312
88396
89206
89663
89838
90200
70145
69328
69635
69654
69832
69861
81646
69925
88781
69949
70078
86577
70126
69318
70232
70268
70304
70311
70477
70507
70511
70659
70703
82488
91916
70718
99440
68542
68552
68575
68629
68656
68672
96956
68688
68708
68788
68799
97083
87217
68823
68848
99489
68954
68990
69008
69028
69034
69191
69205
69262
77618
72358
72410
72464
72640
72643
72652
72752
72799
84584
72823
72866
72904
72330
73001
73010
73014
75371
73227
73252
73309
73327
73407
73451
73454
71493
70846
70882
70901
70927
70978
87477
71064
71195
71207
71234
71240
75954
35741
71501
71539
71672
85814
71755
71838
71856
71989
72050
72110
72142
63803
38155
12074
26216
91762
57455
54128
31948
10877
36304
24519
9012
16663
31084
56049
52722
46068
23064
17410
11499
23284
15929
8858
32428
67783
54775
51658
73128
36803
34446
69801
53684
15972
66445
45977
9380
63591
98946
56094
12165
48331
78972
26151
23442
48233
18290
60716
43769
18262
11608
63462
54617
46622
70192
96119
1153
78934
36641
56994
23724
80292
59980
23883
28752
34003
59331
41309
58701
24317
31388
32565
24487
24271
64340
55571
38936
24717
16624
56948
12773
71698
9800
14411
36591
20941
18975
64793
2823
30955
54475
66057
3461
26750
22140
69280
54707
16346
61129
63486
5059
947
59930
49927
29707
69911
47723
35524
9081
89219
56607
66035
37754
18090
88800
2969
22540
32183
38702
37593
98875
21878
30750
35464
16333
37546
57575
46485
29986
52643
836
30591
84802
46316
36888
18591
25662
59758
64064
48328
1197
11758
29850
18487
1228
2337
32978
18751
70032
256
87465
44720
61219
63576
18611
69977
19377
37359
35141
18557
47850
58937
17904
8128
50772
47445
45227
58192
18938
92005
51247
67746
34173
49640
59068
15261
40237
10294
40130
56255
46972
70542
32555
5236
57090
71232
54493
30923
31204
9046
19758
59210
37701
58612
27421
12506
54337
20657
67797
91367
27149
14015
52858
35114
56826
73477
38394
65593
43691
63795
68509
46531
43204
23242
32114
22198
38697
5124
37970
55717
31393
97389
32502
32584
34848
51689
65831
52892
32930
58516
99338
29212
25366
37388
29625
38281
53004
69503
35260
34429
30049
30212
30985
33009
31340
38042
36798
31542
29365
31583
85794
46171
31754
38246
59465
34484
34294
55457
60171
53253
60324
34400
54391
32211
60495
39991
30010
3432
66332
91052
34781
60708
35322
42490
36945
47432
56538
94250
35467
55703
34632
66767
61293
66007
21865
64291
35173
55213
33033
33101
52077
33224
33396
33480
29104
53162
57270
64341
34023
62128
30934
71003
34261
69616
53574
38048
37620
27075
26108
55889
65317
48126
57317
26265
58463
97006
26302
2732
40947
26969
44116
60615
26565
30893
44796
31902
67257
27321
67390
58121
27057
64769
31303
19193
26264
9212
24738
21168
88687
24898
25342
47532
25352
45720
90503
52321
90228
36172
63087
67801
2446
25735
65804
57913
69698
27970
32684
34683
31566
27809
60807
27904
43491
50832
38633
69274
66098
28253
28294
28029
24912
28684
24115
71255
92468
54031
22979
37396
29060
39988
2554
20232
57774
36795
81578
27131
64843
27136
27349
31677
52640
36141
37114
38223
27133
34106
93129
36005
37628
25843
27398
72181
54170
27554
99807
37833
42196
7683 15250 15506 17239 18007 18633 22400 22534 23617 25139 25231 25319 26436 29427 30137 30991 34033 38660 38905 38958 38978 40693 42648 45319 47732 49763 52600 52603 56263 58641 60152 62658 65199 69360 69530 70980 72939 73374 74736 75333 76308 77381 78692 80625 81152 83136 84477 87418 92925 97289 98107 99224 99663 31992
990 13179 20395 21753 23221 25490 30376 32610 34607 34782 43753 57038 57660 68941 70089 71734 71813 73783 73813 76978 81246 84582 88662 91039 15273 69702 73067 74255 88157
9522 22692 31950 35098 41579 43409 43685 52705 59762 67193 67838 71300 71401 72952 74040 75613 80989 82201 82492 90544 94695 96565 99179 29563 42987 68151
8405 8860 35573 37404 37722 38708 38876 40992 48685 49823 51311 52579 52857 53769 54734 57768 62869 68424 68443 69400 70057 72599 81345 96016
11009 20302 29753 32235 34921 36678 37104 40985 42639 44464 52424 52954 55939 63548 73963 98384 98634 98726 99565
21652 22831 23214 23850 25042 26665 27461 30590 30644 31011 31018 31157 33523 34397 34684 34773 38648 73378
34386 37280 42041 42904 53686 61238 64105 66191 71277 95863 35828 36115 59891 74060
32134 54722 55372 61709 65367 66173 67534 72081 72976 73201 73599 74201 68951 69612
5362 6096 29656 44027 49379 56326 60100 63837 64011 66551 67647 82972 87516
36814 43295 44538 45622 50532 53715 55788 62343 64006 66668 70251 86720 55313
23254 25208 36828 42871 44930 48007 51083 56280 70408 72054 72901 73123 73667
20942 23194 24213 24232 26204 26838 28287 28423 33328 34917 35490 26857
22093 37180 39937 40706 42804 43628 51016 64886 67412 73865 61352
28897 30929 36314 38093 40225 51934 52537 57547 67198 67632 69950
44366 62472 72178 74049 83496 87101 91980 98759 99923 22944 53989
13501 35358 53818 73878 80990 82405 95175 97052 53714 79486
51153 61582 72161 79590 81711 92618 93411 97043 8520 27101
29332 46221 48544 49450 51536 53342 63587 72989 50150 68554
24646 29999 42984 49224 50812 58838 63133 70080 72768 93869
34341 68675 71685 75763 78909 84054 91185 94013 60132
22285 22463 25501 32410 34959 35276 35469 36113 32075
1577 7679 13451 31825 50785 51588 66901 71955
22516 56545 58326 61005 62951 66632 72242
21657 21756 22897 24799 27518 30865 40013
77625 78750 79503 94693 94977 98037 98906
22357 23927 26715 28031 37291 48223 59236
55763 67348 74094 79232 82469 87019
59609 61072 68463 69432 71494 68026
13299 17043 46740 54359 57955 66557
74684 78253 88737 92754 32845 78381
47461 54670 58633 61487 63741 72737
34476 42776 82146 22839 25808 47540
31854 35830 56978 69564 20888 22902
55916 59901 69402 70327 91245 99063
88138 18372 29042 38624 70052 73656
88332 88513 91983 97999 98728 99593
54634 94028 29345 41347 65094 98009
95714 40321 43557 47483 60391
47278 51151 53425 45001 48064
46587 51922 53851 83767 96788
23055 31647 43707 49537 56276
38824 46150 61419 69116 71559
78159 37519 56708 70749 98893
82455 83520 44764 58520 60882
62513 68238 71754 74306 97508
45255 80884 85243 89090 96203
75479 77149 82136 82524 90557
26690 30271 60322 68227
50028 74289 48610 53062
84783 85437 95629 95791
92865 50278 64970 99664
45933 52596 58227 55750
25276 26357 29414 30164
9379 19305 49412 39738
91227 11787 31143 86435
17280 44498 39287 68915
94966 33313 41004 96317
50536 70324 97125 98807
10055 52413 58874 70778
79176 88571 91302 66443
2080 56085 71304 56623
69910 77066 87222 92803
51176 58305 86278 93217
97622 38546 63895 70078
18181 19566 19835 18929
14083 43885 52694 64249
25461 56016 36718 44640
45709 56101 73089 73908
36089 41943 47131
9090 68802 60038
55045 70307 72665
56483 60835 64755
43261 57961 69233
24428 69684 73686
42981 64002 73779
98935 62375 65221
36704 39443 37158
23411 27244 11619
3915 57156 65311
39162 64008 64368
21589 25450 30988
62850 83043 86938
65144 66370 71276
88699 49252 70060
22207 64111 70615
98831 4986 66246
29260 31858 35094
25887 28916 34874
54894 65251 57734
20473 54461 68391
62354 67155 99176
58339 67072 99320
72881 83935 97526
23016 28226 56017
1629 16983 61940
42431 62431 70989
35342 54080 60723
923 47827 64458
36711 57030 64491
17435 58231 60537
40995 58840 61069
89996 43395 75717
22403 42715 66281
17998 53972 57260
94321 24469 98247
84909 99935 28621
27068 36725 37759
52370 67878 97253
22448 29086 35825
72112 98095 98304
6159 21181 70058
87438 88779 98816
29983 58921 62465
9765 9853 67946
29268 53720 33022
5503 38226 44575
78212 89258 93040
16331 69742 70984
37785 48963 69859
89562 54190 73042
92973 6905 7750
13053 70795 17442
22826 66113 72550
81072 59083 96963
35903 45343 46390
7436 7696 39139
39219 40524 57977
17020 57761
48535 69872
54540 61000
44103 68241
2058 46595
24197 32327
55117 70641
88907 55412
49036 60352
1482 56999
39195 44415
81242 54666
21821 68170
26316 27882
48288 65754
38734 39082
78211 96494
65372 66485
46980 73054
46831 73000
47854 48190
65255 68786
20470 66141
13835 2289
44391 56693
35048 45725
24194 40200
5260 5868
1982 5600
85929 98770
31416 32085
52918 57756
41422 65380
36359 47505
26073 37043
28606 40093
40470 56669
27965 59097
41346 48228
37958 41160
15755 57795
41441 56739
45596 58654
9056 40915
22798 27859
36152 41544
42249 73928
72898 56507
77321 77959
40083 82272
26550 35616
72972 91114
32106 42582
70866 61554
39052 53142
5685 10329
39046 69958
36351 62034
53019 73828
29715 21768
34196 43704
32703 92444
32833 23401
33759 35637
89972 90425
35552 60213
3128 59691
12340 55094
76366 95301
61369 98771
30074 33078
85142 45581
43866 54526
44095 61207
62144 55645
27087 67936
36958 53794
43820 73960
27953 22587
62825 66533
29548 64301
45497 56133
45500 68197
89129 91757
63208 63825
14539 18911
43783 67012
32600 577
61051 19317
42308 67029
23701 42509
43448 66887
83403 84185
20392 34190
60251 67028
14258 43537
43687 39012
74464 66024
59985 97591
43001 71583
27005 29182
77790 89503
79310 23003
56890 69828
64003 94128
298 65186
13343 51018
43112 57096
22568 72120
23357 67707
17867 38053
524 5835
50227 73786
11150 57158
35910 72209
23742 56597
97824 24400
88923 23422
69804 72546
47973 70309
35861 32928
56503 58809
81277 29055
82535 53085
30059 45619
53788 50925
3560 36812
1641 54687
84364 86055
84309 58600
81680 97199
23699 29242
10224 52839
38266 69351
4998 63028
90593 96678
4587 58732
86584 51062
79424 29055
85494 89041
26478 15927
54559 57770
567 68775
56273 62085
90903 91696
50860 57445
31625 44392
15696 18695
21111 31256
21213 59458
50568 73371
8868 68765
50555 60194
6274 43395
24924 24952
48587 62664
50255 54230
11854 69619
76468 83333
3767 6127
99673 97177
75405 30576
58432 70321
2725 57952
87243 93906
8433 60326
40026 54625
69114 72164
98608 99376
36492
54296
38795
53046
28091
55348
57405
17869
5632
86265
37367
42912
68839
39717
80931
62474
793
51937
47582
92481
59841
57827
22339
44797
55489
73983
41192
53132
56811
30312
41158
65667
48056
8730
78699
22219
23110
64557
26933
49152
38604
40987
59700
31452
23488
38720
38631
36736
44150
38473
74451
38452
57308
43683
36227
20701
23385
49244
31500
71569
27132
23084
39116
30591
54642
59873
836
23604
28318
7287
87640
36068
51647
62820
32179
20394
39007
38740
74095
43286
33996
64868
60074
60290
22507
51902
41434
19658
10580
59727
3217
37473
17634
407
22426
50710
35449
46208
18374
53862
23547
35091
57629
50558
19402
47803
63733
50668
22384
20725
2331
85850
43578
73202
25525
20766
20587
63668
48776
21051
58763
56703
66131
67727
73063
80134
18186
72666
34954
45589
20575
63380
42170
20588
58491
30973
44281
56480
27360
20957
64350
33143
32859
28995
50396
83394
40773
73771
17644
20811
16953
60337
64058
57127
21632
19275
6820
47699
53550
20268
61736
52907
41122
19568
19637
43739
61988
57274
61248
40394
18214
49347
17186
28025
15930
33363
18287
58618
68718
16465
18822
62475
57974
52429
61857
73642
61974
48930
4256
45289
20282
51291
21905
88456
3604
23459
21827
21677
65620
30265
16963
59302
19455
71309
1896
19554
329
54294
73150
92006
18667
80375
56379
46900
46568
22170
26164
57216
10134
21959
58908
61171
55463
21387
67248
40121
21268
63694
54358
37859
92070
21084
57411
20886
23032
59568
1584
39290
35233
28162
58417
71440
21673
49848
14600
4440
4792
22536
76946
55134
22929
39428
43743
25092
41386
22672
13117
54150
31144
52868
52759
52709
52522
52508
52477
28907
54575
35719
31005
52357
50000
52952
52348
49991
52011
52006
54363
52004
40219
56718
51739
51566
51477
51297
53706
54165
65950
68307
58500
53786
54064
37565
53728
58442
54815
50101
68957
39512
27779
53622
53503
62931
53452
57779
41280
88420
53343
53304
53289
53231
55319
49295
49279
49140
60925
75067
48838
70051
56470
48707
36922
48705
48697
66486
34106
48665
48659
48645
48530
58309
48328
53870
60941
48325
38897
69538
71019
60725
51252
51186
51144
51126
8700
50827
50767
50761
27191
64908
59234
54372
50128
54842
50119
50006
49942
26372
49890
59868
49887
49857
57058
57979
58271
74770
58223
53509
60580
58130
58115
39259
67543
58084
72226
58083
59380
67407
57946
57727
57580
59937
71722
57564
78777
57235
69020
73734
58290
58993
59698
59669
59614
17188
59610
42216
18646
59462
59377
59287
23932
59154
57181
58818
58703
96415
58629
65700
58539
58489
58466
58422
96134
58409
53695
19462
55342
55242
55235
57592
59630
55194
33981
55059
54978
40836
54850
54817
55593
54801
40659
56964
54746
40604
59175
54739
54737
54699
19344
54517
54443
56262
57009
73508
61604
56814
56778
56605
70747
56531
56339
63410
56305
56288
48298
79832
59443
56116
70258
55917
29990
74773
55782
46354
58139
55668
20432
98736
41926
41916
63129
41829
41757
15830
41680
41675
53863
41664
41645
42168
41403
67330
49337
41294
41283
51261
63046
41236
29451
41036
40977
40899
58155
26750
43179
43022
43002
71286
46076
42858
42734
47115
42679
42640
68567
33828
54828
92540
42629
9631
54414
42493
46863
42427
75425
94281
42324
42257
37246
39894
25752
39886
39883
63453
65810
39779
9138
56396
63467
39761
39603
76494
39535
39507
39461
39309
54752
73608
39226
47996
59174
39212
58832
47742
40334
40881
58348
57778
41143
40468
44821
40385
23886
51443
53800
40353
12069
43249
21478
40203
40092
40073
37716
73071
40004
65931
39975
25833
57638
47619
56419
65847
46908
46819
46778
56746
47318
46765
63264
72692
46736
37159
47003
92402
46510
60652
46337
46243
60385
62742
69813
46186
15545
46136
24923
56643
48166
56918
48046
47941
47883
57311
47786
59947
67018
49966
47748
54286
46121
47632
47552
50816
47489
6368
51713
79997
47277
47217
47202
47199
24916
30511
44239
23026
59543
53998
70497
47344
23774
63843
38605
74083
43772
56438
93269
43638
44697
43588
36517
43459
59958
31532
43392
62248
56991
34391
75896
57310
43168
64381
51442
45897
45895
45845
71772
45663
24450
71590
45434
72699
45230
21660
45141
44931
19004
44853
44474
44383
42009
20796
4297
65975
65129
65283
69997
65305
65332
65336
67693
65512
65532
67889
65853
65883
65076
65984
66022
66135
66175
99173
66180
66186
66201
66226
66240
66330
66409
64346
63433
63463
63654
63731
89658
63743
63754
63980
66337
64143
64195
64339
66496
64448
64585
64594
71665
64656
64744
64818
97816
64821
64860
64954
68053
67452
67462
67487
72201
67575
77003
67590
67596
67703
67844
67907
68023
67451
68078
68158
68172
68186
68207
68219
68254
89467
68264
68325
68413
68475
67120
66532
73603
66544
97185
66570
66741
66859
66884
66896
88109
66926
66959
63356
74191
67229
74300
67250
69607
93177
67272
67296
74367
67347
83846
60281
40509
38291
38315
59979
67056
60024
60025
60089
69517
60120
60160
60180
38120
60311
60376
60407
60453
60514
60586
60598
60745
60904
70332
60942
60946
37319
72932
36026
73738
36106
62079
39844
36691
36965
37271
37272
60842
38428
60949
25256
37455
70453
44127
45457
37694
37784
1238
37835
36878
37987
62828
62348
62350
71778
62400
62459
62468
62483
62621
62669
62680
90964
62799
62314
62891
62908
62912
62913
62933
65290
70004
63040
63063
63195
63202
63266
61769
60959
61003
91692
61118
61227
61244
61267
61493
68564
61495
61570
61572
68502
61824
61954
62069
90353
62131
71572
62238
62243
95241
62264
62303
78854
76594
76640
76854
76860
77253
77407
77512
77543
77667
77786
78677
78768
76493
78897
79222
79948
80171
94313
80738
81114
81394
81946
83185
83737
84135
74341
73622
73697
73833
73874
74085
74114
74177
74218
78932
74248
74250
74327
84803
74376
74579
74631
75054
75143
75380
86577
75620
75631
75748
76196
95781
90479
90612
90630
90834
90843
91111
91700
91803
93174
93235
94713
95654
90448
96157
96796
96960
97151
97572
97581
97689
98677
99105
99108
99541
99567
87001
84880
84893
85080
85208
99350
85430
85583
85673
85696
86181
86551
86623
85309
87011
87055
87710
87978
88311
88312
88396
89206
89663
89838
90200
70232
69318
69328
69635
69654
69832
69861
81646
69925
88781
69949
70126
70145
69262
70268
70304
70311
70477
70507
70511
70659
70703
82488
91916
70718
87217
97083
68529
68542
68552
68575
68629
68656
68672
96956
68688
68708
68788
68799
70846
99440
68823
68848
99489
68954
68990
69008
69028
69034
69191
69205
73001
72410
72464
72640
72643
72652
72752
72799
84584
72823
72866
72904
77618
72358
73010
73014
75371
73227
73252
73309
73327
73407
73451
73454
73524
71501
70882
70901
70927
70978
87477
71064
71195
71207
71234
71240
75954
71493
56433
71539
71672
85814
71755
71838
71856
71989
72050
72110
72142
72330
23064
57455
54128
31948
10877
36304
24519
9012
16663
63803
56049
52722
46068
91762
41808
6453
17410
11499
23284
15929
8858
32428
67783
54775
12165
56948
23442
53684
15972
66445
45977
9380
63591
98946
56094
51658
48331
78972
26151
12773
48233
18290
60716
43769
18262
11608
63462
31084
38155
12074
26216
41309
1153
78934
36641
56994
23724
80292
34053
59980
23883
28752
54617
59331
96119
58701
19193
26264
9212
24738
21168
88687
24317
31388
32565
24487
24271
22140
71698
9800
14411
36591
20941
18975
64793
2823
30955
54475
16624
3461
69801
69280
54707
16346
61129
63486
5059
947
59930
34003
46622
70192
98875
9081
89219
56607
66035
37754
18090
88800
2969
49927
32183
38702
37593
35524
21878
30750
35464
16333
37546
57575
46485
29986
29850
46972
70542
32555
32978
46316
36888
18591
25662
59758
64064
1197
11758
52643
18487
1228
2337
5236
18751
70032
256
87465
44720
61219
63576
22540
29707
69911
47723
51247
35141
18557
47850
58937
17904
8128
50772
47445
45227
18611
18938
92005
37359
67746
34173
49640
59068
15261
40237
10294
40130
66057
73128
36803
34446
12506
57090
71232
54493
30923
31204
9046
19758
20867
59210
56255
58612
27421
64340
54337
20657
67797
91367
27149
14015
52858
35114
58192
69977
19377
55717
65593
43691
63795
68509
46531
43204
23242
32114
22198
38697
56826
37970
38394
31393
97389
32502
32584
34848
51689
65831
52892
32930
58516
33009
61293
38042
37388
29625
38281
53004
69503
35260
34429
30049
30212
30985
99338
31340
66007
36798
31542
29365
31583
85794
46171
31754
38246
59465
5124
73477
91052
55457
60171
53253
60324
34400
54391
32211
60495
39991
30010
3432
34484
34294
34781
60708
35322
42490
36945
47432
56538
94250
35467
55703
34632
35741
53162
21865
64291
35173
55213
33033
33101
52077
33224
33396
33480
66767
33902
25366
57270
64341
34023
62128
30934
71003
34261
69616
53574
38048
66332
60615
55889
65317
48126
57317
26265
58463
97006
26302
2732
40947
37620
44116
26108
26565
30893
44796
31902
67257
27321
67390
58121
27057
64769
52321
36795
36172
55571
38936
24717
37701
24898
25342
47532
25352
45720
90503
31303
90228
81578
63087
67801
2446
25735
65804
57913
69698
27970
32684
26969
27075
24115
60807
27904
43491
50832
38633
69274
66098
28253
28294
28029
34683
28684
27809
71255
92468
54031
22979
37396
29060
39988
2554
20232
29104
29212
36005
27131
64843
27136
27349
31677
52640
36141
37114
38223
27133
57774
93129
84802
37628
25843
27398
72181
54170
27554
99807
37833
42196
24912
31566
7683 15250 15506 17239 18007 18633 22400 22534 23617 25139 25231 25319 26436 29427 30137 30991 34033 38660 38905 38958 38978 40693 42648 45319 47732 49763 52600 52603 56263 58641 60152 62658 65199 69360 69530 70980 72939 73374 74736 75333 76308 77381 78692 80625 81152 83136 84477 87418 92925 97289 98107 99224 99663 31992
990 13179 20395 21753 23221 25490 30376 32610 34607 34782 43753 57038 57660 68941 70089 71734 71813 73783 73813 76978 81246 84582 91039 15273 69702 73067 74255 88157
9522 22692 31950 35098 41579 43409 43685 52705 59762 67193 67838 71300 71401 72952 74040 75613 80989 82201 82492 90544 94695 96565 99179 29563 42987 68151
8405 8860 35573 37404 37722 38708 38876 40992 48685 49823 51311 52579 52857 53769 54734 57768 62869 68424 68443 69400 70057 72599 81345 96016
11009 20302 29753 32235 34921 36678 37104 40985 42639 44464 52424 52954 55939 63548 73963 98384 98634 98726 99565
21652 22831 23214 23850 25042 26665 27461 30590 30644 31011 31018 31157 33523 34397 34684 34773 38648 73378
32134 54722 55372 61709 65367 66173 67534 72081 72976 73201 73599 74201 68951 69612
34386 37280 42041 42904 53686 61238 64105 66191 71277 95863 35828 36115 59891 74060
5362 6096 29656 44027 49379 56326 60100 63837 64011 66551 67647 82972 87516
23254 25208 36828 42871 44930 48007 51083 56280 70408 72054 72901 73123 73667
36814 43295 44538 45622 50532 53715 55788 62343 64006 66668 70251 86720 55313
20942 23194 24213 24232 26204 26838 28287 28423 33328 34917 35490 26857
44366 62472 72178 74049 83496 87101 91980 98759 99923 22944 53989
28897 30929 36314 38093 40225 51934 52537 57547 67198 67632 69950
51153 61582 72161 79590 81711 92618 93411 97043 8520 27101
24646 29999 42984 49224 50812 58838 63133 70080 72768 93869
29332 46221 48544 49450 51536 53342 63587 72989 68554
34341 68675 71685 75763 78909 84054 91185 94013 60132
22285 22463 25501 32410 34959 35276 35469 36113 32075
13501 35358 53818 73878 80990 82405 95175 97052 53714
1577 7679 13451 31825 50785 51588 66901 71955
21657 21756 22897 24799 27518 30865 40013
22357 23927 26715 28031 37291 48223 59236
22516 56545 58326 61005 62951 66632 72242
77625 78750 79503 94693 94977 98037 98906
47461 54670 58633 61487 63741 72737
22093 37180 39937 40706 42804 73865
88332 88513 91983 97999 98728 99593
13299 17043 46740 54359 57955 66557
59609 61072 68463 69432 71494 68026
55916 59901 69402 70327 91245 99063
55763 67348 74094 79232 82469 87019
45255 80884 85243 89090 96203
43628 51016 64886 67412 61352
74684 78253 88737 92754 78381
75479 77149 82136 82524 90557
31854 35830 56978 69564 20888
38824 46150 61419 69116 71559
23055 31647 43707 49537 56276
47278 51151 53425 45001 48064
78159 37519 56708 70749 98893
46587 51922 53851 83767 96788
62513 68238 71754 74306 97508
79176 88571 91302 66443
17280 44498 39287 68915
25276 26357 29414 30164
26690 30271 60322 68227
45709 56101 73089 73908
14083 43885 52694 64249
84783 85437 95629 95791
2080 56085 71304 56623
94966 33313 41004 96317
82146 22839 25808 47540
51176 58305 86278 93217
50536 70324 97125 98807
69910 77066 87222 92803
54634 94028 29345 98009
18181 19566 19835 18929
10055 52413 58874 70778
92865 50278 64970 99664
25461 56016 44640
89562 54190 73042
27068 36725 37759
45933 52596 58227
36089 41943 47131
43261 57961 69233
29260 31858 35094
29983 58921 62465
82455 83520 58520
25887 28916 34874
50028 74289 53062
56483 60835 64755
9379 19305 49412
3915 57156 65311
62354 67155 99176
39162 64008 64368
88699 49252 70060
7436 7696 39139
21589 25450 30988
65144 66370 71276
62850 83043 86938
23411 27244 11619
22207 64111 70615
54894 65251 57734
36704 39443 37158
95714 40321 60391
35342 54080 60723
6159 21181 70058
52370 67878 97253
72881 83935 97526
1629 16983 61940
36711 57030 64491
17998 53972 57260
40995 58840 61069
78212 89258 93040
87438 88779 98816
22448 29086 35825
88138 18372 29042
72112 98095 98304
23016 28226 56017
42431 62431 70989
22826 66113 72550
58339 67072 99320
42981 64002 73779
923 47827 64458
9765 9853 67946
98935 62375 65221
16331 69742 70984
97622 38546 70078
17435 58231 60537
29268 53720 33022
13053 70795 17442
39219 40524 57977
22403 42715 66281
5503 38226 44575
37785 48963 69859
35903 45343 46390
55045 70307 72665
84909 99935 28621
38734 39082
47854 48190
88907 55412
49036 60352
35048 45725
65255 68786
13835 2289
24197 32327
20470 66141
92973 7750
34476 42776
50255 54230
36359 47505
24194 40200
85929 98770
17020 57761
31416 32085
52918 57756
41422 65380
5260 5868
54540 61000
48535 69872
44391 56693
46980 73054
26316 27882
46831 73000
78211 96494
24428 69684
65372 66485
1982 5600
35552 60213
43001 71583
34196 43704
45596 58654
15755 57795
37958 41160
40083 82272
72898 56507
42249 73928
77321 77959
27965 59097
36152 41544
26073 37043
28606 40093
1482 56999
41346 48228
20392 34190
40470 56669
9056 40915
29715 21768
12340 55094
72972 91114
89972 90425
5685 10329
33759 35637
32703 92444
39046 69958
36351 62034
32106 42582
39052 53142
70866 61554
39195 44415
83403 84185
2058 46595
29548 64301
14539 18911
63208 63825
89129 91757
45500 68197
45497 56133
48288 65754
62825 66533
32600 577
36958 53794
27087 67936
76366 95301
44095 61207
43866 54526
55117 70641
14258 43537
43820 73960
43687 39012
43783 67012
74464 66024
30074 33078
61369 98771
27005 29182
42308 67029
43448 66887
26550 35616
91227 86435
23701 42509
60251 67028
298 65186
84364 86055
81680 97199
50227 73786
23699 29242
82535 53085
26478 15927
53788 50925
30059 45619
90593 96678
22798 27859
89996 75717
85494 89041
3560 36812
4998 63028
13343 51018
86584 51062
38266 69351
64003 94128
97824 24400
22568 72120
40026 54625
88923 23422
2725 57952
77790 89503
23357 67707
8868 68765
76468 83333
3767 6127
87243 93906
48587 62664
99673 97177
75405 30576
24924 24952
56273 62085
11854 69619
524 5835
1641 54687
79310 23003
567 68775
79424 29055
21111 31256
11150 57158
35861 32928
20473 54461
81072 59083
56890 69828
54559 57770
4587 58732
50555 60194
90903 91696
58432 70321
50568 73371
15696 18695
50860 57445
98608 99376
23742 56597
69804 72546
69114 72164
47973 70309
6274 43395
17867 38053
21213 59458
56503 58809
59700
53046
65667
30312
7287
38604
49152
54296
74095
38740
37367
51647
68839
42912
28318
26933
22219
38720
53132
38631
44150
55489
22339
38473
44797
84802
54642
21959
64557
51902
18591
78699
22170
41158
46568
87640
1896
36888
46316
39116
56379
39007
30591
18667
17869
836
92006
48056
73150
59841
23604
54294
73983
57405
51937
62474
23385
37473
35091
59727
36736
19658
53862
18374
56811
22507
60074
46208
20701
36227
10580
43578
22426
2331
20725
49244
22384
50668
31500
63733
35449
50558
57629
23547
71569
27132
23084
74451
38795
62820
32179
20394
36068
41192
47803
57827
43683
407
23110
17634
31452
3217
8730
43286
28091
73828
41434
55348
60290
36492
23488
47582
92481
64868
793
50710
33996
85850
19402
49347
73063
80134
45589
20588
33143
58491
40881
40394
18214
73202
17186
30973
44281
33363
56480
64350
68718
28995
59568
54150
21084
67248
55463
25525
20766
48776
20886
62475
1584
39290
21051
35233
28162
58763
56703
66131
6820
20575
52907
41122
19637
43739
57274
10134
61988
19568
61736
18822
16465
61248
18287
15930
55668
9090
28025
60337
17644
57974
52429
61857
67727
73642
20587
20268
13117
57127
63668
18186
47699
72666
53550
34954
16953
23459
329
21673
49848
80375
26164
57216
58417
57308
61171
19554
38452
22929
39428
43743
4256
45289
41386
51291
61974
40987
5632
86265
48930
20282
39717
80931
21905
65620
21827
21677
63380
16963
59302
19455
55134
71309
32859
4792
58618
22536
27360
20957
36106
76946
25092
42170
23032
50396
80292
83394
23724
40773
73771
56994
20811
21168
30265
46900
71440
22672
21387
40121
21268
63694
58908
54358
43112
37859
92070
14600
57411
44103
4440
31144
52868
52759
52709
52522
52508
52477
28907
54575
35719
31005
52357
50000
52952
52348
49991
52011
52006
54363
52004
40219
56718
51739
51566
51477
51297
53706
54165
65950
68307
58500
53786
54064
37565
53728
58442
54815
50101
68957
39512
27779
53622
53503
62931
53452
57779
41280
88420
53343
53304
53289
53231
34106
49279
49140
60925
75067
48838
70051
56470
48707
36922
48705
48697
55319
49295
48665
48659
48645
48530
58309
48328
53870
60941
48325
38897
69538
48298
71019
60725
51252
51186
51144
51126
8700
50827
50767
50761
27191
64908
59234
54372
50128
54842
50119
50006
49942
26372
49890
59868
49887
49857
57058
66486
58083
59380
58271
74770
58223
53509
60580
58130
58115
39259
67543
58084
72226
53695
57979
67407
57946
57727
57580
59937
71722
57564
78777
57235
69020
73734
59154
59873
59698
59669
59614
17188
59610
42216
18646
59462
59377
59287
23932
58290
58993
58818
58703
96415
58629
65700
58539
58489
58466
58422
96134
58409
19462
55342
55242
55235
57592
59630
55194
33981
55059
54978
40836
54850
54817
55593
54801
40659
56964
54746
40604
59175
54739
54737
54699
19344
54517
54443
56305
57181
57009
73508
61604
56814
56778
56739
56605
70747
56531
56339
63410
48166
56288
56262
79832
59443
56116
70258
55917
29990
74773
55782
46354
58139
41645
42168
98736
41926
41916
63129
41829
41757
15830
41680
41675
53863
41664
42257
20432
41403
67330
49337
41294
41283
51261
63046
41236
29451
41036
40977
68567
43249
26750
43179
43022
43002
71286
46076
42858
42734
47115
42679
42640
40899
58155
54828
92540
42629
9631
54414
42493
46863
42427
75425
94281
42324
37246
39894
25752
39886
39883
63453
65810
39779
9138
56396
63467
39761
39603
76494
39535
39507
39461
39309
54752
73608
39226
47996
59174
39212
58832
47742
12069
33828
58612
58348
57778
41143
40468
44821
40385
23886
51443
53800
40353
34391
40334
21478
40203
40092
40073
37716
73071
40004
65931
39975
25833
57638
46510
46908
46819
46778
56746
47318
46765
63264
72692
46736
37159
47619
92402
65847
60652
46337
46243
60385
62742
69813
46186
15545
46136
24923
46121
57310
47632
56918
48046
47941
47883
57311
47786
59947
49966
47748
21821
54286
56643
43168
47552
50816
47489
6368
51713
79997
47277
47217
47202
47199
47003
56419
93269
44239
23026
59543
53998
70497
47344
23774
63843
38605
74083
43772
24916
30511
43638
3604
88456
44697
43588
36517
43459
59958
31532
43392
62248
56991
45230
64381
51442
45897
45895
45845
71772
45663
24450
71590
45457
45434
75896
72699
21660
45141
44931
19004
44853
44474
44383
42009
20796
4297
56438
66175
65305
65332
65336
67693
65512
65532
67889
65853
65883
65975
65984
66022
69997
99173
66180
66186
66201
66226
66240
66330
66409
66496
66532
73603
66544
64585
63654
63731
89658
63743
63754
63980
66337
64143
64195
64339
64346
64448
97185
64594
71665
64656
64744
64818
97816
64821
64860
64954
65076
65129
65283
68207
77003
67590
67596
67703
67844
67907
68023
68053
68078
68158
68172
68186
67575
68219
68254
89467
68264
68325
68413
68475
68502
68529
68542
68552
68575
67250
66570
66741
66859
66884
66896
88109
66926
66959
67120
74191
67229
74300
63463
69607
93177
67272
67296
74367
67347
83846
67451
67452
67462
67487
72201
60453
59985
67056
60024
60025
60089
69517
60120
60160
60180
60281
60311
60376
59979
60514
60586
60598
60745
60904
70332
60942
60946
60949
60959
61003
61051
25256
73622
36026
73738
62079
39844
36691
36965
37271
37272
60842
38428
37319
91692
37455
70453
44127
37784
1238
37835
36878
37987
38120
40509
38291
38315
62908
71778
62400
62459
62468
62483
62621
62669
62680
90964
62799
62828
62891
62350
62912
62913
62933
65290
70004
63040
63063
63195
63202
63266
63356
63433
61954
61118
61227
61244
61267
61493
68564
61495
61570
61572
85142
61769
61824
68629
62069
90353
62131
62144
71572
62238
62243
95241
62264
62303
62314
80738
77512
77543
77667
77786
78677
78768
78854
78897
79222
79948
80171
94313
77407
81114
81277
81394
81946
83185
83737
84135
84309
84803
84880
84893
94321
75143
74114
74177
74218
78932
74248
74250
74327
74341
74376
74579
74631
75054
85080
75380
86577
75620
75631
75748
76196
76493
76594
76640
76854
76860
77253
96157
90612
90630
90834
90843
91111
91700
91803
93174
93235
94713
95654
95781
90479
96796
96960
97151
97572
97581
97591
97689
98677
99105
99108
99541
99567
87710
85208
99350
85430
85583
85673
85696
86181
86551
86623
87001
87011
87055
74085
87978
88311
88312
88396
88662
88687
89206
89663
89838
90200
90448
70511
81646
69925
88781
69949
70126
70145
70232
70268
70304
70311
70477
70507
69861
70659
70703
82488
91916
70718
87217
70846
70882
70901
70927
70978
87477
68954
68656
68672
96956
68688
68708
68788
68799
97083
99440
68823
68848
99489
71064
68990
69008
69028
69034
69191
69205
69262
69318
69328
69635
69654
69832
73227
72752
72799
84584
72823
72866
72904
77618
98831
73001
73010
73014
75371
72652
73252
73309
73327
73407
73451
73454
73524
85309
73686
73697
73833
73874
71856
71195
71207
71234
71240
75954
71493
71501
71539
71672
85814
71755
71838
35910
71989
72050
72110
72142
72209
72330
72358
72410
72464
72640
72643
15929
9012
16663
63803
56049
52722
46068
23064
41808
6453
17410
11499
23284
24519
8858
32428
67783
54775
12165
56948
9800
14411
36591
20941
18975
64793
63462
56094
51658
48331
78972
26151
23442
48233
18290
60716
43769
18262
11608
2823
31084
38155
12074
26216
31625
91762
57455
54128
53019
31948
10877
36304
24271
54617
59331
41309
58701
19193
26264
9212
24738
24317
31388
32565
24487
28752
64340
55571
38936
24717
37701
24898
25342
47532
25352
45720
90503
31303
947
30955
54475
16624
3461
81242
22140
69280
54707
16346
61129
63486
5059
98946
59930
34003
46622
70192
96119
1153
78934
36641
34053
59980
23883
16333
37754
18090
88800
2969
49927
32183
38702
37593
98875
21878
30750
35464
66035
37546
5236
57090
71232
54493
30923
31204
9046
19758
20867
59210
56255
256
59758
64064
1197
11758
52643
18487
1228
2337
32978
8433
18751
70032
27421
87465
44720
61219
63576
22540
29707
69911
47723
35524
9081
89219
56607
40130
51247
67746
41441
10224
34173
49640
59068
15261
12773
71698
40237
10294
92005
66057
73128
36803
34446
69801
53684
15972
66445
68802
45977
9380
63591
37359
12506
54337
20657
67797
91367
27149
14015
52858
35114
58192
69977
19377
90228
35141
18557
47850
58937
17904
8128
50772
47445
45227
18611
18938
51689
32114
22198
38697
56826
37970
55717
31393
97389
32502
32584
34848
32833
23242
65831
52892
32930
58516
33009
61293
66007
21865
64291
35173
55213
33033
46171
35260
30049
30212
30985
99338
31340
38042
36798
31542
29365
31583
85794
33101
31754
38246
59465
5124
73477
38394
65593
43691
63795
68509
46531
43204
36945
54391
32211
60495
39991
30010
3432
34484
91052
34781
60708
35322
42490
34400
47432
56538
94250
35467
55703
34632
35741
60407
56433
72932
19275
64058
30934
52077
33224
33396
33480
3128
66767
33902
53162
57270
64341
34023
62128
34429
71003
34261
69616
53574
38048
66332
34294
55457
60171
53253
60324
36795
60615
26565
30893
44796
31902
67257
27321
67390
58121
27057
64769
52321
44116
81578
27131
64843
27136
27349
31677
52640
36141
37114
38223
27133
57774
27075
36172
63087
67801
27953
2446
25735
65804
57913
69698
27970
32684
26969
93129
26108
55889
65317
48126
57317
26265
58463
97006
26302
2732
40947
37620
25366
24115
71255
92468
54031
22979
37396
29060
39988
2554
20232
29104
29212
28684
37388
29625
38281
57575
46485
29986
29850
46972
70542
32555
53004
69503
27809
36005
37628
25843
27398
72181
54170
27554
99807
37833
42196
24912
31566
25662
60807
27904
43491
50832
38633
69274
66098
28253
28294
28029
34683
7683 15250 15506 17239 18007 18633 22400 22534 23617 25139 25231 25319 26436 29427 30137 30991 34033 38660 38905 38958 38978 40693 42648 45319 47732 49763 52600 52603 56263 58641 60152 62658 65199 69360 70980 72939 73374 74736 75333 76308 78692 80625 83136 87418 92925 97289 98107 99224 31992
9522 22692 31950 35098 41579 43409 43685 52705 59762 67193 71300 71401 72952 74040 75613 80989 82201 82492 90544 94695 96565 99179 42987 67838
8405 8860 35573 37404 37722 38708 38876 40992 48685 49823 51311 52579 53769 54734 57768 62869 68424 68443 69400 70057 72599 81345 96016
990 20395 21753 23221 25490 30376 32610 34607 34782 43753 57038 68941 70089 71734 71813 73783 73813 91039 15273 73067 74255
1577 5362 6096 7679 29656 31825 44027 49379 50785 51588 56326 60100 63837 64011 66551 66901 67647 71955 82972 87516
20302 29753 32235 34921 40985 42639 52424 55939 73963 98634 98726 99565 11009 52954 98384
21652 22831 23214 23850 25042 26665 27461 30590 30644 31011 33523 34397 34684 34773 38648
34386 37280 42041 42904 53686 61238 64105 66191 71277 95863 35828 36115 59891 74060
36814 43295 44538 45622 50532 53715 55788 62343 64006 66668 70251 86720 55313
54722 61709 65367 66173 67534 72081 72976 73201 73599 74201 55372 68951 69612
23254 25208 36828 42871 44930 48007 51083 56280 70408 72054 72901 73123 73667
44366 62472 72178 74049 83496 87101 91980 98759 99923 22944 53989
24646 29999 42984 49224 50812 58838 63133 70080 72768 93869
20942 23194 24213 24232 26204 26838 28287 34917 26857 35490
51153 61582 72161 79590 81711 92618 93411 97043 8520 27101
28897 30929 36314 38093 52537 67198 67632 69950
22516 56545 58326 61005 62951 66632 72242
21657 21756 22897 24799 27518 30865 40013
13501 35358 53818 73878 80990 95175 97052
71685 75763 78909 84054 91185 94013 60132
77625 78750 79503 94693 94977 98037 98906
23927 26715 28031 37291 48223 59236
13299 17043 46740 54359 57955 66557
55763 67348 74094 79232 82469 87019
55916 59901 69402 70327 91245 99063
22093 37180 39937 40706 42804 73865
88332 88513 91983 97999 98728 99593
47461 54670 58633 61487 72737 63741
29332 46221 48544 51536 53342 63587
22285 25501 31566 34959 35276 32410
43628 51016 64886 67412 61352
45255 80884 85243 89090 96203
75479 77149 82136 82524 90557
38824 46150 61419 69116 71559
62513 68238 71754 74306 97508
25276 26357 29414 30164 33078
74684 78253 88737 92754 78381
23055 31647 43707 49537 56276
59609 61072 68463 69432 71494
17280 44498 39287 68915
2080 56085 71304 56623
69910 77066 87222 92803
10055 52413 58874 70778
84783 85437 95629 95791
18181 19566 19835 18929
47278 51151 53425 48064
45709 56101 73089 73908
77381 81152 84477 99663
79176 88571 91302 66443
14083 43885 52694 64249
31854 35830 69564 20888
26690 30271 60322 68227
62354 67155 99176
42431 62431 70989
23016 28226 56017
35903 45343 46390
36711 57030 64491
52370 67878 97253
5503 38226 44575
9379 19305 49412
1629 16983 61940
17998 53972 57260
36089 41943 47131
72112 98095 98304
92865 50278 99664
23699 29242 60089
55045 70307 72665
37785 48963 69859
9765 9853 67946
3915 57156 65311
72881 83935 97526
39219 40524 57977
35342 54080 56811
45933 52596 58227
65144 66370 71276
29260 31858 35094
21589 25450 30988
56483 60835 64755
82455 83520 58520
29983 58921 62465
89562 54190 73042
16331 69742 70984
923 47827 64458
7436 7696 39139
36704 39443 37158
22207 64111 70615
17435 58231 60537
6159 21181 70058
62850 83043 86938
54634 94028 98009
43261 57961 69233
42981 64002 73779
22448 29086 35825
29268 53720 33022
50028 74289 53062
70324 97125 98807
13053 70795 17442
84909 99935 28621
51176 86278 93217
27068 36725 37759
87438 88779 98816
22826 66113 72550
97591 2058 34632
54894 65251 57734
78159 56708 98893
58339 67072 99320
75425 38740
13179 57660
50255 54230
43820 73960
69114 72164
72898 56507
13835 2289
89996 75717
24924 24952
46831 73000
50555 60194
46980 73054
24428 69684
35048 45725
43783 67012
28606 40093
524 5835
90593 96678
49036 60352
13343 51018
23742 56597
15696 18695
23411 27244
78212 89258
6274 43395
36152 41544
65372 66485
26550 35616
22568 72120
1641 54687
43866 54526
78211 96494
26073 37043
50860 57445
69804 72546
35552 60213
22463 36113
42249 73928
34476 42776
61369 98771
85494 89041
40083 82272
89972 90425
31416 32085
15755 57795
3767 6127
85929 98770
45596 58654
52918 57756
24194 40200
26316 27882
87243 93906
42308 67029
47854 48190
77321 77959
4587 58732
14258 43537
298 65186
21111 31256
28423 33328
23357 67707
97824 24400
5260 5868
60251 67028
34196 43704
17020 57761
36359 47505
47973 70309
48535 69872
44391 56693
90903 91696
54540 61000
43001 71583
91227 86435
41422 65380
20470 66141
40026 54625
3560 36812
54559 57770
26478 15927
94966 33313
32106 42582
98935 65221
64008 64368
48288 65754
70866 61554
89129 91757
62825 66533
53788 50925
25461 44640
56890 69828
39046 69958
27965 59097
72989 68554
5685 10329
4998 63028
2725 57952
63208 63825
11854 69619
45500 68197
21213 59458
75405 30576
32703 92444
36351 62034
83403 84185
84364 86055
39052 53142
43687 39012
11150 57158
97622 38546
20473 54461
12340 55094
39195 44415
9056 40915
43448 66887
25887 34874
29715 21768
22798 27859
27087 67936
36958 53794
20392 34190
88699 49252
56273 62085
1482 56999
40995 58840
72972 91114
45497 56133
81680 97199
55117 70641
17867 38053
56503 58809
58432 70321
567 68775
40470 56669
29548 64301
41346 48228
33759 35637
23701 42509
65255 68786
46568
22170
41192
59700
53046
26933
22426
44797
53132
54294
41434
73150
60290
92006
51937
62474
22219
42912
38604
55489
22339
68839
18667
43286
37367
56379
49152
1896
38452
36227
39007
38720
38631
20701
46208
44150
38473
73828
39116
18374
57308
56994
23724
80292
23488
82146
53862
27132
39212
40977
37104
39309
54752
73608
39226
47996
74451
59174
35091
58832
47742
72699
31532
54642
87640
40225
63795
68509
85850
55593
37473
39428
50710
19402
92481
47582
36492
55348
22507
23385
49244
31500
71569
22357
33996
64868
86265
23110
35449
23084
36068
54842
50128
23547
65305
57629
50558
13451
57827
63733
50668
22384
20725
2331
43578
10580
62664
60074
18487
67727
17644
28995
64350
36106
56480
44281
30973
39717
20867
19758
20587
80931
52643
20588
86584
28162
35233
39290
1584
793
59568
15930
41158
63803
19568
39886
34341
43769
18822
16465
61248
18287
20886
16663
55668
9090
28025
63380
20575
34954
72666
18186
63668
80375
57090
71232
54493
30923
31204
9046
58192
69977
19377
329
5236
51291
22403
5632
40987
26164
57216
64557
78699
23459
61171
4792
55463
67248
21084
55134
19554
54150
13117
4256
22536
36678
43739
4440
14600
43112
35861
50227
71440
45289
46900
30265
65620
23032
22929
43743
41386
22672
21387
40121
21268
63694
21168
57411
44103
58417
58618
27360
20957
42170
32859
57405
50396
83394
40773
28091
21677
51902
21959
58908
30074
48930
20282
21905
61974
21827
17634
73771
99108
35469
16963
59302
31018
19455
71309
21673
49848
30059
60337
68718
62475
59841
48056
51934
57974
52429
61857
73642
20268
73983
57127
17869
47699
32134
53550
16953
61736
52907
41122
19637
54296
20811
25525
20766
48776
38795
21051
58763
56703
66131
73202
3217
73063
80134
65667
45589
40394
18214
49347
17186
30312
33363
52477
41280
88420
53343
53304
39162
53289
53231
52952
52868
52759
52709
52522
52508
57779
28907
54575
31005
64003
52357
50000
31144
52348
49991
52011
52006
54363
53851
54699
19344
54517
54443
54372
54165
65950
68307
58500
53786
54064
37565
52004
89206
53728
58442
54815
50101
68957
53706
27779
53622
53503
62931
53452
48697
49857
49295
49279
49140
60925
75067
48838
70051
88907
56470
48707
36922
48705
49887
55319
34106
81246
48665
48659
48645
48587
48530
58309
48328
53870
60941
8700
40219
56718
51739
51566
51477
51297
39512
60725
51252
51186
51144
51126
40604
50827
50767
50761
27191
50568
64908
50119
50006
49942
26372
49890
59868
39259
58466
58422
96134
58409
53695
59380
58271
74770
58223
53509
60580
58130
58115
58489
67543
58084
72226
58083
57979
67407
57946
57727
57564
78777
58290
57181
59234
59873
59698
59669
59614
17188
59610
42216
18646
59462
59377
59287
23932
57009
71019
59210
59154
58993
51922
58818
58703
96415
58629
65700
58539
98608
58305
74773
55782
46354
58139
55342
55242
55235
57592
59630
55194
33981
55059
29990
54978
40836
54850
54817
19462
54801
40659
59175
54739
54737
56964
54746
56339
73508
56978
5124
73477
61604
56814
37958
56778
56739
56605
70747
56531
48325
63410
56305
56288
56262
79832
59443
56116
70258
56016
63087
67801
55917
41916
42629
9631
54414
42493
46863
42427
94281
42324
42257
52857
42168
98736
41926
92540
63129
41829
41757
15830
41680
41675
53863
50536
41664
41645
20432
41403
26750
43638
3604
88456
44697
43588
36517
43459
59958
43392
62248
34391
43249
67330
43179
43022
43002
71286
46076
42734
47115
42679
42640
68567
58155
54828
25752
40073
37716
73071
40004
65931
59937
71722
39975
25833
57638
76494
39894
40092
39883
63453
65810
39779
9138
56396
63467
39761
39603
37246
39535
39507
57778
49337
41294
41283
51261
63046
41236
29451
41036
38702
40899
33828
40881
93269
41143
40468
44821
40385
23886
51443
53800
40353
12069
40334
21478
40203
63264
47217
47202
47199
47003
56419
65847
46908
46819
46778
56746
47318
46765
1982
47277
72692
46736
54358
37859
92070
46595
46587
37159
47619
92402
46510
60652
47786
38897
69538
48298
48166
55889
65317
48126
56918
48046
47941
47883
57311
46337
49966
47748
21821
54286
56643
47632
47552
50816
47489
6368
51713
79997
30511
21660
45141
44931
19004
44853
44474
44464
44383
42009
20796
4297
56438
45230
44239
23026
59543
53998
70497
47344
23774
63843
38605
74083
43772
24916
57310
76978
46243
60385
62742
69813
46186
15545
46136
24923
68023
46121
43168
39461
64381
51442
45897
45895
45845
71772
45663
24450
71590
45457
45434
75896
66201
65512
65532
67889
65853
65883
65975
65984
66022
66098
66175
99173
66180
66186
67693
66226
66240
66330
66409
66486
66496
66532
73603
66544
97185
66570
66741
64656
63754
63980
66337
97006
64143
64195
64339
64346
64448
64585
64594
71665
66859
64744
64818
97816
64821
64860
64954
65076
65129
65283
69997
65332
65336
68264
67703
67844
67907
68053
68078
68158
68172
68186
68207
68219
68254
89467
67596
68325
68413
68475
68502
68529
68542
68552
68575
68629
68656
68672
96956
67272
66884
66896
88109
66926
66959
67120
74191
67229
74300
67250
69607
93177
63743
67296
74367
67347
83846
67451
67452
67462
67487
72201
67575
77003
67590
60946
60180
60281
60311
60376
60453
60514
60586
60598
60723
60745
60904
70332
60942
60160
60949
60959
61003
61051
91692
61118
61129
63486
61207
61227
61244
61267
37835
37271
51689
65831
37272
60842
38428
37319
37455
70453
44127
37784
1238
61493
36878
37987
38120
40509
38291
38315
59979
59985
67056
60024
60025
60120
70004
62621
62669
62680
90964
62799
62828
62891
62908
62912
62913
62933
65290
62483
63040
63063
63195
63202
63266
63356
63433
63463
63548
63654
63731
89658
71572
68564
61495
61570
61572
85142
61769
61824
61954
62069
90353
62131
62144
68688
62238
62243
95241
62264
62303
95301
62314
62350
71778
62400
62459
62468
81946
78768
78854
78897
79222
79310
79948
80171
94313
80738
81072
81114
81277
81394
78677
82405
82535
83185
83737
84135
84309
84803
84880
84893
94321
85080
85208
76468
74341
74376
74579
74631
75054
75143
75380
86577
75620
75631
75748
76196
99350
76493
76594
76640
76854
76860
77253
77407
77512
77543
77667
77786
77790
96157
90834
90843
91111
91700
91803
93040
93174
93235
94128
94713
95654
95781
90630
96788
96796
96960
97151
97572
97581
97689
98677
99105
99376
99541
99567
88138
85430
85583
85673
85696
86181
86551
86623
87001
87011
87055
87710
87978
74327
88311
88312
88396
88662
88687
88923
89663
89838
90200
90448
90479
90612
70718
69949
70145
70232
70268
70304
70311
70477
70507
70511
70659
70703
82488
91916
88781
87217
70846
70882
70901
70927
70978
87477
71064
71195
71207
71234
71240
69028
68708
68788
68799
97083
99440
68823
68848
68954
68990
69008
69020
73734
75954
69191
69205
69262
69318
69328
69517
69635
69654
69832
69861
81646
69925
73524
98831
73001
73010
73014
75371
73227
73252
73309
73327
73378
73451
73454
77618
85309
73697
73833
73874
74085
74095
74114
74177
74218
78932
74248
74250
72330
71493
71501
71539
71672
71755
71838
71856
71989
72050
72110
72142
72209
36965
72358
72410
72464
72640
72643
72652
72752
72799
84584
72823
72866
72904
41808
91762
57455
54128
53019
31948
10877
36304
24519
9012
56049
52722
46068
23064
31625
6453
17410
11499
23284
56255
58612
19658
59727
27421
15929
8858
32428
23442
15972
66445
68802
45977
9380
63591
98946
56094
51658
48331
78972
26151
67783
10134
61988
38266
48233
18290
60716
18262
11608
63462
42715
12074
26216
24197
96119
1153
78934
36641
34053
59980
23883
28752
54617
59331
41309
58701
70192
19193
26264
9212
24738
38734
59947
24317
31388
32565
24487
24271
64340
30955
54775
12165
56948
9800
14411
36591
20941
64793
407
18975
14539
2823
53684
54475
16624
3461
81242
22140
69280
54707
5059
947
59930
34003
46622
18090
61219
63576
89503
22540
29707
69911
47723
35524
9081
89219
56607
66035
37754
44720
88800
2969
49927
32183
99673
37593
98875
21878
30750
35464
16333
37546
1228
43683
20394
32179
62820
51647
7287
28318
23604
836
30591
84802
11758
59465
2337
32978
8433
18751
70032
38155
31084
256
87465
33143
51247
67746
8730
8128
50772
47445
45227
18611
18938
92005
6820
32327
25256
41441
10224
25662
31452
34173
12773
71698
40237
10294
40130
66057
73128
36803
34446
69801
35114
49640
59068
15261
12506
54337
8868
20657
67797
91367
27149
14015
52858
55571
18557
47850
2732
26302
24912
1197
59758
64064
17904
46316
36888
18591
61293
38697
56826
37970
55717
31393
97389
32502
32584
34848
52892
32930
58516
33009
22198
66007
21865
64291
35173
55213
33033
33101
52077
33224
33396
33480
3128
31583
53004
69503
34429
35260
30049
30212
30985
99338
31340
36798
31542
29365
66767
76366
85794
46171
31754
38246
38394
65593
43691
46531
43204
23242
32114
55703
91052
34781
60708
35322
42490
36945
37359
35141
47432
56538
94250
35467
34484
35741
60407
56433
72932
19275
64058
35910
73622
36026
62079
39844
36691
66332
33902
53162
57270
64341
34023
62128
30934
71003
34261
69616
53574
38048
32555
34294
55457
60171
53253
60324
34400
54391
32211
60495
39991
30010
3432
67390
26265
58463
40947
37620
44116
60615
26565
30893
44796
31902
67257
74464
27321
57317
58121
27005
27057
64769
52321
36795
81578
27131
64843
27136
27349
31677
90228
38936
24717
37701
24898
25092
76946
25342
47532
25352
45720
90503
31303
52640
36172
27953
2446
25735
65804
57913
69698
27970
32684
26969
27075
26108
20232
28029
34683
28684
24115
71255
92468
54031
22979
37396
29060
39988
2554
38042
29104
29212
25366
37388
29625
38281
57575
46485
29986
29850
46972
70542
27554
36141
37114
38223
27133
57774
93129
36005
37628
25843
27398
72181
54170
36736
99807
37833
42196
27809
60807
27904
43491
50832
38633
69274
28253
28294
