22400 22534 23617 25231 26436 29427 30137 34033 38905 38978 40693 42648 45319 47732 56263 58641 70980 73374 78692 83136 99224 7683 11854 38958 52600 65199 69530
13179 20395 23221 25490 30376 34782 43753 57038 57660 68941 71734 71813 73783 84582 88662 6820 15273 21753 34607 69702 70089 73067 73813 74255 76978 81246 88157
23214 23850 25042 31011 31018 31157 31393 34397 34684 73378 21652 26665 27859 28423 30590 30644 33523
34386 37280 42041 53686 61238 64105 95863 35828 36115 42904 59891 66191 71277 74060 97591 98726
77625 78750 79503 94693 94977 98037 98095 98304 98906 52011 72112
28897 40225 51934 57547 69950 23385 38093 52537 67198 67632
20942 23194 24213 26204 26838 28287 34917 35490 24232 26857
34341 78909 84054 91185 94013 27779 68675 71685 75763
61582 72161 79590 81711 92618 97043 8520 27101
87019 51261 55763 67348 74094 79232 82469
49450 53342 72989 50150 57035 60119 68554
25887 31566 34959 35276 28916 34874
88138 18372 29042 38624 70052 73656
21657 21756 22897 24799 30865 40013
89996 6274 43395 46440 53509 75717
41347 94028 27809 29345 65094 98009
78159 37519 56708 60925 70749 98893
33902 74464 14600 39861 66024
61709 65367 67534 73201 69612
82146 21632 22839 25808 47540
81072 57274 59083 66872 96963
95714 40321 43557 47483 60391
82201 29563 42987 58491 71401
82455 44764 54165 58520 60882
25461 56016 58155 36718 44640
97622 38546 49990 63895 70078
62513 68238 97508 71754 74306
79176 66443 88571 91302
51151 53425 45001 47278
30271 60322 68227 6159
17280 44498 39287 68915
91114 14411 43628 72972
2080 56085 71304 56623
19566 19835 18181 18929
22285 25501 32075 32410
92865 50278 64970 99664
50028 74289 48610 53062
91227 11787 31143 86435
95629 95791 84783 85437
94966 33313 41004 96317
67155 99176 41926 51566
29260 31858 35094
44103 58802 68241
23411 27244 11619
55045 70307 72665
38824 61419 69116
65255 64064 68786
22403 42715 66281
23055 43707 49537
88923 16346 23422
40995 58840 61069
36711 57030 64491
59609 68463 61072
92973 6905 7750
91245 99063 59901
21589 30988 25450
29268 53720 33022
89129 60725 91757
17998 53972 57260
97816 41829 62912
27953 21878 22587
65251 54894 57734
98935 62375 65221
1982 836 5600
72081 72976 74201
5260 70978 5868
43261 63356 57961
55916 69402 70327
39219 40524 57977
88737 78253 92754
50568 59380 73371
26715 48223 59236
89562 54190 73042
5503 38226 44575
46740 57955 66557
94321 24469 98247
88699 49252 70060
24646 58838 29999
78212 89258 93040
9090 68802 60038
3915 57156 65311
10055 58874 52413
13053 70795 17442
37958 41160 47318
17435 60537 58231
39937 42804 67412
57058 60745 63453
21181 17644 70058
30929 36314 67632
7436 7696 39139
64003 94128 58417
98770 59630
90903 91696
23742 56597
63208 63825
81277 29055
30059 45619
65372 66485
59762 72952
46980 73054
42984 63133
21213 59458
8433 60326
62144 55645
23699 29242
9765 9853
84802 32555
10224 52839
62825 66533
44391 56693
22463 36113
75425 38740
32134 55372
13343 51018
36958 53794
4998 63028
35048 45725
87222 92803
54559 57770
24519 11150
38734 39082
8868 68765
32600 577
35910 72209
31625 44392
80989 71639
31084 28253
50227 73786
97572 43002
44095 61207
29707 22170
3560 36812
29715 21768
79310 23003
45596 58654
61051 19317
4587 58732
54461 68391
45500 68197
45497 56133
60251 67028
96788 76640
24197 58309
43885 52694
20470 66141
43866 54526
26478 15927
23357 67707
1482 56999
41441 56739
27087 67936
52596 58227
41422 65380
53715 55788
5685 10329
13299 54359
51588 71955
89972 90425
75405 30576
89219 99320
76468 83333
1641 54687
13501 73878
34053 68363
56890 69828
90593 96678
43687 39012
82136 90557
1629 16983
17867 38053
78854 43783
97824 24400
70866 61554
69189 70332
7679 66901
34476 42776
78211 96494
53019 73828
48685 57768
13117 67374
50255 54230
70251 55313
50555 60194
83394 58612
72898 56507
52579 72599
49036 60352
15696 18695
36704 39443
22448 29086
25139 31992
27965 59097
13835 2289
298 65186
22357 37291
3128 59691
17020 57761
53818 19758
48288 65754
41346 48228
14539 18911
66668
21660
23064
68424
35467
17410
35616
16963
24898
36725
68475
82272
36965
56276
62472
54775
92481
36922
72410
53574
38048
36803
37043
62742
44538
99565
69432
37271
70542
51689
31005
54294
90503
15972
57009
5124
37272
71698
37319
65290
37565
57311
51922
37114
56049
83737
51291
23459
37159
27057
51658
36814
27133
19462
61604
54817
48331
48325
56094
37180
37246
56643
39844
33328
69925
36828
60025
51153
35719
36736
18975
20394
24916
43769
27904
27970
25752
91983
23883
21827
57913
27554
44930
62680
66007
19193
20302
22426
89658
12773
48166
20796
20575
69360
19455
21673
34484
3432
46243
56991
61769
70778
56017
64143
2969
23110
57310
46765
56746
18633
57135
65129
47489
18214
74773
36591
51739
64793
58139
49823
17904
21387
21905
72330
21478
57411
23032
407
97999
22831
99108
58937
18938
22929
51647
18646
16333
30750
57774
30049
51126
73014
4256
56379
58763
8858
56545
70747
43022
50785
50812
38633
47505
50832
49887
51144
49224
51442
69280
51536
60949
52077
35358
59700
53046
51937
54642
36795
54634
73697
48190
74049
56305
18290
48233
26108
48544
48838
62238
61129
26750
48930
52321
79222
49279
70408
63754
49337
56911
49347
49412
56669
49763
40985
49857
63195
74177
68158
54850
99338
58305
54978
91916
73063
55319
55717
67029
55939
30973
56480
54752
63087
45343
56433
56470
94313
56607
62248
58921
56703
86721
56778
48046
56918
52858
52348
52522
24912
31532
52603
63795
6127
52705
70453
52709
73928
52857
35114
48056
53132
68688
53162
65883
19305
53684
53706
62658
24952
53786
54080
61248
55703
38697
39883
86055
39991
57827
41192
40083
40092
40237
40706
69607
40773
40881
77512
39761
34261
40915
40977
60089
41236
42582
42639
97199
62820
42858
60615
42871
73686
45622
77618
37694
72939
47432
37722
78972
51247
31204
54493
37759
57235
37784
30265
61487
23442
37859
63046
38648
54337
55571
38936
47996
39309
39535
99935
17869
41158
46908
59698
25319
46390
89838
46587
67693
59930
43295
46622
54737
78897
43409
46736
46354
87055
17188
47131
50772
47445
47582
74248
47632
72201
47803
47883
48007
30312
57795
43743
44239
44415
16663
42170
91052
44474
44697
40385
44821
45255
52508
45589
46221
45977
72692
71583
46076
47699
46208
53863
41664
50536
46266
70989
55463
86278
63548
64448
64368
95301
80884
64249
67330
73983
64002
63803
63741
63694
63668
63591
63576
64458
63380
85309
63129
62951
62913
62869
62850
62799
62669
62664
62431
62400
62354
66113
67229
67193
67018
67012
66887
66884
69859
66532
66445
66337
66186
66175
66135
62343
72752
66098
66022
73738
65975
65804
85494
65532
64886
64818
82488
64744
64656
59543
60171
60160
60120
60074
59985
63264
59937
59873
59758
59669
59610
73960
60652
60290
59377
59287
59154
68799
58818
58539
64011
58466
58348
73865
58339
68307
58326
61244
68957
62303
62079
72050
69832
62069
61988
96203
61824
61493
63587
61369
61267
71665
61005
61003
61000
60959
60946
60904
60723
60708
60407
60337
76946
60311
68053
75143
79997
98816
87640
78768
77786
85430
77667
77003
82405
76860
76854
76196
75896
80134
75067
74684
76594
74376
74327
74095
73833
73779
73667
73608
80990
73227
73123
91692
98728
98608
98107
97526
97151
96415
96134
95654
95241
93906
92925
98634
91980
73010
90834
90630
89663
89467
89090
87438
86265
85814
85696
84803
84185
88800
80171
78934
70311
70126
73407
70080
70051
70004
69813
69742
68990
68564
68502
67946
67878
70321
67844
74451
67797
67647
67596
67575
67487
67452
77253
67272
67257
67248
81646
72881
73001
72901
72823
73908
72799
72768
72737
72666
72550
72358
72110
74085
71778
64769
71772
72699
71590
71569
71501
71300
84584
71276
71255
70718
70703
70659
70615
73734
27882
68672
37620
38702
68186
57096
50710
19658
16953
36798
38473
9631
52370
31754
72242
38246
30212
67390
26357
75748
31388
25843
60152
9138
22219
37367
23774
96157
40200
88781
59947
23932
70309
18186
63467
47941
69654
31948
32085
74579
69034
54617
90612
23604
18822
63202
16624
64341
15545
97052
28294
2337
56978
32211
53851
12165
8700
32930
52892
61736
58409
64821
60385
1238
9800
25833
17634
3217
54734
84477
73963
990
33078
36106
22798
49848
19377
41943
26264
20867
69191
61857
50767
69233
67072
89503
42168
27136
62465
34003
27349
27132
53695
63433
45663
47827
49991
50532
97289
41675
6368
54517
64340
32684
56811
30955
2823
31256
60514
72178
59979
33363
31542
64954
68207
33828
32978
32703
32610
48126
32235
37104
34190
93129
31583
60376
40093
73642
31500
31452
66632
31144
37396
30923
60716
56280
27321
53289
30074
40353
57445
58115
58083
57979
57974
57952
57946
57756
64381
57727
57638
57629
57580
77407
30991
74040
57405
36172
36152
35524
98736
72120
22540
68443
35173
26933
43704
34683
53862
38604
70304
28162
20588
91700
35141
37359
28091
78699
68718
22140
23724
63843
28684
27149
26565
4297
66226
64008
58463
26302
26265
38708
53343
25735
64195
33143
38281
18007
29990
25662
16465
29753
21051
64006
55134
62314
33480
29625
64058
27461
1584
55593
29414
69028
20232
29104
65512
36678
28995
65593
51176
57127
63063
61954
22400 22534 23617 25231 26436 29427 30137 34033 38905 38978 40693 42648 45319 47732 56263 58641 70980 73374 78692 83136 99224 7683 11854 38958 52600 65199 69530
13179 20395 23221 25490 30376 34782 43753 57038 57660 68941 71734 71813 73783 84582 88662 6820 15273 21753 34607 69702 70089 73067 73813 74255 76978 81246 88157
23214 23850 25042 31011 31018 31157 31393 34397 34684 73378 21652 26665 27859 28423 30590 30644 33523
34386 37280 42041 53686 61238 64105 95863 35828 36115 42904 59891 66191 71277 74060 97591 98726
77625 78750 79503 94693 94977 98037 98095 98304 98906 52011 72112
28897 40225 51934 57547 69950 23385 38093 52537 67198 67632
20942 23194 24213 26204 26838 28287 34917 35490 24232 26857
34341 78909 84054 91185 94013 27779 68675 71685 75763
61582 72161 79590 81711 92618 97043 8520 27101
49450 53342 72989 50150 57035 60119 68554
87019 51261 55763 67348 74094 79232 82469
41347 94028 27809 29345 65094 98009
89996 6274 43395 46440 53509 75717
88138 18372 29042 38624 70052 73656
78159 37519 56708 60925 70749 98893
25887 31566 34959 35276 28916 34874
21657 21756 22897 24799 30865 40013
82146 21632 22839 25808 47540
33902 74464 14600 39861 66024
61709 65367 67534 73201 69612
95714 40321 43557 47483 60391
62513 68238 97508 71754 74306
82201 29563 42987 58491 71401
82455 44764 54165 58520 60882
25461 56016 58155 36718 44640
97622 38546 49990 63895 70078
81072 57274 59083 66872 96963
30271 60322 68227 6159
22285 25501 32075 32410
51151 53425 45001 47278
2080 56085 71304 56623
91114 14411 43628 72972
67155 99176 41926 51566
91227 11787 31143 86435
19566 19835 18181 18929
17280 44498 39287 68915
50028 74289 48610 53062
92865 50278 64970 99664
95629 95791 84783 85437
79176 66443 88571 91302
94966 33313 41004 96317
38824 61419 69116
29260 31858 35094
36711 57030 64491
21589 30988 25450
88923 16346 23422
55045 70307 72665
9090 68802 60038
40995 58840 61069
23411 27244 11619
59609 68463 61072
29268 53720 33022
89129 60725 91757
17998 53972 57260
98935 62375 65221
65251 54894 57734
44103 58802 68241
72081 72976 74201
27953 21878 22587
37958 41160 47318
94321 24469 98247
17435 60537 58231
24646 58838 29999
23055 43707 49537
97816 41829 62912
65255 64064 68786
89562 54190 73042
92973 6905 7750
88737 78253 92754
30929 36314 67632
64003 94128 58417
39219 40524 57977
50568 59380 73371
5260 70978 5868
1982 836 5600
22403 42715 66281
5503 38226 44575
43261 63356 57961
55916 69402 70327
26715 48223 59236
46740 57955 66557
21181 17644 70058
78212 89258 93040
91245 99063 59901
10055 58874 52413
13053 70795 17442
88699 49252 70060
39937 42804 67412
7436 7696 39139
3915 57156 65311
10224 52839
30059 45619
81277 29055
23699 29242
22463 36113
98770 59630
48288 65754
90903 91696
23742 56597
62144 55645
65372 66485
75425 38740
59762 72952
42984 63133
21213 59458
8433 60326
44391 56693
62825 66533
46980 73054
84802 32555
63208 63825
50227 73786
36958 53794
4998 63028
13343 51018
87222 92803
35048 45725
54559 57770
24519 11150
38734 39082
8868 68765
32600 577
35910 72209
32134 55372
31625 44392
80989 71639
31084 28253
97572 43002
29707 22170
29715 21768
44095 61207
3560 36812
43885 52694
20470 66141
45596 58654
61051 19317
54461 68391
45500 68197
96788 76640
45497 56133
24197 58309
60251 67028
26478 15927
4587 58732
79310 23003
43866 54526
23357 67707
27087 67936
1482 56999
41441 56739
52596 58227
41422 65380
53715 55788
70251 55313
13835 2289
52579 72599
72898 56507
22448 29086
13299 54359
51588 71955
1641 54687
34476 42776
53019 73828
13117 67374
53818 19758
50555 60194
50255 54230
48685 57768
7679 66901
1629 16983
97824 24400
34053 68363
90593 96678
56890 69828
70866 61554
83394 58612
22357 37291
3128 59691
298 65186
89972 90425
13501 73878
43687 39012
82136 90557
78854 43783
9765 9853
78211 96494
5685 10329
57058 63453
89219 99320
25139 31992
75405 30576
15696 18695
17020 57761
17867 38053
27965 59097
76468 83333
49036 60352
36704 39443
14539 18911
41346 48228
56049
37114
83737
12773
21660
69360
37159
66007
23459
27057
36814
27554
89658
51922
22426
92481
82272
36803
38048
53574
34484
72410
21673
36922
35467
24898
54775
62472
36965
16963
27133
48331
19455
5124
57135
31005
54294
37043
44930
15972
51689
37272
62680
57310
71698
1584
37319
65290
37565
57311
46221
90503
56276
19462
61604
56094
54817
37180
48325
37246
51658
62742
69432
37271
70542
20302
44538
19193
99565
69925
22831
21387
36736
51153
407
97999
22929
99108
36828
18938
60025
51647
18646
16333
57774
30750
30049
21905
23883
91983
18975
21827
27970
20796
25752
27904
33328
57913
57411
23032
35719
72330
43769
21478
24916
3432
36591
51739
64793
17904
20394
58139
58937
56991
49823
17410
68424
23064
66668
35616
48166
56643
36725
70778
65129
56017
64143
23110
46765
61769
56746
18633
68475
47489
51291
18214
46243
74773
20575
39844
49224
4256
56379
58763
8858
56545
70747
43022
50785
50812
38633
47505
50832
51126
51144
73014
51442
69280
51536
60949
52077
35358
59700
53046
51937
54642
36795
52321
52348
79222
48190
74049
56305
18290
48233
26108
48544
48838
62238
61129
26750
48930
54634
52522
49279
70408
63754
49337
56911
49347
49412
56669
49763
40985
49857
63195
49887
45343
99338
58305
54978
91916
73063
55319
55717
67029
55939
30973
56480
74177
63087
54850
56433
56470
94313
56607
62248
58921
56703
86721
56778
48046
56918
57009
2969
68688
24912
31532
52603
63795
6127
52705
70453
52709
73928
52857
35114
52858
53132
73697
53162
65883
19305
53684
53706
62658
24952
53786
54080
61248
55703
54752
68158
34261
86055
39991
57827
41192
40083
40092
40237
40706
69607
40773
40881
77512
38697
39883
40915
40977
60089
41236
42582
42639
97199
62820
42858
60615
42871
73686
61487
23442
37694
72939
47432
37722
78972
51247
31204
54493
37759
57235
37784
30265
45622
43743
37859
63046
38648
54337
55571
38936
47996
39309
39535
99935
17869
41158
39761
87055
25319
46390
89838
46587
67693
59930
43295
46622
54737
78897
43409
46736
46908
59698
17188
47131
50772
47445
47582
74248
47632
72201
47803
47883
48007
30312
48056
45977
44239
44415
16663
42170
91052
44474
44697
40385
44821
45255
52508
45589
57795
77618
72692
71583
46076
47699
46208
53863
41664
50536
46266
70989
55463
86278
46354
63576
64458
64448
64368
95301
80884
64249
67330
73983
64002
63803
63741
63694
63668
63591
64656
63548
63380
85309
63129
62951
62913
62869
62850
62799
62669
62664
62431
62400
66135
71665
67229
67193
67018
67012
66887
66884
69859
66532
66445
66337
66186
66175
62354
66113
72752
66098
66022
73738
65975
65804
85494
65532
64886
64818
82488
64744
73960
68053
60290
60171
60160
60120
60074
59985
63264
59937
59873
59758
59669
59610
60311
60652
59543
59377
59287
59154
68799
58818
58539
64011
58466
58348
73865
58339
61267
62343
68957
62303
62079
72050
69832
62069
61988
96203
61824
61493
63587
61369
81646
61244
61005
61003
61000
60959
60946
60904
60745
60723
60708
60407
60337
76946
75067
79997
98816
87640
78768
77786
85430
77667
77003
82405
76860
76854
76196
75896
75143
80134
74684
76594
74376
74327
74095
73833
73779
73667
73608
80990
73227
73123
73010
91692
98728
98608
98107
97526
97151
96415
96134
95654
95241
93906
92925
98634
91980
73001
90834
90630
89663
89467
89090
87438
86265
85814
85696
84803
84185
88800
80171
67878
70311
70126
73407
70080
70051
70004
69813
69742
69189
68990
68564
68502
67946
70321
78934
67844
74451
67797
67647
67596
67575
67487
67452
77253
67272
67257
67248
72699
72901
72823
73908
72799
72768
72737
72666
72358
72110
74085
71778
72881
71772
68307
71590
71569
71501
71300
84584
71276
71255
70718
70703
70659
70615
72550
70332
31754
72242
27882
68672
37620
38702
68186
57096
50710
19658
16953
36798
38473
9631
52370
12165
73734
38246
30212
67390
26357
75748
31388
25843
60152
9138
22219
37367
23774
54617
97289
88781
59947
23932
70309
18186
63467
47941
69654
31948
32085
74579
69034
96157
40200
23604
18822
63202
16624
64341
15545
97052
28294
2337
56978
32211
53851
84477
73963
32930
52892
61736
58409
64821
60385
1238
9800
25833
17634
3217
54734
33363
8700
990
33078
36106
22798
49848
19377
41943
26264
20867
69191
61857
50767
50532
90612
89503
42168
27136
62465
34003
27349
27132
53695
63433
45663
47827
49991
33143
67072
41675
6368
54517
64340
32684
56811
30955
2823
31256
60514
72178
59979
31583
34683
40093
64954
68207
33828
32978
32703
32610
48126
32235
37104
34190
93129
43704
60376
31542
73642
31500
31452
66632
31144
37396
30923
60716
56280
27321
53289
57580
58326
64769
58115
58083
57979
57974
57952
57946
57756
64381
57727
57638
57629
30074
77407
57445
74040
57405
36172
36152
35524
98736
72120
22540
68443
35173
26933
63843
28684
38604
70304
28162
20588
91700
35141
37359
28091
78699
68718
22140
23724
61954
53862
27149
26565
4297
66226
64008
58463
26302
26265
38708
53343
25735
64195
64058
40353
30991
18007
29990
25662
16465
29753
21051
64006
55134
62314
33480
29625
69233
27461
38281
55593
29414
69028
20232
29104
65512
36678
28995
65593
51176
63063
13179 20395 23221 25490 30376 34782 43753 57038 57660 68941 71734 71813 73783 84582 88662 6820 15273 21753 34607 69702 70089 73067 73813 74255 76978 81246 88157
22400 22534 23617 25231 26436 29427 30137 34033 38905 38978 40693 42648 45319 47732 56263 58641 70980 73374 78692 83136 99224 7683 11854 38958 52600 65199 69530
23214 23850 25042 31011 31018 31157 31393 34397 34684 73378 21652 26665 27859 28423 30590 30644 33523
34386 37280 42041 53686 61238 64105 95863 35828 36115 42904 59891 66191 71277 74060 97591 98726
77625 78750 79503 94693 94977 98037 98095 98304 98906 52011 72112
28897 40225 51934 57547 69950 23385 38093 52537 67198 67632
20942 23194 24213 26204 26838 28287 34917 35490 24232 26857
34341 78909 84054 91185 94013 27779 68675 71685 75763
61582 72161 79590 81711 92618 97043 8520 27101
87019 51261 55763 67348 74094 79232 82469
49450 53342 72989 50150 57035 68554
88138 18372 29042 38624 70052 73656
78159 37519 56708 60925 70749 98893
25887 31566 34959 35276 28916 34874
89996 6274 43395 46440 53509 75717
95714 40321 43557 47483 60391
81072 57274 59083 66872 96963
82146 21632 22839 25808 47540
33902 74464 14600 39861 66024
25461 56016 58155 36718 44640
94028 27809 29345 65094 98009
82455 44764 54165 58520 60882
21657 21756 22897 24799 30865
62513 68238 97508 71754 74306
61709 65367 67534 73201 69612
50028 74289 48610 53062
79176 66443 88571 91302
94966 33313 41004 96317
95629 95791 84783 85437
2080 56085 71304 56623
17280 44498 39287 68915
30271 60322 68227 6159
51151 53425 45001 47278
91114 14411 43628 72972
92865 50278 64970 99664
82201 29563 42987 71401
97622 38546 63895 70078
91227 11787 31143 86435
22285 25501 32075 32410
19566 19835 18181 18929
67155 99176 41926 51566
27953 21878 22587
24646 58838 29999
23055 43707 49537
64003 94128 58417
29260 31858 35094
89129 60725 91757
72081 72976 74201
46740 57955 66557
36711 57030 64491
38824 61419 69116
29268 53720 33022
1982 836 5600
9090 68802 60038
65255 64064 68786
37958 41160 47318
55045 70307 72665
88923 16346 23422
40995 58840 61069
21181 17644 70058
7436 7696 39139
10055 58874 52413
98935 62375 65221
39937 42804 67412
65251 54894 57734
55916 69402 70327
39219 40524 57977
94321 24469 98247
5260 70978 5868
22403 42715 66281
26715 48223 59236
59609 68463 61072
50568 59380 73371
43261 63356 57961
88699 49252 70060
23411 27244 11619
88737 78253 92754
17998 53972 57260
89562 54190 73042
30929 36314 67632
13053 70795 17442
91245 99063 59901
78212 89258 93040
5503 38226 44575
92973 6905 7750
3915 57156 65311
17435 60537 58231
21589 30988 25450
44103 58802 68241
97816 41829 62912
22357 37291
43885 52694
43866 54526
1482 56999
46980 73054
41441 56739
89219 99320
25139 31992
52596 58227
59762 72952
41422 65380
15696 18695
23742 56597
17020 57761
53715 55788
17867 38053
35910 72209
61051 19317
62825 66533
13501 73878
43687 39012
62144 55645
90903 91696
75425 38740
3128 59691
63208 63825
70866 61554
79310 23003
20470 66141
45596 58654
98770 59630
54461 68391
45500 68197
60251 67028
45497 56133
5685 10329
298 65186
27087 67936
7679 66901
1629 16983
4998 63028
36958 53794
34053 68363
14539 18911
36704 39443
9765 9853
10224 52839
23699 29242
42984 63133
97572 43002
21213 59458
26478 15927
23357 67707
24197 58309
8433 60326
84802 32555
96788 76640
44391 56693
4587 58732
22463 36113
34476 42776
35048 45725
54559 57770
13835 2289
87222 92803
22448 29086
24519 11150
38734 39082
32600 577
13299 54359
8868 68765
1641 54687
13343 51018
31625 44392
80989 71639
31084 28253
50227 73786
53019 73828
44095 61207
3560 36812
29715 21768
13117 67374
29707 22170
89972 90425
41346 48228
83394 58612
78211 96494
90593 96678
75405 30576
72898 56507
52579 72599
78854 43783
97824 24400
51588 71955
49036 60352
27965 59097
53818 19758
48685 57768
82136 90557
48288 65754
50255 54230
50555 60194
70251 55313
30059 45619
81277 29055
76468 83333
65372 66485
56890 69828
44930
36736
53132
20302
24916
19193
62658
43769
53706
24952
27904
91983
52858
54080
23883
57135
20394
69360
19305
21673
34484
27554
89658
3432
56991
68688
39844
22426
53684
65883
53162
60025
51153
19455
53046
70778
47489
52348
36591
52321
36795
51739
64793
58139
54642
51937
52522
59700
66668
35616
36725
82272
36803
38048
53574
72410
36922
92481
22929
20796
21905
35114
52857
57411
23032
73928
52709
22831
21387
70453
21827
52705
6127
63795
57774
52603
30049
31532
56017
64143
23110
24912
45343
62248
23459
21660
56607
94313
56470
56433
35467
16963
24898
68475
27057
63087
56276
74177
23064
68424
17410
56480
30973
58937
17904
55939
56778
5124
15972
37043
57310
2969
54294
31005
99565
57009
56918
48046
49823
44538
62742
48325
54817
61604
19462
51922
86721
36814
56703
58921
36828
407
21478
72330
54752
57913
25752
27970
55703
56643
18975
35719
68158
69925
61248
33328
61769
46243
52077
20575
48166
12773
53786
66007
65129
67029
55717
74773
18214
51291
55319
73063
18633
56746
91916
46765
62680
30750
16333
54978
18646
51647
58305
99338
18938
54850
99108
97999
45255
54634
44239
44415
16663
42170
63453
91052
44474
44697
40385
44821
79222
48930
52508
26750
45589
57795
61129
62238
48838
45977
48544
72692
42639
40915
49412
40977
49347
56911
60089
41236
41347
49337
63754
42582
71583
97199
62820
42858
60615
42871
70408
73686
61487
43743
49279
46736
46587
67693
30312
59930
48007
43295
46622
54737
78897
43409
47883
48056
47803
46908
87055
17188
47131
72201
50772
47632
47445
47582
74248
56305
46076
47699
46208
26108
48233
53863
41664
50536
46266
18290
70989
34261
55463
74049
86278
46354
59698
25319
46390
89838
48190
73697
37694
49224
51144
51126
50832
71698
37319
65290
37565
57311
46221
77618
37272
72939
47432
37722
78972
47505
51247
31204
54493
38633
50812
37759
48331
62472
36965
35358
27133
37114
56049
83737
60949
37159
51536
51658
57235
69280
51442
56094
37180
37246
90503
69432
37271
70542
51689
41192
17869
41158
39761
49887
39883
86055
63195
49857
40985
39991
57827
99935
40083
40092
40237
40706
69607
40773
40881
49763
56669
77512
38697
54337
37784
30265
50785
45622
43022
70747
23442
37859
63046
38648
56545
54775
8858
55571
38936
47996
58763
56379
39309
4256
73014
39535
63380
64368
95301
80884
64249
67330
73983
64002
63803
63741
63694
63668
63591
63576
63548
64448
85309
63129
62951
62913
62869
62850
62799
62669
62664
62431
62400
62354
62343
72752
67193
67018
67012
66887
66884
69859
66532
66445
66337
66186
66175
66135
66113
68957
66098
66022
73738
65975
65804
85494
65532
64886
64818
82488
64744
64656
64458
59543
60171
60160
60120
60074
59985
63264
59937
59873
59758
59669
59610
73960
60652
60290
59377
59287
59154
68799
58818
58539
64011
58466
58348
73865
58339
68307
58326
61005
62303
62079
72050
69832
62069
61988
96203
61824
61493
63587
61369
61267
61244
67229
61003
61000
60959
60946
60904
60745
60723
60708
60407
60337
76946
60311
68053
75067
79997
98816
87640
78768
77786
85430
77667
77003
82405
76860
76854
76196
75896
75143
80134
74684
76594
74376
74327
74095
73833
73779
73667
73608
80990
73227
73123
73010
91692
98728
98608
98107
97526
97151
96415
96134
95654
95241
93906
92925
98634
91980
73001
90834
90630
89663
89467
89090
87438
86265
85814
85696
84803
84185
88800
80171
67844
70126
73407
70080
70051
70004
69813
69742
68990
68564
68502
67946
67878
78934
70311
74451
67797
67647
67596
67575
67487
67452
77253
67272
67257
67248
81646
71665
71772
72901
72823
73908
72799
72768
72737
72666
72550
72358
72110
74085
71778
72881
64769
72699
71590
71569
71501
71300
84584
71276
71255
70718
70703
70659
70615
70321
38246
68672
37620
38702
68186
57096
50710
19658
16953
36798
38473
9631
52370
31754
73734
27882
30212
67390
26357
75748
31388
25843
60152
9138
22219
37367
23774
96157
90612
23604
59947
23932
70309
18186
63467
47941
69654
31948
32085
74579
69034
54617
40200
89503
18822
63202
16624
64341
15545
97052
28294
2337
56978
32211
53851
12165
72242
8700
52892
61736
58409
64821
60385
57058
1238
9800
25833
17634
3217
54734
84477
32930
990
33078
36106
22798
49848
19377
41943
26264
20867
69191
61857
50767
69233
41675
42168
27136
62465
34003
27349
27132
53695
63433
45663
47827
49991
50532
67072
88781
6368
54517
64340
32684
56811
30955
2823
31256
60514
72178
59979
33363
73963
31542
64954
68207
33828
32978
32703
32610
48126
32235
37104
34190
93129
32134
31583
60376
40093
73642
31500
31452
66632
31144
37396
30923
60716
56280
27321
53289
30074
40353
57445
58115
58083
57979
57974
57952
57946
57756
64381
57727
57638
57629
57580
77407
30991
74040
57405
36172
36152
35524
98736
72120
22540
68443
35173
26933
43704
34683
27149
70304
28162
20588
91700
35141
37359
28091
78699
68718
22140
23724
63843
53862
38604
26565
4297
66226
64008
58463
26302
26265
38708
53343
25735
64195
33143
97289
38281
18007
29990
25662
16465
29753
21051
64006
55134
62314
33480
29625
64058
27461
1584
55593
29414
69028
20232
29104
65512
36678
28995
65593
51176
63063
61954
28684
22400 22534 23617 25231 26436 29427 30137 34033 38905 38978 40693 42648 45319 47732 56263 58641 70980 73374 78692 83136 99224 7683 11854 38958 52600 65199 69530
13179 20395 23221 25490 30376 34782 43753 57038 57660 68941 71734 71813 73783 84582 88662 6820 15273 34607 69702 70089 73067 73813 74255 76978 81246 88157
23214 23850 25042 31011 31018 31157 31393 34397 34684 73378 21652 26665 27859 28423 30590 30644 33523
34386 37280 42041 53686 61238 64105 95863 35828 36115 42904 59891 66191 71277 74060 97591 98726
77625 78750 79503 94693 94977 98037 98095 98304 98906 52011 72112
20942 23194 24213 26204 26838 28287 34917 35490 24232 26857
28897 40225 51934 57547 69950 23385 38093 52537 67198
61582 72161 79590 81711 92618 97043 8520 27101
34341 78909 84054 91185 94013 27779 71685 75763
87019 51261 55763 67348 74094 79232 82469
78159 37519 56708 60925 70749 98893
88138 18372 29042 38624 70052 73656
94028 27809 29345 41347 65094 98009
62513 68238 97508 71754 74306
89996 6274 43395 53509 75717
25461 56016 58155 36718 44640
49450 53342 72989 50150 68554
95714 40321 43557 47483 60391
82455 44764 54165 58520 60882
21657 21756 22897 24799 30865
51151 53425 45001 47278
2080 56085 71304 56623
97622 38546 63895 70078
91114 14411 43628 72972
22285 25501 32075 32410
67155 99176 41926 51566
82146 22839 25808 47540
50028 74289 48610 53062
82201 29563 42987 71401
17280 44498 39287 68915
19566 19835 18181 18929
95629 95791 84783 85437
61709 65367 67534 73201
91227 11787 31143 86435
30271 60322 68227 6159
94966 33313 41004 96317
92865 50278 64970 99664
40995 58840 61069
46740 57955 66557
88699 49252 70060
50568 59380 73371
1982 836 5600
21181 17644 70058
7436 7696 39139
88923 16346 23422
23411 27244 11619
65251 54894 57734
17998 53972 57260
39219 40524 57977
59609 68463 61072
74464 14600 66024
30929 36314 67632
39937 42804 67412
64003 94128 58417
31566 34959 35276
72081 72976 74201
10055 58874 52413
55916 69402 70327
55045 70307 72665
65255 64064 68786
79176 66443 88571
36711 57030 64491
43261 63356 57961
94321 24469 98247
21589 30988 25450
26715 48223 59236
78212 89258 93040
98935 62375 65221
29260 31858 35094
81072 59083 96963
22403 42715 66281
92973 6905 7750
3915 57156 65311
13053 70795 17442
91245 99063 59901
17435 60537 58231
27953 21878 22587
88737 78253 92754
5503 38226 44575
89562 54190 73042
9090 68802 60038
89129 60725 91757
29268 53720 33022
5260 70978 5868
97816 41829 62912
25887 28916 34874
24646 58838 29999
23055 43707 49537
52596 58227
22463 36113
41441 56739
54461 68391
41422 65380
9765 9853
48288 65754
26478 15927
61051 19317
37958 41160
20470 66141
27965 59097
49036 60352
41346 48228
45596 58654
10224 52839
14539 18911
23699 29242
42984 63133
23357 67707
62825 66533
45500 68197
84802 32555
96788 76640
43885 52694
46980 73054
79310 23003
43866 54526
63208 63825
44391 56693
21213 59458
59762 72952
44103 68241
65372 66485
30059 45619
62144 55645
45497 56133
90903 91696
4587 58732
27087 67936
60251 67028
23742 56597
81277 29055
8433 60326
1482 56999
97572 43002
24519 11150
13299 54359
98770 59630
82136 90557
72898 56507
53818 19758
1641 54687
5685 10329
22448 29086
50227 73786
87222 92803
15696 18695
52579 72599
70866 61554
17867 38053
4998 63028
36958 53794
75405 30576
298 65186
78211 96494
89219 99320
25139 31992
75425 38740
78854 43783
31625 44392
17020 57761
54559 57770
8868 68765
24197 58309
32600 577
13835 2289
31084 28253
38734 39082
29715 21768
48685 57768
35910 72209
34476 42776
97824 24400
53019 73828
50555 60194
50255 54230
83394 58612
3560 36812
89972 90425
90593 96678
44095 61207
22357 37291
76468 83333
3128 59691
56890 69828
36704 39443
7679 66901
51588 71955
35048 45725
43687 39012
53715 55788
1629 16983
13343 51018
70251 55313
13501 73878
23110
56017
71698
57774
30049
37271
70542
65290
51689
37272
64143
37565
40881
37319
83737
92481
36922
54775
62472
72410
36965
53574
38048
36803
27133
37114
82272
36725
56049
69432
35616
66668
37159
51658
58139
64793
51739
36591
36172
48331
56094
37180
37246
90503
74773
21660
35467
16963
24898
68475
56276
23064
68424
17410
58937
17904
49823
23459
18214
51291
18633
56746
46765
65129
30750
16333
18646
51647
18938
54294
41943
26264
20867
69191
61857
50767
69233
1584
5124
15972
37043
99108
31005
99565
44538
62742
48325
54817
61604
19462
51922
36814
27057
24916
69360
19455
21673
34484
3432
56991
20394
39844
60025
51153
36736
27554
43769
27904
91983
23883
21827
20796
21905
57411
23032
22831
21387
69925
97999
407
21478
72330
57913
25752
27970
56643
18975
35719
36828
22929
33328
61769
46243
20575
48166
12773
44930
19193
20302
22426
89658
59700
50785
50812
38633
47505
50832
51126
51144
49224
51442
69280
51536
60949
52077
35358
43022
53046
51937
54642
36795
52321
52348
52522
24912
31532
52603
63795
6127
52705
63754
48233
26108
48544
48838
62238
61129
26750
48930
63453
54634
79222
49279
70408
70453
49337
49347
49412
56669
49763
40985
49857
63195
49887
73014
4256
56379
70747
56470
55463
58763
8858
56545
55717
67029
55939
30973
56480
74177
63087
45343
56433
70989
94313
56607
62248
58921
56703
56778
48046
56918
57009
2969
57310
46221
57311
24952
52709
73928
52857
35114
52858
53132
68688
53162
65883
19305
53684
53706
62658
18290
53786
54080
61248
55703
54752
68158
54850
99338
58305
54978
91916
73063
55319
42582
40092
40237
40706
69607
40773
54517
77512
38697
34261
40915
40977
60089
41236
40083
42639
97199
62820
42858
60615
42871
73686
61487
43743
44239
44415
16663
42170
55571
37694
72939
47432
37759
57235
37784
30265
45622
23442
37859
63046
38648
54337
91052
38936
47996
39309
39535
99935
17869
41158
39761
39883
86055
39991
57827
41192
47489
46622
54737
78897
43409
46736
46908
87055
17188
47131
47318
50772
47445
70778
43295
47582
74248
47632
72201
47803
47883
48007
30312
48056
73697
48190
74049
56305
46208
44474
44697
40385
44821
45255
52508
45589
57795
45977
72692
71583
46076
47699
77618
53863
41664
50536
86278
46354
59698
25319
46390
89838
38824
46587
67693
59930
63380
64368
95301
80884
64249
67330
73983
64002
63803
63741
63694
63668
63591
63576
63548
64448
85309
63129
62951
62913
62869
62850
62799
66007
62680
62669
62664
62431
62400
72752
67193
67018
67012
66887
66884
69859
66532
66445
66337
66186
66175
66135
66113
62354
66098
66022
73738
65975
65804
85494
65532
64886
64818
82488
64744
64656
64458
60652
68053
60290
60171
60160
60120
60074
59985
63264
59937
59873
59758
59669
59610
73960
60311
59543
59377
59287
59154
68799
58818
58539
64011
58466
58348
73865
58339
68307
61267
62343
68957
62303
62079
72050
69832
62069
61988
96203
61824
61493
63587
61369
67229
61244
61005
61003
61000
60959
60946
60904
60745
60723
60708
60407
60337
76946
75067
79997
98816
87640
78768
77786
85430
77667
77003
82405
76860
76854
76196
75896
75143
80134
74684
76594
74376
74327
74095
73833
73779
73667
73608
80990
73227
73123
73010
91692
98728
98608
98107
97526
97151
96415
96134
95654
95241
93906
92925
98634
91980
73001
90834
90630
89663
89467
89090
87438
86265
85814
85696
84803
84185
88800
80171
67844
70126
73407
70080
70051
70004
69813
69742
68990
68564
68502
67946
67878
78934
70311
74451
67797
67647
67596
67575
67487
67452
77253
67272
67257
67248
81646
71665
71772
72901
72823
73908
72799
72768
72737
72666
72550
72358
72110
74085
71778
72881
58326
72699
71590
71569
71501
71300
84584
71276
71255
70718
70703
70659
70615
70321
9631
53851
12165
72242
27882
68672
37620
38702
68186
57096
50710
19658
16953
36798
38473
32211
52370
31754
73734
38246
30212
67390
26357
75748
31388
25843
60152
9138
22219
74579
33143
97289
88781
59947
37722
23932
70309
18186
63467
47941
69654
31948
32085
37367
69034
54617
40200
23604
18822
63202
16624
64341
15545
97052
28294
2337
56978
9800
31256
60514
72178
59979
33363
73963
32930
52892
61736
58409
64821
60385
57058
1238
2823
25833
17634
3217
54734
84477
8700
990
78972
51247
33078
36106
22798
49848
13117
23774
96157
90612
89503
34053
42168
27136
62465
54493
31204
34003
27349
27132
64195
53695
63433
45663
47827
49991
50532
67072
41675
6368
64340
32684
56811
30955
31583
64954
33902
68207
33828
32978
32703
32610
48126
32235
37104
34190
93129
32134
80989
57405
60376
31542
73642
31500
31452
66632
31144
37396
30923
60716
56280
27321
53289
77407
64769
58115
58083
57979
57974
57952
57946
57756
64381
57727
57638
57629
57580
30074
57445
36152
35524
98736
72120
22540
68443
35173
26933
43704
34683
40093
74040
23724
61954
28684
38604
70304
28162
20588
91700
35141
37359
28091
78699
68718
22140
63063
63843
53862
27149
26565
4297
66226
64008
58463
26302
26265
38708
53343
25735
29625
40353
30991
18007
29990
25662
16465
29753
29707
21051
64006
55134
62314
33480
19377
64058
27461
38281
55593
29414
69028
20232
29104
65512
36678
28995
65593
51176
22400 22534 23617 25231 26436 29427 30137 34033 38905 38978 40693 42648 45319 47732 56263 58641 70980 73374 78692 83136 99224 7683 11854 38958 52600 65199
13179 20395 23221 25490 30376 34782 43753 57038 57660 68941 71734 71813 73783 6820 15273 34607 70089 73067 73813 74255
34386 37280 42041 53686 61238 64105 95863 35828 36115 42904 59891 66191 71277 74060 97591 98726
23214 23850 25042 31011 31157 34397 34684 73378 21652 26665 27859 30590 30644 33523
77625 78750 79503 94693 94977 98037 98095 98304 98906 52011 72112
20942 23194 24213 26204 26838 28287 34917 35490 24232 26857
61582 72161 79590 81711 92618 97043 8520 27101
28897 40225 51934 69950 23385 38093 52537 67198
34341 78909 84054 91185 94013 27779 71685 75763
87019 51261 55763 67348 79232 82469
62513 68238 97508 71754 74306
22285 25501 32075 32410
4587 23742 56597 58732
25461 56016 58155 44640
91114 14411 43628 72972
82201 29563 42987 71401
2080 56085 71304 56623
82146 22839 25808 47540
89996 6274 53509 75717
21657 21756 24799 30865
19566 19835 18181 18929
61709 65367 67534 73201
51151 53425 45001 47278
17280 44498 39287 68915
95629 95791 84783 85437
94966 33313 41004 96317
92865 50278 64970 99664
67155 99176 41926 51566
49450 53342 72989 68554
94028 27809 29345 98009
59609 68463 61072
17998 53972 57260
30929 36314 67632
23055 43707 49537
65251 54894 57734
64003 94128 58417
95714 40321 60391
74464 14600 66024
88699 49252 70060
39219 40524 57977
31566 34959 35276
36711 57030 64491
55045 70307 72665
72081 72976 74201
79176 66443 88571
30271 60322 68227
65255 64064 68786
23411 27244 11619
10055 58874 52413
98935 62375 65221
1982 836 5600
25887 28916 34874
97622 38546 70078
22403 42715 66281
50568 59380 73371
5503 38226 44575
82455 54165 58520
3915 57156 65311
23699 29242 60089
91245 99063 59901
29268 53720 33022
26715 48223 59236
89562 54190 73042
88737 78253 92754
13053 70795 17442
29260 31858 35094
97816 41829 62912
46740 57955 66557
17435 60537 58231
21589 30988 25450
40995 58840 61069
50028 74289 53062
24646 58838 29999
7436 7696 39139
88138 18372 29042
78212 89258 93040
97824 24400
31084 28253
1482 56999
27087 67936
52596 58227
43261 63356
56890 69828
50555 60194
90593 96678
50255 54230
48685 57768
76468 83333
88923 23422
59762 72952
26478 15927
84802 32555
90903 91696
21213 59458
42984 63133
20470 66141
45596 58654
37958 41160
89129 91757
22463 36113
62825 66533
46980 73054
63208 63825
45500 68197
21181 17644
44391 56693
89219 99320
65372 66485
30059 45619
9765 9853
60251 67028
48288 65754
43885 52694
79310 23003
43687 39012
43866 54526
27965 59097
49036 60352
41346 48228
35048 45725
53715 55788
5685 10329
39937 42804
53818 19758
91227 86435
34476 42776
72898 56507
4998 63028
89972 90425
5260 5868
13343 51018
55916 69402
32600 577
24519 11150
44095 61207
98770 59630
25139 31992
54559 57770
13299 54359
8868 68765
1641 54687
82136 90557
87222 92803
81072 59083
38734 39082
13835 2289
75405 30576
70866 61554
3560 36812
41422 65380
78211 96494
22357 37291
70251 55313
36704 39443
75425 38740
17867 38053
51588 71955
96788 76640
15696 18695
78854 43783
298 65186
83394 58612
29715 21768
22448 29086
17020 57761
50227 73786
52579 72599
36958 53794
1629 16983
92973 7750
7679 66901
37271
21387
37272
22831
70542
51689
23110
71698
21827
23883
37319
65290
37565
91983
36828
66668
36172
36591
51739
64793
58139
83737
56049
37114
54294
27133
36965
62472
54775
92481
36922
72410
36725
23357
57774
30049
69432
56017
90503
64143
37246
35616
22929
60514
37180
56094
48331
51658
31005
37159
73963
19462
24197
51922
36814
27057
23459
21660
35467
16963
72178
59979
33363
61604
32930
52892
24898
68475
56276
23064
68424
17410
58937
17904
49823
70309
1584
51247
33078
36106
22798
49848
19377
26264
20867
69191
61857
50767
69233
18186
5124
15972
37043
99565
44538
62742
48325
54817
82488
64744
35910
57009
69360
33328
61769
46243
20575
48166
12773
44930
19193
20302
22426
89658
27554
69925
19455
21673
34484
3432
56991
20394
39844
60025
51153
36736
24916
43769
99108
63467
47941
51291
18633
56746
46765
65129
30750
16333
18646
51647
18938
27904
97999
407
21478
72330
57913
25752
27970
56643
14539
18975
35719
40773
53019
51126
51144
49224
51442
69280
51536
60949
52077
35358
59700
53046
51937
69654
31948
50832
54642
36795
52321
52348
52522
24912
31532
52603
63795
6127
52705
70453
52709
49763
62238
61129
26750
48930
63453
54634
79222
49279
70408
63754
49337
49412
56669
73928
40985
49857
63195
49887
73014
4256
56379
70747
43022
50785
50812
38633
47505
94313
8858
56545
55717
67029
55939
30973
56480
74049
56305
74177
63087
45343
56433
56470
58763
56607
62248
58921
56703
56739
56778
48046
56918
2969
57310
46221
57311
57580
54080
52857
35114
52858
53132
68688
53162
65883
19305
53684
53706
62658
24952
53786
48838
61248
55703
54752
68158
54850
99338
58305
54978
91916
73063
55319
70989
55463
62820
40237
40706
69607
49991
40881
77512
38697
34261
40915
40977
41236
42582
42639
97199
40092
42858
60615
42871
73686
61487
43743
44239
44415
16663
42170
45497
91052
44474
39535
57235
37784
30265
45622
23442
37859
63046
38648
54337
55571
38936
47996
39309
44697
99935
17869
41158
39761
39883
86055
23032
44103
57411
39991
57827
41192
40083
47582
54737
78897
43409
46736
46908
87055
17188
47131
72939
47432
50772
47445
70778
47489
46622
74248
47632
72201
47803
47883
81277
48007
30312
48056
18290
48233
26108
48544
53863
40385
44821
45255
52508
54461
45589
57795
45977
72692
71583
46076
47699
46208
37759
41664
50536
86278
46354
59698
25319
46390
89838
38824
46587
67693
59930
43295
85309
95301
80884
64249
67330
73983
64002
63803
63741
63694
63668
63591
63576
63548
63380
64368
63129
62951
62913
62869
62850
62799
66007
62680
62669
62664
62431
62400
62354
66175
67257
67248
81646
71665
67229
67193
67012
66887
66884
69859
66532
66445
66337
66186
62343
66113
72752
66098
66022
73738
65975
85494
65532
64886
64818
64656
64458
64448
59758
60385
60337
76946
60311
68053
60290
60171
60160
60120
60074
59985
63264
59937
59873
64821
59669
59610
73960
60652
59543
59377
59287
59154
68799
58818
58539
64011
58466
61267
68957
62303
62144
62079
72050
69832
62069
61988
96203
61824
61493
63587
61369
67272
61244
94321
61051
61005
61003
61000
60959
60946
60904
60745
60723
60708
60407
75143
79997
98816
87640
78768
77786
85430
77667
77618
77003
82405
76860
76854
76196
75896
80134
75067
74684
76594
74376
74327
74095
73833
73779
73697
73667
73608
80990
73227
91692
98728
98608
98107
97526
97151
96415
96134
95654
95241
93906
92925
98634
91980
73123
90834
90630
89663
89467
89090
88662
87438
85814
85696
84803
84185
88800
80171
67946
70615
70321
70311
70126
73407
70080
70051
70004
69813
69742
68990
68564
68502
68186
70659
67878
78934
67844
74451
67797
67647
67596
67575
67487
67452
86265
67412
77253
74085
73010
73001
72901
72823
73908
72799
72768
72737
72666
72550
72358
72209
72110
58348
71778
72881
71772
72699
71590
71569
71501
71300
84584
71276
71255
70718
70703
37620
56978
84477
13501
18822
9090
9631
52370
32211
53851
12165
65804
72242
27882
68672
2337
38702
50710
19658
16953
41441
10224
36798
38473
31754
73734
38246
30212
67390
38048
38708
53343
64195
33143
97289
88781
59947
31393
82272
36803
37722
23932
53574
26357
32085
74579
69034
54617
40200
23604
63202
16624
64341
15545
8433
97052
28294
1238
67072
41675
6368
54517
64340
32684
56811
30955
2823
31256
25735
27953
61736
58409
18214
9800
21905
20796
49347
25833
17634
3217
54734
57629
41943
3128
8700
990
27136
75748
31388
25843
60152
9138
22219
37367
23774
96157
90612
89503
34053
42168
26265
62465
54493
31204
34003
27349
27132
13117
53695
63433
45663
47827
50532
74773
31625
73828
64954
33902
68207
33828
32978
32703
32610
48126
32235
37104
34190
93129
32134
57405
80989
31583
60376
31542
73642
31500
31452
66632
31144
37396
30923
60716
56280
57727
73865
58339
68307
58326
64769
58115
58083
57979
57974
57952
57946
57756
64381
27321
57638
36152
35524
22540
98736
72120
68443
35173
26933
43704
34683
40093
74040
68718
65593
51176
63063
61954
28684
38604
70304
28162
20588
91700
35141
37359
28091
78699
28995
22140
23724
63843
53862
27149
77407
57445
26565
4297
66226
64008
58463
26302
55134
53289
30074
40353
30991
18007
29990
25662
16465
29753
29707
97572
21051
64006
78972
62314
33480
29625
64058
27461
38281
55593
29414
69028
20232
29104
65512
36678
22400 23617 25231 29427 34033 40693 42648 45319 47732 56263 58641 70980 73374 78692 83136 99224 22534 26436 38905 38958 52600 65199
34386 37280 42041 53686 61238 64105 95863 35828 36115 42904 59891 66191 71277 74060 97591 98726
20395 23221 25490 30376 34782 43753 57038 68941 71734 73783 6820 15273 70089 73067 74255
23214 25042 31011 34397 34684 21652 26665 27859 30590 30644 33523
20942 23194 24213 26204 26838 28287 34917 24232 26857 35490
61582 72161 79590 81711 92618 97043 8520 27101
78909 84054 91185 94013 27779 71685 75763
39219 40524 43866 54526 57977
28897 69950 23385 38093 67198
62513 68238 97508 71754 74306
61709 65367 67534 73201
19566 19835 18181 18929
4587 23742 56597 58732
2080 56085 71304 56623
17280 44498 39287 68915
23604 31566 34959 35276
95629 95791 84783 85437
98095 98304 52011 72112
21657 21756 24799 30865
89996 6274 53509 75717
67155 99176 41926
82201 42987 71401
65255 64064 68786
87019 51261 79232
24646 58838 29999
50028 74289 53062
29260 31858 35094
23055 43707 49537
17435 60537 58231
3915 57156 65311
21589 30988 25450
46740 57955 66557
29268 53720 33022
17998 53972 57260
22285 25501 32410
5503 38226 44575
10055 58874 52413
7436 7696 39139
82455 54165 58520
72081 72976 74201
92865 50278 99664
13053 70795 17442
59609 68463 61072
30271 60322 68227
36711 57030 64491
55045 70307 72665
89562 54190 73042
65251 54894 57734
97816 41829 62912
26715 59236 48223
88737 78253 92754
51151 53425 47278
25461 44640
5685 10329
70251 55313
97824 24400
26478 15927
90593 96678
65372 66485
51588 71955
48288 65754
13299 54359
50555 60194
50255 54230
9765 9853
48685 57768
27965 59097
21213 59458
41346 48228
94028 98009
44391 56693
56890 69828
1482 56999
39937 42804
36958 53794
4998 63028
59762 72952
40995 58840
52596 58227
41422 65380
53715 55788
13343 51018
98935 65221
3560 36812
35048 45725
54559 57770
87222 92803
34476 42776
24519 11150
54080 56811
22448 29086
50568 59380
42984 63133
62825 66533
46980 73054
79176 66443
89129 91757
90903 91696
23411 27244
43261 63356
63208 63825
20470 66141
45596 58654
23699 29242
45500 68197
89219 99320
29715 21768
43885 52694
60251 67028
89972 90425
52579 72599
43687 39012
94966 33313
94128 58417
72898 56507
83394 58612
72989 68554
21181 17644
17020 57761
5260 5868
91227 86435
25887 34874
88699 49252
13835 2289
36704 39443
30929 36314
53818 19758
298 65186
75405 30576
82136 90557
75425 38740
78854 43783
1629 16983
78212 89258
78211 96494
94977 98037
97622 38546
25139 31992
17867 38053
70866 61554
15696 18695
1641 54687
63129
45622
64143
7679
36803
38048
53574
72410
78972
36922
82272
92481
54775
85309
62472
56276
36965
37958
23442
38697
36106
57660
23357
60514
23110
37859
66532
47996
69859
31005
990
17634
54294
41441
8700
37271
56094
37180
37246
90503
51247
57629
9800
21905
69432
31204
70542
51689
37272
71698
37319
65290
37565
20796
37722
37784
50227
27133
37114
24898
56049
83737
3217
18214
30265
68475
37159
74773
37759
51658
22831
48331
54493
54734
36814
14539
18975
21660
36828
33328
58083
23459
20575
48166
12773
38978
24912
26264
20867
69191
51922
19462
65129
16333
30750
61604
61857
64793
18186
63467
49823
47941
17904
51291
10224
17410
18646
51647
50767
68424
27087
23064
58139
18938
72330
25752
57913
27970
56643
23883
3432
44538
22357
20394
39844
99565
27904
37043
15972
91983
5124
34484
1584
21827
22463
70309
21387
22929
19377
30049
49848
22798
54817
44930
19193
20302
22426
57009
89658
35910
64744
82488
27554
56017
69360
19455
48325
21673
34003
27349
60025
36736
51153
62742
64769
51937
69654
31948
53019
54642
36795
52321
52348
52522
31532
52603
63795
6127
52705
53046
58115
73928
52857
35114
52858
64381
57727
53132
68688
53162
56669
53342
65883
38633
49412
49763
40985
49857
63195
49887
73014
4256
56379
70747
43022
50785
50812
19305
47505
50832
51126
51144
94693
49224
51442
69280
51536
60949
52077
35358
59700
58326
74049
56305
74177
63087
45343
56433
56470
94313
56607
62248
58921
56703
68307
56480
56778
48046
56918
56978
2969
57310
46221
57311
41192
40083
57827
57974
57979
91916
53684
53706
62658
24952
53786
70453
52709
54752
68158
54850
99338
58305
54978
49337
73063
55319
70989
55463
58763
8858
56545
61248
55703
55717
67029
55939
30973
42170
40915
40977
34341
88923
41236
42582
42639
60615
42871
61487
43743
79310
44239
44415
34261
45497
44474
44697
40385
44821
45255
52508
54461
45589
57795
45977
72692
71583
86055
38648
8868
54337
38734
55571
38936
39309
39535
99935
17869
41158
39761
39883
46076
23032
44103
57411
57952
39991
40092
40237
40706
69607
40773
40881
77512
27136
48233
50772
47445
70778
47489
47582
74248
47632
47883
81277
48007
30312
48056
18290
47432
26108
48544
48838
62238
61129
26750
48930
63453
49036
54634
79222
49279
63754
67693
47699
46208
53863
41664
50536
86278
46354
59698
25319
46390
89838
38824
46587
63046
59930
43295
46622
54737
78897
43409
46736
46908
87055
17188
47131
47318
72939
63591
64656
64458
64448
64368
64340
95301
80884
64249
67330
64003
73983
64002
63803
63668
64818
63576
63548
63380
62951
62913
62869
62850
97199
62820
62799
66007
62680
62669
67012
67575
67487
67452
86265
67412
77253
67272
67257
67248
81646
71665
67229
67193
62664
66887
66884
66445
66337
66186
66113
72752
66098
66022
65975
85494
65532
64886
60120
60904
60745
60723
60708
60407
64821
60385
60337
76946
60311
68053
60290
60171
60160
60946
60074
59985
63264
59937
59873
59758
59669
59610
73960
60652
59543
59377
59287
96203
62465
62431
62400
62354
62343
68957
62303
62144
62079
72050
69832
62069
61988
67596
61824
61493
63587
61369
61267
61244
61207
94321
61051
61005
61003
61000
60959
77003
82146
80171
80134
79997
98816
81072
87640
78768
78750
77786
85430
77667
77625
77618
88800
82405
76860
76854
76196
75896
75143
75067
74684
76594
74376
74327
74095
73833
92925
98906
98770
98728
98608
98107
97526
97151
96788
96415
96134
95654
95241
93906
73779
98634
91980
91692
90834
90630
89663
89467
89090
88662
87438
85696
84803
84185
69813
84584
71276
71255
70718
70703
70659
70615
70321
70311
70080
73378
70051
70004
71300
69742
68990
68564
68502
68186
67946
67878
78934
67844
74451
67797
67647
76468
72737
73697
73667
73608
80990
73227
73123
73010
73001
72901
72823
73908
72799
72768
59154
72666
72550
72358
72209
72110
74085
71778
72881
71772
72699
71590
71569
71501
57638
27132
36172
96157
90612
89503
34053
23774
42168
18633
9090
9631
52370
32211
53851
8433
12165
65804
72242
27882
68672
37620
38702
50710
19658
16953
66668
36725
35616
26265
22140
23724
27149
77407
57445
63843
53862
26565
4297
66226
64008
58463
26302
99108
38708
53343
84802
24916
43769
88781
59947
57756
23932
63202
16624
64341
15545
88138
41943
3128
13117
53695
63433
45663
47827
49991
50532
32684
30955
2823
31256
22403
25735
27953
72178
59979
33363
67072
41675
6368
54517
61736
58409
1238
49347
38246
97999
407
84477
13501
18822
73963
52892
32930
38473
35467
16963
31754
73734
68718
30212
67390
26357
31388
25843
60152
9138
46765
56746
22219
37367
99063
27057
80989
32978
48126
32703
32610
32235
37104
34190
93129
32134
32085
74579
54617
40200
31625
33828
31084
31583
60376
31542
73642
31500
31452
36798
66632
31144
37396
30923
60716
72120
68799
58818
58539
64011
58466
73865
58339
36591
51739
36152
35524
22540
98736
56280
68443
35173
26933
43704
34683
40093
74040
57405
57946
73828
64954
33902
68207
61954
38281
55593
29414
64195
33143
72201
30059
97289
74464
28995
65593
51176
63063
27461
28684
97052
28294
38604
55916
70304
28162
20588
91700
35141
37359
28091
78699
16465
65512
36678
69028
20232
29104
27321
53289
30074
40353
30991
18007
29990
25662
25833
29753
61769
46243
1982
29707
97572
21051
64006
55134
62314
33480
29625
64058
