22400 22534 23617 25231 26436 29427 30137 34033 38905 38978 40693 42648 45319 47732 56263 58641 70980 73374 78692 83136 99224 7683 11854 38958 52600 65199 69530
13179 20395 23221 25490 30376 34782 43753 57038 57660 68941 71734 71813 73783 84582 88662 6820 15273 21753 34607 69702 70089 73067 73813 74255 76978 81246 88157
34386 37280 42041 53686 61238 64105 95863 35828 36115 42904 59891 66191 71277 74060 97591 98726
31452 78750 79176 79503 94693 94977 98037 98095 98304 98906 52011 66443 72112 88571 91302
28897 40225 51934 57547 69950 23385 38093 52537 67198 67632
23214 23850 25042 31011 31157 21652 26665 30590 30644 33523
34341 78909 84054 91185 94013 27779 68675 71685 75763
61709 65367 67534 72081 72976 73201 74201 69612
61582 72161 79590 81711 92618 97043 8520 27101
49450 53342 72989 50150 57035 60119 67988 68554
87019 51261 55763 67348 74094 79232 82469
20942 24213 26204 28287 34917 35490 24232
31018 31393 34397 34684 27859 28423
55319 82146 21632 22839 25808 47540
88138 18372 29042 38624 70052 73656
78159 37519 56708 60925 70749 98893
21657 21756 22897 24799 30865 40013
41347 94028 27809 29345 65094 98009
89996 6274 43395 46440 53509 75717
33902 74464 14600 39861 66024
25461 56016 58155 36718 44640
95714 40321 43557 47483 60391
81072 57274 59083 66872 96963
82455 44764 54165 58520 60882
82201 29563 42987 58491 71401
97622 38546 49990 63895 70078
74684 88737 78253 92754
68238 97508 71754 74306
9090 58732 68802 60038
51151 53425 45001 47278
19566 19835 18181 18929
30271 60322 68227 6159
25887 31566 28916 34874
2080 56085 71304 56623
17280 44498 39287 68915
50028 74289 48610 53062
95629 95791 84783 85437
94966 33313 41004 96317
91114 14411 43628 72972
91227 11787 31143 86435
92865 50278 64970 99664
38824 61419 69116
46740 57955 66557
17435 60537 58231
10055 58874 52413
44103 58802 68241
13053 70795 17442
25501 32075 32410
17998 53972 57260
22403 42715 66281
5260 70978 5868
64003 94128 58417
23411 27244 11619
88699 49252 70060
30929 36314 67632
89129 60725 91757
7436 7696 39139
65251 54894 57734
26715 48223 59236
21589 30988 25450
40995 58840 61069
88923 16346 23422
91245 99063 59901
55916 69402 70327
23055 43707 49537
23699 29242 60089
27953 21878 22587
89562 54190 73042
35910 70126 72209
99176 41926 51566
59609 68463 61072
55045 70307 72665
36711 57030 64491
66098 76468 83333
92973 6905 7750
39937 42804 67412
3915 57156 65311
98935 62375 65221
97816 41829 62912
29268 53720 33022
29260 31858 35094
24646 58838 29999
1982 836 5600
43261 63356 57961
5685 10329 63195
50568 59380 73371
65255 64064 68786
21181 17644 70058
78212 89258 93040
5503 38226 44575
94321 24469 98247
22463 36113
36704 39443
42984 63133
27087 67936
22285 35276
48288 65754
9765 9853
81277 29055
46980 73054
10224 52839
53715 55788
30059 45619
65372 66485
49823 57096
59762 72952
42858 54337
20470 66141
45596 58654
61051 19317
44095 61207
54461 68391
45500 68197
32600 577
45497 56133
1482 56999
24197 58309
60251 67028
43885 52694
79310 23003
43866 54526
23357 67707
26478 15927
21213 59458
23742 56597
41441 56739
34053 68363
90903 91696
44391 56693
62144 55645
75425 38740
52596 58227
26838 26857
63202 73404
62825 66533
84802 32555
8433 60326
41422 65380
63208 63825
1641 54687
50227 73786
98770 59630
43687 39012
3560 36812
13299 54359
13501 73878
51588 71955
82136 90557
15696 18695
78854 43783
84803 88800
96788 76640
54080 56811
22448 29086
17867 38053
34476 42776
13117 67374
70251 55313
31084 28253
78211 96494
70866 61554
298 65186
29707 22170
75405 30576
4998 63028
36958 53794
13343 51018
50555 60194
80989 71639
53818 19758
31625 44392
25139 31992
32134 55372
52579 72599
72898 56507
13835 2289
35048 45725
57058 63453
97572 43002
39219 57977
41346 48228
87222 92803
29715 21768
24519 11150
8868 68765
90593 96678
14539 18911
56890 69828
89219 99320
3128 59691
1629 16983
83394 58612
89972 90425
97824 24400
7679 66901
38734 39082
49036 60352
54559 57770
27965 59097
22357 37291
48685 57768
50255 54230
82272
70542
36828
37271
69432
90503
35719
37246
37180
51658
56094
48331
99338
41158
54775
36803
36725
35616
66668
38048
53574
72410
36922
92481
51689
58139
64793
51739
37159
36591
36172
62472
36965
36106
22798
54978
27133
37114
56049
58305
83737
68424
36814
27057
23459
21660
35467
16963
51291
24898
68475
56276
23064
51922
17410
58937
17904
74773
18214
18633
56746
46765
57310
2969
65129
5124
23194
70747
43022
50785
26264
20867
69191
61857
50767
69233
1584
30750
15972
37043
54294
31005
99565
44538
62742
48325
54817
61604
19462
21905
39844
60025
51153
36736
24916
43769
27904
91983
23883
21827
20796
20394
57411
23032
22831
21387
22929
57774
30049
56017
64143
23110
70778
44930
16333
18646
51647
18975
69925
33328
61769
46243
20575
48166
12773
47489
19193
20302
22426
89658
27554
69360
19455
21673
34484
3432
56991
51144
40985
49857
49887
73014
4256
56379
58763
8858
56545
50812
38633
47505
50832
51126
49763
49224
51442
69280
51536
60949
52077
35358
59700
53046
51937
69654
31948
53019
62238
47883
48007
30312
48056
73697
48190
74049
56305
18290
48233
26108
48544
48838
54642
61129
26750
48930
54634
79222
49279
70408
63754
49337
56911
49347
49412
56669
74177
53786
54752
68158
54850
91916
73063
61248
55703
55717
67029
55939
30973
56480
24952
63087
45343
56433
56470
94313
56607
62248
58921
56703
86721
56778
48046
56918
52857
36795
52321
52348
52522
24912
31532
52603
63795
6127
52705
70453
52709
73928
47803
35114
52858
73963
32930
52892
53132
68688
53162
65883
19305
53684
53706
62658
69607
39535
99935
17869
32684
39761
39883
86055
39991
57827
41192
40083
40092
40237
40706
39309
40773
40881
77512
38697
34261
40915
40977
41236
42582
42639
97199
62820
60615
31204
71698
37319
65290
37565
57311
46221
77618
37694
72939
47432
37722
78972
51247
42871
54493
37759
37784
30265
45622
23442
37859
37958
63046
38648
55571
38936
47996
78897
55463
86278
46354
59698
25319
46390
89838
46587
67693
59930
43295
46622
54737
70989
43409
46736
46908
87055
17188
47131
47318
50772
47445
47582
74248
47632
72201
52508
73686
61487
43743
44239
44415
16663
42170
91052
44474
40385
44821
45255
17020
37272
45589
57795
41160
45977
72692
71583
46076
47699
46208
53863
41664
50536
46266
62951
64249
67330
73983
64002
63803
63741
63694
63668
63591
63576
63548
63380
85309
63129
80884
62913
62869
62850
62799
62669
62664
62513
62431
62400
62354
62343
68957
62303
73738
67018
67012
66887
66884
69859
66532
66337
66186
66175
66135
66113
72752
66022
62079
65975
65804
85494
65532
64886
64818
82488
64744
64656
64458
64448
64368
95301
59287
60160
60120
60074
59985
63264
59937
59873
59758
59669
59610
73960
60652
59543
60171
59154
68799
58818
58539
64011
58466
58348
73865
58339
68307
58326
64769
58115
61003
72050
69832
62069
61988
96203
61824
74085
61493
63587
61369
61267
61244
61005
67155
61000
60959
60946
60904
60745
60723
60708
60407
60337
76946
60311
68053
60290
76594
87640
78768
77786
85430
77667
77625
77003
82405
76860
76854
76196
75896
75143
75067
98816
74376
74327
74095
73833
73779
73667
73608
80990
73227
73123
73010
73001
72901
91692
98728
98608
98107
97526
97151
96415
96134
95654
95241
93906
92925
98634
91980
72823
90834
90630
89663
89467
89090
87438
86265
85814
85696
84185
80171
80134
79997
67797
70051
70004
69813
69742
69189
68990
68564
68502
67946
67878
78934
67844
74451
73378
67647
67596
67575
67487
67452
77253
67272
67257
67248
81646
71665
67229
67193
71569
73908
72799
72768
72737
72666
72550
72358
72110
71778
72881
71772
72699
71590
58083
71501
71300
84584
71276
71255
70718
70703
70659
70615
70321
70311
73407
70080
73734
72242
27882
68672
37620
38702
68186
50710
19658
16953
36798
38473
9631
52370
31754
12165
38246
30212
67390
26357
75748
31388
25843
60152
9138
22219
37367
23774
96157
54617
53343
25735
97289
88781
59947
23932
70309
18186
63467
47941
32085
74579
69034
90612
40200
23604
18822
16624
64341
15545
97052
28294
2337
56978
36152
32211
53851
49848
72120
64195
33143
35524
22540
25833
17634
3217
54734
84477
8700
990
33078
98736
18938
99108
97999
407
21478
72330
57913
25752
27970
56643
19377
41943
32703
67072
89503
42168
27136
62465
34003
27349
27132
53695
63433
45663
47827
49991
50532
48126
41675
6368
54517
64340
4587
30955
2823
31256
60514
61736
58409
1238
9800
31500
34683
40093
73828
64954
68207
33828
32978
32610
34190
93129
31583
60376
31542
73642
43704
66632
31144
37396
30923
60716
56280
27321
53289
30074
40353
30991
18007
29990
57405
57979
57974
57952
57946
57756
64381
57727
57638
57629
57580
77407
57445
74040
25662
57235
66007
62680
57135
57127
64821
60385
57009
68443
35173
59377
40524
26933
32235
35141
37359
28091
78699
68718
22140
72178
59979
57761
33363
23724
63843
53862
91700
37104
27149
26565
29414
34959
44697
4297
66226
64008
58463
26302
26265
38708
20232
16465
29753
21051
64006
55134
62314
33480
29625
64058
27461
38281
55593
69028
66445
29104
65512
36678
28995
65593
51176
63063
61954
28684
38604
70304
28162
20588
