22400 23617 25231 29427 40693 42648 45319 47732 56263 58641 70980 73374 78692 83136 99224 22534 26436 34033 38905 38958 40977 52600 65199 69530
34386 37280 42041 53686 61238 95863 35828 36115 42904 59891 66191 71277 74060 97591 98726
20942 22285 25501 26204 26838 34917 24213 24232 26857 28287
23214 25042 31011 21652 22831 26665 30590 30644 33523
23221 34782 15273 16663 30376 34607 73067 73813 74255
61582 72161 79590 81711 92618 97043 8520 27101
78909 84054 94013 27779 71685 75763 91185
28897 23385 38093 52537 67198 69950
20395 25490 57038 68941 73783
26715 9631 23724 48223 59236
87019 51261 55763 67348 79232
98095 98304 52011 72112
2080 56085 56623 71304
34959 35276 23774 31566
51151 53425 45001 47278
19566 19835 18181 18929
97508 68238 71754 74306
95629 95791 84783 85437
61709 65367 67534 73201
89996 6274 53509 75717
82201 29563 42987 71401
59609 68463 61072
23055 43707 49537
30271 60322 68227
36711 57030 64491
65251 54894 57734
99176 41926 51566
29268 53720 33022
75425 38740 45255
7436 7696 39139
50028 74289 53062
21657 30865 24799
17435 60537 58231
21589 30988 25450
72081 72976 74201
46740 57955 66557
89562 54190 73042
88737 78253 92754
94977 98037 87055
5685 63195 10329
34397 34684 27859
10055 58874 52413
97816 41829 62912
79176 31452 66443
17998 53972 57260
55045 70307 72665
83394 58612
32610 1238
24519 11150
46980 73054
94693 23442
29715 21768
34476 42776
13299 54359
53818 19758
90903 91696
60251 67028
70866 61554
27057 4587
36704 39443
36958 53794
54080 56811
4998 63028
25139 31992
31858 35094
1629 16983
13835 2289
15696 18695
44391 56693
56890 69828
20470 66141
21213 59458
17020 57761
45500 68197
25461 44640
25662 13053
51588 71955
50255 54230
27882 22831
50555 60194
43885 52694
1982 836
23411 27244
13343 51018
43261 63356
26478 15927
22448 29086
23742 56597
3915 57156
52596 58227
35048 45725
53715 55788
89219 99320
54559 57770
41422 65380
45596 58654
89972 90425
65372 66485
88923 23422
5260 5868
52579 72599
94966 33313
94128 58417
89129 91757
92865 99664
98935 65221
9765 9853
59762 72952
42984 63133
39844 37319
62825 66533
75405 30576
76468 83333
21181 17644
82136 90557
80171 96157
90593 96678
78211 96494
78212 89258
78854 43783
30929 36314
5503 44575
22463 36113
1482 56999
98770 59630
72989 68554
98906 47883
72898 56507
1641 54687
17867 38053
63208 63825
27965 59097
66632
47318
47699
46076
72692
45977
44930
19193
45589
52508
20302
22426
44239
61051
44415
44821
31144
72939
40385
47432
45497
42170
72330
50772
20575
16333
12773
33328
17188
46736
43409
31084
56643
54737
56470
46622
59930
40773
47131
43295
46208
67693
49823
30750
62669
27970
46587
57913
97199
38824
62820
89838
62079
46908
21827
26357
91983
55571
23357
62850
31005
63380
54294
69360
23883
23932
27133
62343
37114
73734
38246
26565
22929
62248
27136
56703
58921
37958
59543
60652
21387
63433
30212
73960
31388
25843
21673
67390
19455
53343
40995
36736
49848
27349
34003
29242
41441
60959
51153
31204
60376
42168
57979
42639
60514
43866
20394
27953
25735
18975
14539
43753
20867
26264
40881
79310
3432
34484
77512
27132
34261
38697
40915
46390
58463
68799
58818
59154
62400
59287
59377
61000
59610
59669
25319
26302
59698
53046
51937
59700
59758
59873
72178
33363
59979
60074
42871
57311
56480
62431
74049
56305
94313
56607
56778
48046
56918
62869
46221
60615
66532
57660
61988
40083
41192
57827
57974
61736
58409
66226
74177
61954
62465
36965
62472
53786
62658
66007
62680
62799
62913
62951
63063
45343
56433
63087
85309
7679
63129
63264
63453
63467
63576
63843
61487
60120
9138
60152
60160
60171
60407
60716
60723
60904
60946
43743
30973
48930
62238
61129
61207
61493
46243
61769
50767
61857
28684
78972
49857
49887
43022
50785
50812
51126
51144
38648
63046
61369
63587
40985
51247
69280
51536
60949
52077
35358
69654
31948
53019
54642
36795
62069
47582
74248
47632
47996
48007
30312
48056
18290
48233
48544
69832
52321
49224
54634
63754
48228
49337
49347
60708
49412
49763
1584
68158
23032
44103
57411
57952
70453
52709
54752
58539
92481
54775
61267
53706
54850
99338
54978
70989
55463
58763
8858
56545
55717
67029
55939
52858
52370
31532
52603
63795
6127
52705
64769
58115
73928
52857
35114
47445
64381
57727
73963
32930
52892
53132
68688
53162
65883
53684
85494
67257
67248
67012
66887
66884
66445
66337
66113
66098
66022
65975
67272
65532
73014
64954
64821
64818
64656
64458
64340
80884
64249
97824
71276
71255
70778
70718
70659
70615
70080
70051
70004
69191
64143
68990
68564
68502
67946
67647
67575
67487
67452
67330
77253
36678
37271
29990
16465
82272
36803
38048
53574
66668
36725
38734
65512
69432
36591
51739
37180
36152
40093
34683
57946
88699
35467
68443
38633
40353
30074
40237
32085
39991
38978
36814
38708
71734
26265
84584
22403
38604
55916
68957
62303
68672
37620
38702
72242
37396
78750
86278
86055
85696
84803
84185
79997
79222
78934
98816
81072
78768
87438
85430
77667
77625
77618
77003
76946
76860
76854
76196
75896
95241
99063
98728
98608
98107
97622
97526
97151
96415
96134
95654
75143
93906
98634
91980
91692
90834
90630
89663
89658
89467
89090
71778
72901
72823
73908
72799
72768
72666
72550
72410
72358
72110
74085
73001
72881
71772
71698
81646
71665
72699
71590
71569
71501
71300
73779
75067
74773
74684
74451
76594
74376
74327
74040
73983
73865
35173
73697
73667
73642
73608
80990
73227
73123
91916
73063
73010
23064
53863
41664
41943
3128
13117
30955
2823
37159
31256
88138
17410
18822
67072
41675
6368
65804
62144
70795
9800
68307
58326
8868
48331
64341
15545
50710
36172
18633
46765
68053
39219
60290
51658
47827
56094
63668
26108
10224
99108
97999
407
43687
84477
13501
8700
37043
15972
57629
2969
18646
64793
27087
58139
23459
58083
21660
56049
990
24898
56276
24912
21905
20796
18938
39535
99935
17869
22357
50532
298
62513
5124
37367
64011
58466
19377
99565
39761
61005
44538
54817
82488
64744
35910
57009
19462
51922
48325
62742
30049
69028
29104
20232
45622
37859
31583
37784
97289
72201
30059
37759
32134
63591
18007
30991
29753
97572
21051
64006
55134
28995
65593
96788
40200
54617
43704
39309
38281
64058
27461
55593
59380
61003
51176
68207
33828
32978
48126
32703
32684
96203
61824
32235
34190
18186
88781
59947
35524
29707
98736
72120
33143
50227
30265
4297
70309
37565
32211
53851
57638
12165
16953
51689
37272
29414
44697
16624
28091
28294
70304
28162
84802
43769
24916
20588
91700
35141
37359
41158
78699
68718
22140
27321
53289
27149
57445
33480
62314
65290
