22400 23617 25231 29427 40693 42648 47732 56263 58641 70980 73374 78692 83136 99224 34033 38958 40977 52600 65199
34386 37280 42041 61238 95863 35828 42904 59891 66191 71277 74060 97591 98726
79503 94693 94977 98095 98304 98906 23442 47883 52011 77625 78750 87055
61582 72161 79590 81711 92618 97043
26715 9631 23724 48223 59236
20395 73783 25490 57038 68941
20942 22285 34917 24232 28287
28897 23385 38093 69950
61709 65367 67534 73201
88737 74684 78253 92754
97508 68238 71754 74306
95629 95791 84783 85437
30271 29242 60322 68227
31011 30590 30644 33523
89562 54190 73042
59609 68463 61072
75425 38740 45255
51151 53425 47278
21589 25450 30988
82136 27970 90557
7436 7696 39139
23055 43707 49537
78909 27779 84054
36711 57030 64491
98935 65221 68990
50028 53062 74289
46740 57955 66557
29268 53720 33022
34959 35276 23774
65251 54894 57734
55045 70307 72665
32610 1238
94013 84054
39844 37319
36704 39443
41422 65380
89129 91757
3915 57156
70866 61554
13299 54359
94966 33313
13835 2289
25139 31992
4998 63028
15696 18695
63208 63825
79176 66443
65372 66485
90903 91696
31858 35094
17020 57761
87019 51261
42984 63133
75405 30576
90593 96678
78212 89258
10055 52413
43885 52694
26478 15927
53715 55788
44391 56693
23742 56597
89219 99320
27882 22831
25461 44640
94028 98009
5503 44575
56890 69828
51588 71955
17435 60537
36958 53794
92865 99664
27965 59097
52579 72599
44930 18186
52596 58227
82272 71590
21213 59458
29715 21768
78211 96494
43261 63356
17867 38053
20470 66141
46980 73054
23411 27244
22929 298
34476 42776
35910
31532
51144
51536
18007
23214
30991
34484
8858
20867
20232
70004
30265
4297
20575
20588
37359
24916
59947
19835
35524
29707
63587
18938
18822
68053
52321
18290
45596
41192
49848
23459
58083
1641
41675
2823
30955
31144
63063
5124
66226
21181
27132
31204
27349
51153
21905
44697
58763
99338
20796
17188
8868
67029
33328
19193
46243
43769
78934
34003
27321
46390
71276
72358
17869
47632
34782
73734
1629
39761
31256
23032
73010
40881
67390
32684
43704
54737
46221
46076
73667
48930
47131
62820
45589
45343
44538
48325
54817
44415
43743
60514
46622
57770
43687
407
72901
73983
84803
43409
43295
36803
53574
44821
50772
43022
57629
90630
74773
51937
51922
19462
62742
38604
35358
51176
71734
50767
62669
50227
37784
82146
82488
49887
22426
49412
77003
49347
49337
48233
74201
48228
23883
64458
47582
47432
64744
46765
18633
55593
78768
36678
29104
77253
36591
35173
35141
13501
49763
35114
96788
39309
60949
38281
27461
38734
64249
34683
57946
27087
48007
37859
66532
34190
46587
33480
32978
48126
21673
42639
38633
42168
92481
41664
36795
40985
40385
40353
30074
40200
32085
50785
44103
22463
39991
63795
21051
38048
34261
45622
37958
62303
73123
37271
50710
15545
29990
41943
33828
38697
36725
64821
69832
62913
71569
62951
63087
63264
63467
63576
63843
66007
64143
72799
64381
64769
64793
62799
65290
65512
65532
65883
66632
71501
67072
67248
67257
67647
68443
68564
68957
69028
60652
68688
58463
59287
59610
59698
84584
59700
59873
59930
59979
60074
60120
60152
60171
69280
74177
60946
61487
98816
61000
61005
61207
61493
97199
97289
61988
62472
62658
62680
91983
78854
75143
75896
76196
76468
76860
77512
77667
81646
84477
84802
85309
85696
86055
75067
88781
90834
91980
93906
94313
95241
96134
96415
97151
97526
97999
98107
98634
98728
98736
73608
69360
69432
70309
73014
70453
70659
70718
70778
71778
72120
72178
72242
72768
58409
72881
73963
72939
73001
73227
73642
73697
73779
73908
73928
73960
74085
74376
86278
28091
16624
50532
38702
17410
23064
23357
38246
30212
63754
71665
23932
62343
51126
56470
43866
26302
1482
27953
14539
74049
27149
62314
48544
62069
61824
42871
65593
29753
9138
51689
46736
74327
990
8700
32703
49857
20302
70615
47445
28684
68718
9800
36814
24912
26357
30049
26565
72550
7679
24898
99565
28294
13117
31583
12773
84185
39535
36965
18975
56094
57411
57952
54294
54634
54752
58539
54775
54850
54978
55463
56545
55717
55939
62431
53706
63668
56305
56433
56607
65804
56778
65975
56918
62869
57827
57979
68799
58326
64818
53851
55571
25843
30865
53046
73063
25319
30973
63433
31005
64006
33143
12165
91692
32211
89467
57638
32235
52370
52508
68197
52603
52705
58115
52709
52858
53162
53343
53684
66668
