22400 22534 23617 25231 26436 29427 30137 34033 38905 38978 40693 42648 45319 47732 56263 58641 70980 73374 78692 83136 99224 7683 11854 38958 52600 65199 69530
9090 13179 20395 23221 25490 30376 34782 43753 57038 57660 68941 71734 71813 73783 6820 15273 21753 34607 70089 73067 73813 74255
34386 37280 42041 53686 61238 64105 95863 35828 36115 42904 59891 66191 71277 74060 97591 98726
22285 23214 23850 25042 31011 31157 34959 35276 73378 21652 26665 30590 30644 33523
77625 78750 79503 94693 94977 98037 98095 98304 98906 52011 72112
28897 40225 51934 69950 23385 38093 52537 67198
61582 72161 79590 81711 92618 97043 8520 27101
20942 24213 26204 28287 34917 35490 24232
61709 65367 67534 72081 72976 73201 74201
78909 84054 91185 94013 27779 71685 75763
49450 53342 72989 50150 57035 68554
87019 51261 55763 67348 79232 82469
89996 6274 43395 53509 75717
62513 68238 97508 71754 74306
25461 56016 58155 36718 44640
17280 19305 44498 39287 68915
82455 44764 54165 58520 60882
82201 29563 42987 71401
74684 88737 78253 92754
91114 14411 43628 72972
4587 23742 56597 58732
82146 22839 25808 47540
2080 56085 71304 56623
50028 74289 48610 53062
30271 60322 68227 6159
92865 50278 64970 99664
94966 33313 41004 96317
19566 19835 18181 18929
95629 95791 84783 85437
21657 21756 24799 30865
51151 53425 45001 47278
31452 79176 66443 88571
99176 41926 51566
46740 57955 66557
23055 43707 49537
17998 53972 57260
55916 69402 70327
10055 58874 52413
95714 40321 60391
98935 62375 65221
30929 36314 67632
17435 60537 58231
25501 32075 32410
34397 34684 27859
3560 37367 36812
40995 58840 61069
23411 27244 11619
65255 64064 68786
1982 836 5600
59609 68463 61072
25887 28916 34874
74464 14600 66024
55045 70307 72665
22403 42715 66281
5503 38226 44575
23699 29242 60089
97816 41829 62912
94321 24469 98247
5685 10329 63195
7436 7696 39139
88699 49252 70060
29268 53720 33022
26715 48223 59236
23194 26838 26857
13053 70795 17442
91245 99063 59901
91227 11787 86435
21589 30988 25450
65251 54894 57734
89562 54190 73042
78212 89258 93040
24646 58838 29999
81072 59083 96963
88138 18372 29042
29260 31858 35094
36711 57030 64491
3915 57156 65311
48685 57768
52596 58227
17867 38053
76468 83333
43261 63356
50255 54230
50555 60194
21181 17644
27087 67936
56890 69828
88923 23422
41346 48228
41422 65380
27965 59097
1482 56999
49036 60352
45500 68197
62825 66533
89129 91757
22463 36113
62144 55645
89219 99320
90903 91696
42984 63133
21213 59458
60251 67028
26478 15927
84802 32555
54461 68391
20470 66141
61051 19317
45596 58654
37958 41160
13343 51018
43885 52694
46980 73054
79310 23003
63208 63825
44391 56693
9765 9853
43866 54526
8433 60326
65372 66485
43687 39012
30059 45619
23357 67707
13501 73878
81277 29055
48288 65754
39219 57977
54559 57770
36958 53794
53818 19758
4998 63028
50227 73786
7679 66901
87222 92803
72898 56507
34476 42776
96788 76640
13117 67374
98770 59630
27953 22587
82136 90557
1629 16983
13835 2289
298 65186
50568 73371
24519 11150
78854 43783
1641 54687
38734 39082
75405 30576
32600 577
13299 54359
8868 68765
22448 29086
75425 38740
78211 96494
94128 58417
36704 39443
31625 44392
5260 5868
51588 71955
44103 68241
70251 55313
31084 28253
22357 37291
52579 72599
83394 58612
3128 59691
97622 38546
70866 61554
97824 24400
90593 96678
10224 52839
35048 45725
44095 61207
23604 31566
25139 31992
15696 18695
89972 90425
29715 21768
39937 42804
44474 67878
53715 55788
90503
37271
69432
70542
37272
37246
27904
21827
23883
40237
51689
22831
91983
71698
37114
27133
36591
51739
64793
58139
36965
62472
56049
54775
92481
66668
36922
72410
35616
36725
21387
54294
83737
31005
60514
37159
23110
64143
56017
30049
57774
51658
48331
56094
37180
22929
51291
62742
48325
54817
82488
64744
35910
57009
61604
19462
24197
51922
36814
44538
24898
68475
56276
20575
48166
23064
68424
17410
58937
17904
49823
49848
54734
57629
41943
32703
66445
70747
43022
50785
19377
33078
36106
22798
70309
26264
20867
69191
61857
50767
69233
1584
5124
15972
37043
99565
69360
18975
35719
36828
69925
33328
12773
44930
19193
20302
22426
89658
27554
14539
19455
21673
34484
3432
56991
20394
39844
60025
51153
36736
24916
18646
18186
63467
47941
18633
56746
46765
27057
21660
23459
65129
30750
16333
43769
51647
18938
99108
97999
407
21478
72330
57913
25752
27970
56643
36795
49224
51442
69280
51536
60949
52077
35358
59700
53046
51937
69654
31948
53019
54642
51144
52321
52348
52522
24912
31532
52603
63795
6127
52705
70453
52709
73928
52857
49412
48544
48838
62238
61129
26750
48930
63453
54634
79222
49279
70408
63754
49337
35114
56669
49763
40985
49857
49887
73014
4256
56379
50812
38633
47505
50832
51126
94313
8858
56545
55717
67029
55939
30973
56480
74049
56305
74177
63087
45343
56433
56470
58763
56607
62248
58921
56703
56739
56778
48046
56918
2969
57310
46221
57311
57580
54080
52858
73963
32930
52892
53132
68688
53162
65883
53684
53706
62658
24952
53786
26108
61248
55703
54752
68158
54850
99338
58305
54978
91916
73063
55319
70989
55463
42582
40083
40092
63433
40706
69607
40773
40881
77512
38697
34261
40915
40977
34341
41236
41192
42639
97199
62820
42858
60615
42871
73686
61487
43743
44239
44415
16663
42170
38936
65290
37565
37759
57235
37784
30265
45622
23442
37859
63046
38648
54337
55571
45497
47996
39309
39535
99935
17869
41158
39761
39883
86055
23032
57411
39991
57827
47445
46622
54737
78897
43409
46736
46908
87055
17188
47131
72939
47432
72952
50772
43295
70778
47489
47582
74248
47632
72201
47803
47883
48007
30312
48056
18290
48233
46208
44697
40385
44821
45255
17020
52508
45589
57795
45977
72692
71583
46076
47699
37319
53863
41664
50536
86278
46354
59698
25319
46390
89838
38824
46587
67693
59930
63548
64368
95301
80884
64249
67330
64003
73983
64002
63803
63741
63694
63668
63591
63576
64448
63380
85309
63129
62951
62913
62869
62850
62799
66007
62680
62669
62664
62431
66186
67257
67248
81646
71665
67229
67193
67155
67012
66887
66884
69859
66532
66337
62400
66175
66113
72752
66098
66022
73738
65975
85494
65532
64886
64818
64656
64458
59762
60385
60337
76946
60311
68053
60290
60171
60160
60120
60074
59985
63264
59937
59873
64821
59758
59669
59610
73960
60652
59543
59380
59287
59154
68799
58818
58539
64011
63587
62354
62343
68957
62303
62079
72050
69832
62069
61988
96203
61824
74085
61493
67272
61369
61267
61244
61005
61003
61000
60959
60946
60904
60745
60723
60708
60407
76196
80171
80134
79997
98816
87640
78768
77786
85430
77667
77618
77003
82405
76860
76854
88800
75896
75143
75067
76594
74376
74327
74095
73833
73779
73697
73667
73608
80990
91980
98728
98608
98107
97526
97151
96415
96134
95654
95241
93906
92973
92925
98634
73227
91692
91052
90834
90630
89663
89467
89090
88662
87438
85814
85696
84803
84185
68186
70615
70321
70311
70126
73407
70080
70051
70004
69813
69742
68990
68564
68502
70659
67946
78934
67844
74451
67797
67647
67596
67575
67487
67452
86265
67412
77253
72110
73123
73010
73001
72901
72823
73908
72799
72768
72737
72666
72550
72358
72209
58466
71778
72881
71772
72699
71590
71569
71501
71300
84584
71276
71255
70718
70703
37620
29707
98736
72120
64195
33143
35524
32211
53851
57638
12165
65804
72242
27882
68672
22540
38702
50710
19658
16953
41441
36798
38473
35467
16963
9631
52370
31754
73734
51247
58463
26302
26265
38708
53343
97289
88781
59947
31393
82272
36803
37722
78972
38246
23932
53574
38048
63202
16624
64341
15545
97052
28294
2337
56978
84477
18822
57761
67072
41675
6368
54517
64340
32684
56811
30955
2823
31256
25735
72178
59979
18214
33363
61736
58409
1238
9800
21905
20796
8700
990
49347
53695
25833
17634
34053
30212
67390
26357
75748
31388
25843
60152
9138
22219
23774
96157
90612
89503
64008
42168
27136
62465
54493
31204
34003
27349
27132
45663
47827
49991
50532
74773
69034
64954
33902
68207
33828
32978
32610
48126
32235
37104
34190
93129
32134
32085
74579
73828
54617
40200
80989
31583
60376
31542
73642
31500
66632
31144
37396
30923
60716
64381
58348
73865
58339
68307
58326
64769
58115
58083
57979
57974
57952
57946
57756
56280
57727
36172
36152
68443
35173
59377
40524
26933
43704
34683
40093
74040
57405
37359
36678
28995
65593
51176
63063
61954
28684
38604
70304
28162
20588
91700
35141
65512
28091
78699
68718
22140
23724
63843
53862
27149
77407
57445
26565
4297
66226
21051
27321
53289
30074
40353
30991
18007
29990
25662
16465
29753
61769
46243
97572
3217
64006
55134
62314
33480
29625
64058
27461
38281
55593
29414
69028
20232
29104
