42648 78692 83136 99224 17867 18633 22400 23617 25231 29427 38958 40693 40977 47732 52600 56263 58641 65199 70980 73374
61582 72161 81711 92618 97043
95863 42904 71277 97591
26715 9631 23724 59236
88737 74684 92754
35276 23774
43885 52694
44930 18186
39844 37319
59609 68463
94693 23442
31858 35094
3915 57156
94977 87055
98906 47883
60537
61709
40881
68197
57638
53720
51153
48228
67534
41943
74201
22285
71276
71734
81646
72120
34261
27149
73123
73667
40985
29753
55788
91983
42871
98634
97999
51144
35141
72901
40353
42639
98728
73963
73201
32085
34917
32235
48007
30865
96494
990
46243
17188
18007
20302
19835
27882
99565
26357
30074
55939
