79503 77625 78750 94693
20395 57038 68941
92865 99664
75748 31388
30376 71734
53972 57260
52579 72599
78211 96494
94966 33313
51151 47278
43885 52694
82455 58520
91227 86435
42984 63133
33078 30074
94028 98009
46390
59947
70004
45596
48930
56480
62742
1482
47131
47445
47632
54230
49347
59979
63063
64793
49887
50767
31583
60652
26357
43769
2823
26715
31084
34959
26478
30973
38633
26750
27953
79176
42168
45343
22897
52709
54775
50832
29104
61487
32703
49848
60376
57127
76196
58463
72799
56094
58921
61207
60120
51176
58115
60171
46076
61000
62799
48007
62913
63264
44415
63433
55571
63795
49857
64249
52858
38281
63467
29707
51126
75067
51937
56433
52321
37859
34261
52508
39309
53162
36591
63576
32610
53684
54080
38697
55916
56017
56470
68957
73697
73123
73063
73014
73001
72901
71665
70718
70453
68990
75896
73734
67647
67390
81646
66226
66022
86278
65975
65372
64821
64769
78212
96134
90630
90593
88781
85696
84802
82146
82136
78854
89562
78768
64458
89467
84584
78159
76468
75405
74773
74327
73983
73960
73908
34484
99176
36725
33480
32978
13501
78692
18975
39535
23064
17410
19835
38734
87438
35524
17020
13343
96415
36152
47582
68564
30271
67257
38048
64381
92481
62669
41192
54850
59930
38246
35141
17869
65804
65290
12773
15696
26302
46622
37759
57952
39991
44103
57629
43687
40385
