78692 17867 18007 18633 22400 23617 29427 40693 42648 47732 56263 58641 70980 73374 99224
72161 92618 27149 46243 51153 61582 81711 97043
95863 42904 66191 71277 97591 98726
79503 94693 98095 23442 77625 78750
82455 54165 57727 58520 67575
84582 23221 30376 81246 88157
95629 84783 85437 95791
22897 30865 21657 24799
88737 74684 78253 92754
65367 67534 73201
23055 43707 49537
7436 7696 39139
89996 53509 75717
51151 53425 47278
65251 54894 57734
21589 25450 30988
30271 29242 68227
43885 52694 40353
20395 57038 68941
29715 21768 23883
50028 53062 74289
68463 59609 61072
23742 56597
20942 24232
78211 96494
22929 298
41422 65380
36704 39443
70866 61554
69432 59609
56890 69828
27965 59097
39937 42804
13835 2289
82272 71590
17020 57761
44930 18186
34476 42776
52596 58227
52579 72599
89129 91757
92865 99664
31858 35094
94966 33313
78159 98893
91227 86435
36958 53794
65372 66485
94028 98009
78212 89258
94128 58417
78909 27779
29268 33022
42984 63133
15696 18695
98935 65221
82136 27970
26478 15927
4998
46622
53343
57770
47432
32610
48930
47131
46765
1482
2823
61824
47445
47582
61487
60946
47632
48007
62913
74201
48233
35114
49337
53706
19193
26302
12165
34261
91692
38048
38633
56305
65290
26750
37280
63063
24916
20588
21673
42168
33480
47827
54737
23214
35173
28091
28294
52709
77253
36678
29104
50772
27953
44821
21213
45343
46076
32978
60120
65883
62799
69832
61000
60949
60652
99063
62850
23357
60537
61988
59947
59930
59610
58463
57952
57411
57946
57827
49857
64458
89562
67012
59979
66226
65512
78897
66022
64821
64491
56778
64381
64006
63825
63668
56094
63264
62669
50767
62069
51176
53046
73063
52858
56433
54634
52321
51937
60171
58115
52705
53162
57127
71734
82488
64793
49887
74773
64249
38281
54230
79176
65975
56607
65804
58921
29707
63795
39991
55571
59700
49347
54817
44538
48325
62742
19462
78972
54775
53574
36803
43743
38246
61207
63467
18975
39535
39761
20470
40773
40915
36725
44415
68564
68718
68799
68957
69280
73608
70453
70718
34484
61493
58409
68688
57638
27321
43769
78934
34003
34190
71665
34959
58763
44103
56470
75405
44391
35910
36152
36591
85309
77003
77512
77667
79590
81646
83394
84477
84584
84802
76860
85696
87438
88781
89467
91980
94313
95241
96134
96415
73908
71778
72768
72799
73001
73014
73054
73642
73697
73734
38604
74327
74376
86278
75067
78854
75143
75896
76196
76468
57629
20232
70004
67647
67390
21387
73960
15545
16624
43866
13501
68990
90630
18822
51126
40200
13343
35524
20796
65593
27132
67257
12773
84185
17869
63843
45596
31204
14539
74049
42871
38697
33828
41943
1641
41675
99935
990
4297
30265
37958
64769
30074
38734
78768
9138
25843
30212
30973
63433
40385
73123
31583
53684
52508
32703
49848
41192
33143
64818
46390
13117
31532
66532
37859
43687
72901
73983
17188
57955
9090
71276
72358
8868
17410
23064
62431
30049
58083
23459
