18633 22400 22534 23617 25231 26436 29427 30137 34033 38905 40693 42648 47732 56263 58641 69530 70980 73374 78692 99224 7683 11854 45319
53686 61238 95863 34386 35828 36115 42041 42904 59891 66191 71277 74060 97591 98726
25208 42871 44930 48007 72901 73123 73667 36828 56280 70408
23221 34782 71734 73067 74255 88157 30376 81246 84582
1577 29656 51588 63837 66551 66901 71955 7679 50785
46243 51153 61582 72161 79590 81711 92618 97043
38708 49823 69400 81345 28995 51311 96016
71754 74306 97508 8868 55319 62513 68238
71685 75763 78909 84054 94013 60132 91185
79232 87019 91114 329 43628 51261 82469
5362 44027 49379 56326 64011 67647 60100
22516 56545 58326 61005 62951 66632 72242
28897 52537 67198 23385 38093 57547 69950
78253 88737 90964 92754 40004 78381
74040 82201 96565 29563 42987 71401
59901 69402 91245 40773 55916 99063
20942 22285 28287 34917 24232 35490
26665 30644 31011 23214 30590 33523
59609 61072 68026 68463 69432 71494
82455 44764 54165 57727 58520 60882
54722 61709 67534 69612 73201 68951
92865 30049 50278 64970 99664
20395 73783 25490 57038 68941
11009 37104 63548 36678 44464
47278 51151 53425 45001 48064
26715 28031 48223 23724 59236
62354 99176 41926 51566 67155
98095 52011 61824 98304
34921 9081 18822 52424
79176 88571 91302 66443
98759 99923 22944 53989
82146 25808 34476 47540
10055 52413 58874 70778
9522 43685 67193 71300
94966 33313 41004 96317
85437 95629 95791 84783
53509 75717 89996 6274
17435 58231 60537
90593 32684 96678
923 64458 47827
7436 7696 39139
73599 74201 66173
97816 41829 62912
23055 43707 49537
20888 28253 15930
46150 71559 61419
50028 53062 74289
29268 33022 53720
68151 54828 65853
34959 35276 23774
55045 70307 72665
65255 64064 68786
29999 58838 24646
98906 47883 61824
21589 25450 30988
21768 29715 23883
2289 13835 71012
89562 54190 73042
82136 27970 90557
83935 97526 72881
94977 87055 98037
57734 65251 54894
36704 39443 37158
63208 63825
86435 91227
97125 50536
65372 66485
41422 65380
98770 59630
21652 23214
37404 70057
3915 57156
61554 70866
21213 59458
78212 89258
13117 67374
38734 39082
44391 56693
31858 35094
66370 71276
28606 40093
9056 40915
17867 38053
17020 57761
33143 16624
39937 42804
29924 64350
53715 55788
52596 58227
35098 43409
45500 68197
43001 71583
83737 57547
36958 53794
15696 18695
32610 1238
23742 56597
31018 28423
56890 69828
2058 46595
20470 66141
43885 52694
22929 298
34683 27349
4998 63028
90903 91696
43687 39012
22692 71300
24509 68502
74736 60074
97572 43002
86278 58305
87418 97289
27965 59097
45596 58654
89129 91757
78854 43783
89621 37835
70251 55313
89365 56531
1641 54687
67072 99320
46980 73054
42984 63133
78934 3128
61051 19317
52579 72599
80171 96157
75405 30576
78211 96494
23422 63069
22463 36113
26478 15927
54642
27779
36795
52321
68688
52603
70141
53132
17644
45255
63433
12773
65331
52858
35114
30973
31532
53851
68158
54775
92481
66113
23932
58539
54752
54634
54294
46531
62343
31005
57638
53162
24717
84802
70060
43769
24916
28091
8433
59287
13501
84477
27149
53452
53289
49094
69702
82488
50532
49857
64744
40985
50772
47445
22831
56101
49763
49347
6096
49140
56470
73089
48930
41192
47582
47632
48544
54817
48325
62742
48233
18290
69813
41579
46221
68391
46390
25319
59698
51620
27953
48056
33480
57629
51434
62314
27101
18975
14539
51689
63843
46587
54737
57127
51176
65593
51126
50767
51083
62669
65532
85494
50925
67348
65975
26302
58463
66226
66557
55939
67029
67248
67257
65883
70927
60946
67600
67838
65512
72166
67878
81646
71665
73908
52839
62820
62913
71569
63264
63576
48228
63754
64143
67936
72799
64340
64381
64793
25366
65290
65480
53684
71772
52709
70453
70479
70718
73227
71009
69910
71019
71501
70309
71778
98736
72120
37280
72768
72787
47432
72939
62303
67946
29104
20232
69028
68053
69233
68186
68564
68765
97199
68957
51536
69280
21673
69360
66532
69859
18186
57827
61003
70984
73014
56379
74177
45343
56433
63087
70615
62869
57979
58491
68799
58818
58115
64769
46736
58935
56563
99338
54978
55094
55717
76978
70324
51658
56094
56305
59228
56607
1482
65804
68509
43395
56703
64818
56918
61769
60152
72054
76468
60942
43743
61487
61000
61227
62850
9138
61988
62400
62658
66007
62680
62799
62069
69832
59873
89090
62474
15250
59610
53046
48610
51937
59700
59758
54850
43295
46622
59930
72178
59979
60089
52357
60120
37759
70659
38633
73734
38246
53574
38048
52114
37958
98384
37396
37271
45977
35173
33009
91700
35141
44366
40977
88699
64301
42640
64821
42629
41675
41664
42776
39309
40881
44821
40385
39844
40353
30074
63795
38740
30991
63467
32075
32039
60171
32978
48126
31583
31144
32085
18007
49412
30865
29242
30164
39991
30010
5124
36141
60949
63654
38281
55593
64249
55782
34429
34190
22426
33828
41943
77512
34261
38697
43704
53706
84185
90834
90630
90425
89467
85696
85583
85309
84803
91692
82524
79832
78768
77786
77667
77253
77066
77003
96788
99565
99350
99349
99179
98728
98107
97151
97006
76860
96415
96134
95241
93906
92925
92468
91983
91762
46076
73642
73371
98816
73309
73063
73010
73001
72972
73697
13616
45589
44415
57770
97999
407
36803
15972
74684
76196
75896
75613
75402
75371
75143
75067
74773
29753
74376
74327
74085
73983
73963
73928
73779
19193
38473
36814
36002
24912
42168
17239
34484
29360
9800
20302
99663
63063
28684
68718
28294
20575
35358
20796
34632
61248
990
8700
44697
66337
33903
21905
20941
24898
17188
43022
70747
39535
36965
40237
55763
67390
58763
75425
55463
73608
73960
60652
33078
25843
8858
26357
55571
42339
68424
17410
23064
41464
49252
20394
42639
15506
21051
29707
31204
60959
21181
27132
49887
26565
72550
32703
72737
43261
37784
46440
15273
47015
34003
17869
88781
59947
52954
61069
32235
51922
36725
66668
15545
50710
36591
14411
39761
62483
62079
18938
35524
19835
56623
52508
31950
38604
8520
30955
84584
72358
86055
57952
90544
18646
19462
30265
37319
24469
42972
60716
46765
49848
23459
12165
65667
4297
27882
38702
98634
91980
51144
63587
59868
19758
2823
31256
44103
57411
23032
25752
53343
70004
1629
20867
68475
60514
9631
52370
45622
37859
