22400 22534 23617 25231 26436 29427 30137 34033 38905 38978 40693 42648 45319 47732 56263 58641 70980 73374 78692 83136 99224 7683 11854 38958 52600 65199 69530
13179 20395 23221 25490 30376 34782 43753 57038 57660 68941 71734 71813 73783 84582 88662 6820 15273 21753 34607 69702 70089 73067 73813 74255 76978 81246 88157
34386 37280 42041 53686 61238 64105 95863 35828 36115 42904 59891 66191 71277 74060 97591 98726
20942 22285 23194 24213 25501 26204 26838 28287 34917 34959 35276 35490 24232 26857 32075 32410
31452 78750 79176 79503 94693 94977 98037 98095 98304 98906 52011 66443 72112 88571 91302
23850 25042 31011 31018 31393 34397 34684 21652 26665 27859 28423 30590 30644 33523
28897 40225 51934 57547 69950 23385 38093 52537 67198 67632
61709 65367 67534 72081 72976 73201 74201 69612
61582 72161 79590 81711 92618 97043 8520 27101
49450 53342 72989 50150 57035 60119 67988 68554
78909 84054 91185 94013 27779 71685 75763
87019 51261 55763 67348 74094 79232 82469
41347 94028 27809 29345 65094 98009
78159 37519 56708 60925 70749 98893
21657 21756 22897 24799 30865 40013
89996 6274 43395 46440 53509 75717
88138 18372 29042 38624 70052 73656
81072 57274 59083 66872 96963
23604 25887 31566 28916 34874
17280 19305 44498 39287 68915
33902 74464 14600 39861 66024
82146 21632 22839 25808 47540
82201 29563 42987 58491 71401
62513 68238 97508 71754 74306
97622 38546 49990 63895 70078
82455 44764 54165 58520 60882
95714 40321 43557 47483 60391
25461 56016 58155 36718 44640
91114 14411 43628 72972
39219 43866 54526 57977
2080 56085 71304 56623
57058 57127 60745 63453
50568 59380 60025 73371
19566 19835 18181 18929
50028 74289 48610 53062
30271 60322 68227 6159
51151 53425 45001 47278
92865 50278 64970 99664
91227 11787 31143 86435
95629 95791 84783 85437
94966 33313 41004 96317
23411 27244 11619
88699 49252 70060
59609 68463 61072
88923 16346 23422
55045 70307 72665
40995 58840 61069
26715 48223 59236
23055 43707 49537
17998 53972 57260
30929 36314 67632
91245 99063 59901
66098 76468 83333
65255 64064 68786
29260 31858 35094
29268 53720 33022
94321 24469 98247
92973 6905 7750
43261 63356 57961
27953 21878 22587
55916 69402 70327
7436 7696 39139
39937 42804 67412
44103 58802 68241
21181 17644 70058
65251 54894 57734
10055 58874 52413
17435 60537 58231
78212 89258 93040
5685 10329 63195
88737 78253 92754
46740 57955 66557
89129 60725 91757
24646 58838 29999
13053 70795 17442
22403 42715 66281
21589 30988 25450
97816 41829 62912
23742 56597 58732
98935 62375 65221
99176 41926 51566
38824 61419 69116
5503 38226 44575
36711 57030 64491
1982 836 5600
9090 68802 60038
89562 54190 73042
27087 67936
49036 60352
27965 59097
44095 61207
83394 58612
9765 9853
41422 65380
45500 68197
48288 65754
14539 18911
36704 39443
41346 48228
3560 36812
23357 67707
32600 577
53019 73828
96788 76640
34476 42776
50227 73786
81277 29055
1482 56999
63202 73404
59762 72952
8433 60326
41441 56739
46980 73054
60251 67028
90903 91696
65372 66485
84802 32555
63208 63825
30059 45619
21213 59458
10224 52839
42984 63133
34341 68675
44391 56693
62144 55645
52596 58227
42858 54337
22463 36113
75425 38740
3915 57156
62825 66533
23699 29242
45497 56133
32134 55372
75405 30576
22357 37291
22448 29086
89972 90425
97572 43002
89219 99320
44474 67878
25139 31992
54080 56811
56978 70978
13835 2289
53818 19758
43687 39012
38734 39082
72898 56507
98770 59630
45596 58654
80989 71639
70866 61554
84803 88800
82136 90557
54461 68391
26478 15927
31084 28253
24197 58309
78854 43783
56890 69828
3128 59691
29707 22170
31625 44392
13343 51018
298 65186
29715 21768
5260 5868
69189 70332
70251 55313
35910 72209
7679 66901
35048 45725
1629 16983
8868 68765
50555 60194
50255 54230
54559 57770
97824 24400
48685 57768
94128 58417
79310 23003
34053 68363
90593 96678
53715 55788
36958 53794
52579 72599
78211 96494
13299 54359
20470 66141
13501 73878
1641 54687
24519 11150
87222 92803
51588 71955
4998 63028
15696 18695
43885 52694
61051 19317
17867 38053
13117 67374
37159
58139
64793
70778
47489
37272
48331
56094
37180
37246
90503
69432
37271
70542
51689
51658
71698
37319
65290
37565
77618
37694
72939
69607
92481
35616
36725
82272
36803
38048
53574
72410
36922
66668
54775
62472
36965
27133
37114
56049
83737
47432
68424
51922
36814
35467
16963
51291
24898
68475
56276
20575
48166
23064
19462
17410
58937
17904
49823
18633
56746
46765
27057
21660
23459
65129
1584
57913
25752
27970
56643
19377
26264
20867
69191
61857
50767
69233
30750
5124
15972
37043
54294
31005
99565
44538
62742
48325
54817
61604
31157
24916
43769
27904
91983
69360
19455
21673
23883
21827
34484
3432
36736
20796
21905
57411
23032
22831
21387
22929
57774
30049
56017
64143
57135
16333
18646
51647
18975
35719
36828
69925
33328
12773
66007
62680
23110
44930
19193
20302
22426
89658
27554
56991
20394
39844
51153
60949
70747
43022
50785
50812
38633
47505
50832
51126
51144
49224
51442
69280
51536
56545
52077
35358
59700
53046
51937
54642
36795
52321
52348
52522
24912
31532
52603
49337
48233
26108
48544
48838
62238
61129
26750
48930
54634
79222
49279
70408
63754
63795
56911
49347
49412
56669
49763
40985
49857
49887
73014
4256
56379
58763
8858
94313
55319
61248
55703
55717
67029
55939
30973
56480
74177
63087
45343
56433
56470
73063
56607
62248
58921
56703
86721
56778
48046
56918
57009
2969
57310
46221
57311
53162
6127
52705
70453
52709
73928
52857
35114
52858
73963
32930
52892
53132
68688
18290
65883
53684
53706
62658
24952
53786
54752
68158
54850
99338
58305
54978
91916
41236
40083
40092
40237
40706
30955
40773
40881
77512
38697
34261
40915
40977
60089
41192
42582
42639
97199
62820
60615
42871
73686
61487
43743
44239
44415
16663
42170
38648
78972
51247
31204
54493
37759
57235
37784
30265
45622
23442
37859
37958
63046
44697
55571
38936
47996
39309
39535
99935
17869
41158
39761
39883
86055
39991
57827
47445
59930
43295
46622
54737
78897
43409
46736
46908
87055
17188
47131
47318
50772
67693
47582
74248
47632
72201
47803
47883
48007
30312
48056
73697
48190
74049
56305
46208
40385
44821
45255
17020
52508
45589
57795
41160
45977
72692
71583
46076
47699
37722
53863
41664
50536
46266
70989
55463
86278
46354
59698
25319
46390
89838
46587
63576
64448
64368
95301
80884
64249
67330
64003
73983
64002
63803
63741
63694
63668
63591
64458
63548
63380
85309
63129
62951
62913
62869
62850
62799
62669
62664
62431
62400
66113
67193
67155
67018
67012
66887
66884
69859
66532
66445
66337
66186
66175
66135
62354
72752
66022
73738
65975
65804
85494
65532
65311
64886
64818
82488
64744
64656
73960
68053
60290
60171
60160
60120
60074
59985
63264
59937
59873
59758
59669
59610
60311
60652
59543
59287
59154
68799
58818
58539
64011
58466
58348
73865
58339
68307
61369
62343
68957
62303
62079
72050
69832
62069
61988
96203
61824
74085
61493
63587
67229
61267
61244
61005
61003
61000
60959
60946
60904
60723
60708
60407
60337
76946
75143
98816
87640
78768
77786
85430
77667
77625
77003
82405
76860
76854
76196
75896
79997
75067
74684
76594
74376
74327
74095
73833
73779
73667
73608
80990
73227
73123
91692
98728
98608
98107
97526
97151
96415
96134
95654
95241
93906
92925
98634
91980
73010
91052
90834
90630
89663
89467
89090
87438
86265
85814
85696
84185
80171
80134
67844
70126
73407
70080
73378
70051
70004
69813
69742
68990
68564
68502
67946
78934
70311
74451
67797
67647
67596
67575
67487
67452
77253
67272
67257
67248
81646
71665
71772
73001
72901
72823
73908
72799
72768
72737
72666
72550
72358
72110
71778
72881
58326
72699
71590
71569
71501
71300
84584
71276
71255
70718
70703
70659
70615
70321
31754
27882
68672
37620
38702
68186
57096
50710
19658
16953
23214
36798
38473
9631
52370
72242
73734
38246
30212
67390
26357
75748
31388
25843
60152
9138
22219
37367
23774
63467
58463
26302
26265
38708
48126
53343
25735
97289
88781
59947
23932
70309
18186
96157
47941
69654
31948
18822
16624
64341
15545
97052
28294
2337
32211
53851
12165
54734
60385
1238
9800
98736
72120
64195
33143
35524
22540
53695
25833
17634
3217
64821
41943
84477
8700
990
33078
36106
22798
49848
18938
99108
97999
407
21478
74773
90612
89503
42168
27136
62465
34003
27349
27132
63433
45663
47827
49991
50532
64008
18214
67072
41675
6368
54517
64340
4587
32684
2823
31256
60514
61736
58409
69034
40093
64954
68207
33828
32978
32703
32610
32235
37104
34190
93129
32085
74579
34683
54617
40200
31583
60376
31542
73642
31500
66632
31144
37396
30923
60716
56280
77407
64769
58115
58083
57979
57974
57952
57946
57756
64381
57727
57638
57629
57580
27321
57445
74040
57405
36591
51739
36172
36152
68443
35173
59377
40524
26933
43704
78699
65593
51176
63063
61954
28684
38604
70304
28162
20588
91700
35141
37359
28091
28995
68718
22140
72178
59979
57761
33363
23724
63843
53862
27149
26565
4297
66226
55134
53289
30074
40353
30991
18007
29990
25662
16465
29753
61769
46243
21051
64006
72330
62314
33480
29625
64058
27461
38281
55593
29414
69028
20232
29104
65512
36678
22400 22534 23617 25231 26436 29427 30137 34033 38905 38978 40693 42648 45319 47732 56263 58641 70980 73374 78692 83136 99224 7683 11854 38958 52600 65199 69530
13179 20395 23221 25490 30376 34782 43753 57038 57660 68941 71734 71813 73783 84582 88662 6820 15273 21753 34607 69702 70089 73067 73813 74255 76978 81246 88157
34386 37280 42041 53686 61238 64105 95863 35828 36115 42904 59891 66191 71277 74060 97591 98726
20942 22285 23194 24213 25501 26204 26838 28287 34917 34959 35276 35490 24232 26857 32075 32410
31452 78750 79176 79503 94693 94977 98037 98095 98304 98906 52011 66443 72112 88571 91302
23850 25042 31011 31018 31393 34397 34684 21652 26665 27859 28423 30590 30644 33523
28897 40225 51934 57547 69950 23385 38093 52537 67198 67632
49450 53342 72989 50150 57035 60119 67988 68554
61582 72161 79590 81711 92618 97043 8520 27101
61709 65367 67534 72081 72976 73201 74201 69612
78909 84054 91185 94013 27779 71685 75763
87019 51261 55763 67348 74094 79232 82469
41347 94028 27809 29345 65094 98009
21657 21756 22897 24799 30865 40013
89996 6274 43395 46440 53509 75717
78159 37519 56708 60925 70749 98893
88138 18372 29042 38624 70052 73656
82146 21632 22839 25808 47540
82201 29563 42987 58491 71401
23604 25887 31566 28916 34874
33902 74464 14600 39861 66024
81072 57274 59083 66872 96963
97622 38546 49990 63895 70078
17280 19305 44498 39287 68915
25461 56016 58155 36718 44640
62513 68238 97508 71754 74306
95714 40321 43557 47483 60391
82455 44764 54165 58520 60882
91227 11787 31143 86435
2080 56085 71304 56623
95629 95791 84783 85437
91114 14411 43628 72972
94966 33313 41004 96317
19566 19835 18181 18929
50568 59380 60025 73371
50028 74289 48610 53062
51151 53425 45001 47278
92865 50278 64970 99664
39219 43866 54526 57977
30271 60322 68227 6159
55045 70307 72665
89129 60725 91757
21589 30988 25450
9090 68802 60038
23742 56597 58732
23411 27244 11619
38824 61419 69116
24646 58838 29999
46740 57955 66557
88699 49252 70060
36711 57030 64491
17998 53972 57260
30929 36314 67632
88923 16346 23422
40995 58840 61069
55916 69402 70327
65255 64064 68786
66098 76468 83333
43261 63356 57961
7436 7696 39139
65251 54894 57734
10055 58874 52413
39937 42804 67412
21181 17644 70058
94321 24469 98247
1982 836 5600
5685 10329 63195
99176 41926 51566
44103 58802 68241
88737 78253 92754
5503 38226 44575
89562 54190 73042
17435 60537 58231
13053 70795 17442
91245 99063 59901
92973 6905 7750
29268 53720 33022
26715 48223 59236
23055 43707 49537
97816 41829 62912
98935 62375 65221
22403 42715 66281
27953 21878 22587
59609 68463 61072
29260 31858 35094
78212 89258 93040
9765 9853
43885 52694
62144 55645
10224 52839
23699 29242
48288 65754
54461 68391
14539 18911
62825 66533
26478 15927
79310 23003
41422 65380
45500 68197
44095 61207
52596 58227
60251 67028
27965 59097
49036 60352
96788 76640
36704 39443
41346 48228
45497 56133
53019 73828
34476 42776
27087 67936
44391 56693
32600 577
42858 54337
22463 36113
46980 73054
63208 63825
63202 73404
24197 58309
75425 38740
84802 32555
1482 56999
59762 72952
45596 58654
8433 60326
20470 66141
90903 91696
61051 19317
21213 59458
65372 66485
23357 67707
42984 63133
34341 68675
30059 45619
41441 56739
81277 29055
52579 72599
97572 43002
56978 70978
13835 2289
53818 19758
54080 56811
22448 29086
70866 61554
72898 56507
98770 59630
32134 55372
13299 54359
38734 39082
89972 90425
1641 54687
24519 11150
51588 71955
22357 37291
15696 18695
82136 90557
78854 43783
29707 22170
31625 44392
13343 51018
80989 71639
31084 28253
5260 5868
50227 73786
3128 59691
75405 30576
57058 63453
84803 88800
298 65186
29715 21768
89219 99320
44474 67878
25139 31992
97824 24400
8868 68765
50555 60194
50255 54230
48685 57768
3915 57156
78211 96494
4998 63028
34053 68363
13117 67374
83394 58612
3560 36812
35910 72209
90593 96678
36958 53794
56890 69828
53715 55788
94128 58417
54559 57770
13501 73878
1629 16983
70251 55313
35048 45725
43687 39012
7679 66901
17867 38053
87222 92803
27133
77618
64143
46221
57311
37565
39844
71698
37272
23110
37319
51689
70778
65290
36725
37114
56049
83737
36965
62472
54775
92481
36922
72410
53574
37159
38048
36803
82272
47489
35616
51658
48331
66668
56094
37180
37246
90503
58139
64793
69432
37271
70542
48166
61604
19462
51922
36814
35467
16963
51291
24898
68475
56276
20575
54817
23064
68424
17410
58937
17904
49823
18633
56746
46765
27057
21660
50767
21478
72330
57913
25752
27970
56643
19377
26264
20867
69191
61857
23459
69233
1584
5124
15972
37043
54294
31005
99565
44538
62742
48325
34484
51153
36736
24916
43769
27904
91983
69360
19455
21673
23883
21827
40237
3432
31157
20796
21905
57411
23032
22831
21387
22929
57774
30049
66007
65129
30750
16333
18646
51647
18975
35719
36828
69925
33328
12773
56017
62680
57135
44930
19193
20302
22426
89658
27554
56991
20394
69280
58763
8858
56545
70747
43022
50785
50812
38633
47505
50832
51126
51144
49224
51442
56379
51536
60949
52077
35358
59700
53046
51937
54642
36795
52321
52348
52522
24912
49279
74049
56305
18290
48233
26108
48544
48838
62238
61129
26750
48930
54634
79222
31532
70408
63754
49337
56911
49347
49412
56669
49763
40985
49857
49887
73014
4256
56433
91916
73063
55319
61248
55703
55717
67029
55939
30973
56480
74177
63087
45343
54978
56470
94313
56607
62248
58921
56703
86721
56778
48046
56918
57009
2969
57310
53132
52603
63795
6127
52705
70453
52709
73928
52857
35114
52858
73963
32930
52892
48190
68688
53162
65883
53684
53706
62658
24952
53786
54752
68158
54850
99338
58305
40915
39991
57827
41192
40083
40092
4587
40706
69607
40773
40881
77512
38697
34261
86055
40977
60089
41236
42582
42639
97199
62820
60615
42871
73686
61487
43743
44239
37859
72939
47432
37722
78972
51247
31204
54493
37759
57235
37784
30265
45622
23442
44415
37958
63046
38648
55571
38936
47996
39309
39535
99935
17869
41158
39761
39883
47131
89838
46587
67693
59930
43295
46622
54737
78897
43409
46736
46908
87055
17188
46390
47318
50772
47445
47582
74248
47632
72201
47803
47883
48007
30312
48056
73697
71583
16663
42170
44697
40385
44821
45255
17020
52508
45589
57795
41160
45977
72692
37694
46076
47699
46208
53863
41664
50536
46266
70989
55463
86278
46354
59698
25319
63591
64458
64448
64368
95301
80884
64249
67330
64003
73983
64002
63803
63741
63694
63668
64656
63576
63548
63380
85309
63129
62951
62913
62869
62850
62799
62669
62664
62431
66135
67229
67193
67155
67018
67012
66887
66884
69859
66532
66445
66337
66186
66175
62400
66113
72752
66022
73738
65975
65804
85494
65532
65311
64886
64818
82488
64744
59669
76946
60311
68053
60290
60171
60160
60120
60074
59985
63264
59937
59873
59758
60337
59610
73960
60652
59543
59287
59154
68799
58818
58539
64011
58466
58348
73865
63587
62354
62343
68957
62303
62079
72050
69832
62069
61988
96203
61824
74085
61493
71665
61369
61267
61244
61005
61003
61000
60959
60946
60904
60745
60723
60708
60407
75067
98816
87640
78768
77786
85430
77667
77625
77003
82405
76860
76854
76196
75896
75143
79997
74684
76594
74376
74327
74095
73833
73779
73667
73608
80990
73227
73123
73010
91692
98728
98608
98107
97526
97151
96415
96134
95654
95241
93906
92925
98634
91980
73001
91052
90834
90630
89663
89467
89090
87438
86265
85814
85696
84185
80171
80134
78934
70126
73407
70080
73378
70051
70004
69813
69742
69189
68990
68564
68502
67946
70311
67844
74451
67797
67647
67596
67575
67487
67452
77253
67272
67257
67248
81646
71590
72901
72823
73908
72799
72768
72737
72666
72358
72110
71778
72881
71772
72699
58339
71569
71501
71300
84584
71276
71255
70718
70703
70659
70615
72550
70332
70321
9631
12165
72242
27882
68672
37620
38702
68186
57096
50710
19658
16953
23214
36798
38473
53851
52370
31754
73734
38246
30212
67390
26357
75748
31388
25843
60152
9138
22219
70309
66226
64008
58463
26302
26265
38708
48126
53343
25735
97289
88781
59947
23932
37367
18186
63467
47941
69654
31948
18822
16624
64341
15545
97052
28294
2337
32211
17634
58409
64821
60385
1238
9800
98736
72120
64195
33143
35524
22540
53695
25833
61736
3217
54734
41943
84477
8700
990
33078
36106
22798
49848
18938
99108
97999
49991
23774
96157
90612
89503
42168
27136
62465
34003
27349
27132
63433
45663
47827
4297
50532
74773
18214
67072
41675
6368
54517
64340
32684
30955
2823
31256
60514
74579
43704
34683
40093
64954
68207
33828
32978
32703
32610
32235
37104
34190
93129
32085
26933
69034
54617
40200
31583
60376
31542
73642
31500
66632
31144
37396
30923
60716
57629
68307
58326
64769
58115
58083
57979
57974
57952
57946
57756
64381
57727
57638
56280
57580
77407
57445
74040
57405
36591
51739
36172
36152
68443
35173
59377
40524
37359
28995
65593
51176
57127
63063
61954
28684
38604
70304
28162
20588
91700
35141
36678
28091
78699
68718
22140
72178
59979
57761
33363
23724
63843
53862
27149
26565
64006
27321
53289
30074
40353
30991
18007
29990
25662
16465
29753
61769
46243
21051
407
55134
62314
33480
29625
64058
27461
38281
55593
29414
69028
20232
29104
65512
22400 22534 23617 25231 26436 29427 30137 34033 38905 38978 40693 42648 45319 47732 56263 58641 70980 73374 78692 83136 99224 7683 11854 38958 52600 65199 69530
13179 20395 23221 25490 30376 34782 43753 57038 57660 68941 71734 71813 73783 84582 88662 6820 15273 21753 34607 69702 70089 73067 73813 74255 76978 81246 88157
34386 37280 42041 53686 61238 64105 95863 35828 36115 42904 59891 66191 71277 74060 97591 98726
20942 22285 23194 24213 25501 26204 26838 28287 34917 34959 35276 35490 24232 26857 32075 32410
31452 78750 79176 79503 94693 94977 98037 98095 98304 98906 52011 66443 72112 88571 91302
23850 25042 31011 31018 31393 34397 34684 21652 26665 27859 28423 30590 30644 33523
28897 40225 51934 57547 69950 23385 38093 52537 67198 67632
61709 65367 67534 72081 72976 73201 74201 69612
61582 72161 79590 81711 92618 97043 8520 27101
49450 53342 72989 50150 57035 60119 67988 68554
78909 84054 91185 94013 27779 71685 75763
87019 51261 55763 67348 74094 79232 82469
88138 18372 29042 38624 70052 73656
89996 6274 43395 46440 53509 75717
78159 37519 56708 60925 70749 98893
21657 21756 22897 24799 30865 40013
25461 56016 58155 36718 44640
81072 57274 59083 66872 96963
82146 21632 22839 25808 47540
82201 29563 42987 58491 71401
62513 68238 97508 71754 74306
94028 27809 29345 65094 98009
33902 74464 14600 39861 66024
17280 19305 44498 39287 68915
82455 44764 54165 58520 60882
95714 40321 43557 47483 60391
23604 25887 31566 28916 34874
30271 60322 68227 6159
91227 11787 31143 86435
39219 43866 54526 57977
2080 56085 71304 56623
51151 53425 45001 47278
92865 50278 64970 99664
91114 14411 43628 72972
95629 95791 84783 85437
19566 19835 18181 18929
50028 74289 48610 53062
94966 33313 41004 96317
50568 59380 60025 73371
40995 58840 61069
88923 16346 23422
46740 57955 66557
27953 21878 22587
9090 68802 60038
36711 57030 64491
55045 70307 72665
59609 68463 61072
23411 27244 11619
89129 60725 91757
88699 49252 70060
23742 56597 58732
98935 62375 65221
26715 48223 59236
38824 61419 69116
24646 58838 29999
30929 36314 67632
29268 53720 33022
29260 31858 35094
23055 43707 49537
94321 24469 98247
17435 60537 58231
44103 58802 68241
17998 53972 57260
91245 99063 59901
66098 76468 83333
13053 70795 17442
21181 17644 70058
89562 54190 73042
97622 38546 49990
88737 78253 92754
5503 38226 44575
99176 41926 51566
21589 30988 25450
43261 63356 57961
39937 42804 67412
5685 10329 63195
22403 42715 66281
10055 58874 52413
55916 69402 70327
1982 836 5600
97816 41829 62912
78212 89258 93040
92973 6905 7750
7436 7696 39139
65255 64064 68786
65251 54894 57734
90903 91696
48288 65754
96788 76640
22463 36113
23699 29242
75425 38740
10224 52839
81277 29055
9765 9853
42984 63133
21213 59458
30059 45619
62144 55645
84802 32555
65372 66485
8433 60326
59762 72952
63202 73404
62825 66533
46980 73054
63208 63825
44391 56693
32134 55372
4998 63028
35910 72209
53715 55788
35048 45725
54559 57770
87222 92803
24519 11150
38734 39082
56978 70978
97572 43002
36958 53794
29715 21768
22448 29086
54080 56811
31625 44392
80989 71639
31084 28253
50227 73786
78211 96494
3560 36812
23357 67707
61051 19317
20470 66141
45596 58654
26478 15927
54461 68391
44095 61207
45500 68197
60251 67028
24197 58309
45497 56133
32600 577
43885 52694
79310 23003
27087 67936
42858 54337
1482 56999
41441 56739
34341 68675
52596 58227
41422 65380
1629 16983
5260 5868
13501 73878
53019 73828
34476 42776
43687 39012
89972 90425
52579 72599
22357 37291
56890 69828
13299 54359
3128 59691
82136 90557
84803 88800
7679 66901
1641 54687
298 65186
70866 61554
90593 96678
51588 71955
34053 68363
13343 51018
48685 57768
97824 24400
50255 54230
50555 60194
8868 68765
15696 18695
44474 67878
25139 31992
17867 38053
29707 22170
49036 60352
13117 67374
27965 59097
13835 2289
14539 18911
53818 19758
78854 43783
89219 99320
36704 39443
41346 48228
70251 55313
72898 56507
3915 57156
98770 59630
75405 30576
83394 58612
94128 58417
51658
83737
56049
31005
27133
37114
62742
36725
82272
61604
54817
48325
36803
38048
53574
36965
44538
72410
36922
92481
54775
62472
99565
37565
51689
37272
26264
19377
56643
71698
37319
27970
65290
20867
25752
57913
77618
37694
72939
47432
37722
57135
37180
37159
37043
15972
5124
1584
72330
48331
69233
56094
54294
37246
50767
61857
90503
69432
37271
70542
69191
16333
35719
43769
27904
18975
91983
51647
69360
18646
19455
24916
30750
65129
23459
21673
23883
21827
34484
21660
3432
27554
62680
44930
66007
12773
33328
19193
20302
22426
89658
27057
56991
20394
39844
40773
51153
36736
69925
36828
16963
20575
30049
56276
68475
56017
24898
64143
51291
23110
48166
35467
70778
47489
36814
64793
58139
51922
19462
66668
58937
31157
46765
20796
56746
21905
18633
57411
49823
17904
35616
23032
17410
68424
22831
23064
21387
22929
57774
60949
56545
70747
43022
50785
50812
38633
47505
50832
51126
51144
49224
51442
69280
51536
8858
52077
35358
59700
53046
51937
54642
36795
52321
52348
52522
24912
31532
52603
63754
48233
26108
48544
48838
62238
61129
26750
48930
63453
54634
79222
49279
70408
63795
49337
56911
49347
49412
56669
49763
40985
49857
49887
73014
4256
56379
58763
94313
55319
61248
55703
55717
67029
55939
30973
56480
74177
63087
45343
56433
56470
73063
56607
62248
58921
56703
86721
56778
48046
56918
57009
2969
57310
46221
57311
53162
6127
52705
70453
52709
73928
52857
35114
52858
73963
32930
52892
53132
68688
18290
65883
53684
53706
62658
24952
53786
54752
68158
54850
99338
58305
54978
91916
41347
40092
40237
40706
69607
30955
40881
77512
38697
34261
40915
40977
60089
41236
40083
42582
42639
97199
62820
60615
42871
73686
61487
43743
44239
44415
16663
42170
55571
51247
31204
54493
37759
57235
37784
30265
45622
23442
37859
37958
63046
38648
44697
38936
47996
39309
39535
99935
17869
41158
39761
39883
86055
39991
57827
41192
47445
59930
43295
46622
54737
78897
43409
46736
46908
87055
17188
47131
47318
50772
67693
47582
74248
47632
72201
47803
47883
48007
30312
48056
73697
48190
74049
56305
46208
40385
44821
45255
17020
52508
45589
57795
41160
45977
72692
71583
46076
47699
78972
53863
41664
50536
46266
70989
55463
86278
46354
59698
25319
46390
89838
46587
63548
64368
95301
80884
64249
67330
64003
73983
64002
63803
63741
63694
63668
63591
63576
64448
63380
85309
63129
62951
62913
62869
62850
62799
62669
62664
62431
62400
62354
72752
67155
67018
67012
66887
66884
69859
66532
66445
66337
66186
66175
66135
66113
62343
66022
73738
65975
65804
85494
65532
65311
64886
64818
82488
64744
64656
64458
73960
68053
60290
60171
60160
60120
60074
59985
63264
59937
59873
59758
59669
59610
60311
60652
59543
59287
59154
68799
58818
58539
64011
58466
58348
73865
58339
68307
61267
68957
62303
62079
72050
69832
62069
61988
96203
61824
74085
61493
63587
61369
67193
61244
61005
61003
61000
60959
60946
60904
60745
60723
60708
60407
60337
76946
75067
98816
87640
78768
77786
85430
77667
77625
77003
82405
76860
76854
76196
75896
75143
79997
74684
76594
74376
74327
74095
73833
73779
73667
73608
80990
73227
73123
73010
91692
98728
98608
98107
97526
97151
96415
96134
95654
95241
93906
92925
98634
91980
73001
91052
90834
90630
89663
89467
89090
87438
86265
85814
85696
84185
80171
80134
74451
73407
70080
73378
70051
70004
69813
69742
68990
68564
68502
67946
78934
67844
70126
67797
67647
67596
67575
67487
67452
77253
67272
67257
67248
81646
71665
67229
72699
72901
72823
73908
72799
72768
72737
72666
72550
72358
72110
71778
72881
71772
58326
71590
71569
71501
71300
84584
71276
71255
70718
70703
70659
70615
70321
70311
31754
27882
68672
37620
38702
68186
57096
50710
19658
16953
23214
36798
38473
9631
52370
72242
73734
38246
30212
67390
26357
75748
31388
25843
60152
9138
22219
37367
23774
63467
58463
26302
26265
38708
48126
53343
25735
97289
88781
59947
23932
70309
18186
96157
47941
69654
31948
18822
16624
64341
15545
97052
28294
2337
32211
53851
12165
3217
60385
57058
1238
9800
98736
72120
64195
33143
35524
22540
53695
25833
17634
64821
54734
41943
84477
8700
990
33078
36106
22798
49848
18938
99108
97999
407
74773
90612
89503
42168
27136
62465
34003
27349
27132
63433
45663
47827
49991
50532
64008
18214
67072
41675
6368
54517
64340
4587
32684
2823
31256
60514
61736
58409
69034
40093
64954
68207
33828
32978
32703
32610
32235
37104
34190
93129
32085
74579
34683
54617
40200
31583
60376
31542
73642
31500
66632
31144
37396
30923
60716
56280
77407
64769
58115
58083
57979
57974
57952
57946
57756
64381
57727
57638
57629
57580
27321
57445
74040
57405
36591
51739
36172
36152
68443
35173
59377
40524
26933
43704
78699
65593
51176
63063
61954
28684
38604
70304
28162
20588
91700
35141
37359
28091
28995
68718
22140
72178
59979
57761
33363
23724
63843
53862
27149
26565
4297
66226
55134
53289
30074
40353
30991
18007
29990
25662
16465
29753
61769
46243
21051
64006
21478
62314
33480
29625
64058
27461
38281
55593
29414
69028
20232
29104
65512
36678
13179 20395 23221 25490 30376 34782 43753 57038 57660 68941 71734 71813 73783 84582 88662 6820 15273 21753 34607 69702 70089 73067 73813 74255 76978 81246 88157
22400 22534 23617 25231 26436 29427 30137 34033 38905 38978 40693 42648 45319 47732 56263 58641 70980 73374 78692 83136 99224 7683 11854 38958 52600 65199 69530
20942 22285 23194 24213 25501 26204 26838 28287 34917 34959 35276 35490 24232 26857 32075 32410
34386 37280 42041 53686 61238 64105 95863 35828 36115 42904 59891 66191 71277 74060 97591 98726
23850 25042 31011 31018 31393 34397 34684 73378 21652 26665 27859 28423 30590 30644 33523
77625 78750 79503 94693 94977 98037 98095 98304 98906 52011 72112
28897 40225 51934 57547 69950 23385 38093 52537 67198 67632
61582 72161 79590 81711 92618 97043 8520 27101
61709 65367 67534 72081 72976 73201 74201 69612
49450 53342 72989 50150 57035 67988 68554
78909 84054 91185 94013 27779 71685 75763
87019 51261 55763 67348 74094 79232 82469
78159 37519 56708 60925 70749 98893
89996 6274 43395 46440 53509 75717
21657 21756 22897 24799 30865 40013
88138 18372 29042 38624 70052
62513 68238 97508 71754 74306
82455 44764 54165 58520 60882
82201 29563 42987 58491 71401
81072 57274 59083 66872 96963
17280 19305 44498 39287 68915
25461 56016 58155 36718 44640
50028 74289 48610 53062
19566 19835 18181 18929
82146 22839 25808 47540
2080 56085 71304 56623
39219 43866 54526 57977
79176 66443 88571 91302
91227 11787 31143 86435
91114 14411 43628 72972
51151 53425 45001 47278
95629 95791 84783 85437
30271 60322 68227 6159
92865 50278 64970 99664
94966 33313 41004 96317
89129 60725 91757
65255 64064 68786
59609 68463 61072
50568 59380 73371
55045 70307 72665
43261 63356 57961
17998 53972 57260
30929 36314 67632
13053 70795 17442
23742 56597 58732
66098 76468 83333
9090 68802 60038
99176 41926 51566
23411 27244 11619
46740 57955 66557
22403 42715 66281
36711 57030 64491
95714 47483 60391
39937 42804 67412
24646 58838 29999
55916 69402 70327
23055 43707 49537
10055 58874 52413
97816 41829 62912
97622 38546 49990
29268 53720 33022
65251 54894 57734
44103 58802 68241
17435 60537 58231
21181 17644 70058
74464 14600 66024
94321 24469 98247
91245 99063 59901
98935 62375 65221
26715 48223 59236
88699 49252 70060
21589 30988 25450
78212 89258 93040
38824 61419 69116
88923 16346 23422
40995 58840 61069
1982 836 5600
29260 31858 35094
27953 21878 22587
25887 28916 34874
5685 10329 63195
88737 78253 92754
89562 54190 73042
7436 7696 39139
5503 38226 44575
9765 9853
53019 73828
14539 18911
48288 65754
41422 65380
23699 29242
10224 52839
35910 72209
34476 42776
27965 59097
49036 60352
41346 48228
36704 39443
53715 55788
20470 66141
96788 76640
62144 55645
90903 91696
23357 67707
32600 577
79310 23003
43885 52694
61051 19317
62825 66533
45596 58654
22463 36113
26478 15927
54461 68391
45500 68197
60251 67028
45497 56133
63202 73404
34341 68675
81277 29055
30059 45619
65372 66485
8433 60326
41441 56739
42984 63133
21213 59458
52596 58227
59762 72952
44391 56693
1482 56999
63208 63825
46980 73054
84802 32555
27087 67936
56978 70978
97572 43002
8868 68765
54080 56811
13835 2289
38734 39082
32134 55372
298 65186
72898 56507
25139 31992
13299 54359
53818 19758
98770 59630
24519 11150
70866 61554
89972 90425
1641 54687
23604 31566
13343 51018
82136 90557
29707 22170
78854 43783
84803 88800
22448 29086
31084 28253
78211 96494
75425 38740
52579 72599
5260 5868
80989 71639
31625 44392
75405 30576
29715 21768
89219 99320
3915 57156
44474 67878
35048 45725
36958 53794
94128 58417
87222 92803
54559 57770
97824 24400
34053 68363
15696 18695
83394 58612
1629 16983
90593 96678
50555 60194
50255 54230
3560 36812
48685 57768
17867 38053
56890 69828
51588 71955
33902 39861
3128 59691
7679 66901
44095 61207
22357 37291
13117 67374
43687 39012
50227 73786
4998 63028
13501 73878
70251 55313
56017
37565
36591
77618
30049
64143
51689
65290
37319
70542
71698
37272
23110
37271
36803
37114
27133
56049
36965
83737
62472
54775
92481
36922
20302
72410
53574
38048
37159
69432
51658
82272
48331
36725
35616
56094
37180
37246
66668
90503
58139
64793
51739
35467
31005
99565
44538
62742
48325
54817
61604
19462
24197
51922
36814
54294
16963
51291
24898
68475
56276
20575
48166
23064
68424
17410
58937
56643
22798
49848
18938
99108
97999
407
21478
72330
57913
25752
27970
17904
19377
26264
20867
69191
61857
50767
69233
1584
5124
15972
37043
19455
56991
20394
39844
60025
51153
36736
24916
43769
27904
91983
69360
27554
21673
23883
21827
34484
3432
31157
20796
21905
22831
21387
22929
51647
49823
18633
56746
46765
27057
21660
23459
65129
30750
16333
18646
57774
18975
35719
36828
69925
33328
12773
44930
19193
40237
22426
89658
53046
50812
38633
47505
50832
51126
51144
49224
51442
69280
51536
60949
52077
35358
59700
50785
51937
54642
36795
52321
52348
52522
24912
31532
52603
63795
6127
52705
70453
63754
48233
26108
48544
48838
62238
61129
26750
48930
63453
54634
79222
49279
70408
52709
49337
49347
49412
56669
49763
40985
49857
49887
73014
4256
56379
70747
43022
56470
8858
56545
61248
55703
55717
67029
55939
30973
56480
74177
63087
45343
56433
58763
94313
56607
62248
58921
56703
56778
48046
56918
57009
2969
57310
46221
57311
62658
73928
52857
35114
52858
73963
32930
52892
53132
68688
53162
65883
53684
53706
18290
24952
53786
54752
68158
54850
99338
58305
54978
91916
73063
55319
70989
55463
60089
41192
40083
40092
64340
40706
69607
40773
40881
77512
38697
34261
40915
40977
57827
41236
42582
42639
97199
62820
42858
60615
42871
73686
61487
43743
44239
44415
55571
72939
47432
37759
57235
37784
30265
45622
23442
37859
37958
63046
38648
54337
16663
38936
47996
39309
39535
99935
17869
41158
39761
39883
86055
23032
57411
39991
47489
43295
46622
54737
78897
43409
46736
46908
87055
17188
47131
50772
47445
70778
59930
47582
74248
47632
72201
47803
47883
48007
30312
48056
73697
48190
74049
56305
46076
42170
44697
40385
44821
45255
17020
52508
45589
57795
41160
45977
72692
71583
37694
47699
46208
53863
41664
50536
86278
46354
59698
25319
46390
89838
46587
67693
63548
64368
95301
80884
64249
67330
64003
73983
64002
63803
63741
63694
63668
63591
63576
64448
63380
85309
63129
62951
62913
62869
62850
62799
66007
62680
62669
62664
62431
72752
67155
67018
67012
66887
66884
69859
66532
66445
66337
66186
66175
66135
66113
62400
66022
73738
65975
65804
85494
65532
65311
64886
64818
82488
64744
64656
64458
59669
76946
60311
68053
60290
60171
60160
60120
60074
59985
63264
59937
59873
59758
60337
59610
73960
60652
59543
59287
59154
68799
58818
58539
64011
58466
58348
73865
63587
62354
62343
68957
62303
62079
72050
69832
62069
61988
96203
61824
74085
61493
67193
61369
61267
61244
61005
61003
61000
60959
60946
60904
60745
60723
60708
60407
75143
79997
98816
87640
78768
77786
85430
77667
77003
82405
76860
76854
76196
75896
80134
75067
74684
76594
74376
74327
74095
73833
73779
73667
73608
80990
73227
73123
91980
98728
98608
98107
97526
97151
96415
96134
95654
95241
93906
92973
92925
98634
73010
91692
91052
90834
90630
89663
89467
89090
87438
86265
85814
85696
84185
80171
74451
70126
73407
70080
70051
70004
69813
69742
68990
68564
68502
67946
78934
67844
70311
67797
67647
67596
67575
67487
67452
77253
67272
67257
67248
81646
71665
67229
71772
73001
72901
72823
73908
72799
72768
72737
72666
72550
72358
72110
71778
72881
58339
72699
71590
71569
71501
71300
84584
71276
71255
70718
70703
70659
70615
70321
38473
12165
72242
27882
68672
37620
38702
68186
57096
50710
19658
16953
23214
36798
53851
9631
52370
31754
73734
38246
30212
67390
26357
75748
31388
25843
60152
9138
70309
64008
58463
26302
26265
38708
48126
53343
25735
97289
88781
59947
37722
23932
22219
18186
63467
47941
69654
31948
18822
16624
64341
15545
97052
28294
2337
32211
35524
31256
60514
61736
58409
64821
60385
57058
1238
9800
98736
72120
64195
33143
2823
22540
53695
25833
17634
3217
54734
41943
84477
8700
990
78972
51247
33078
63433
37367
23774
96157
90612
89503
42168
27136
62465
54493
31204
34003
27349
27132
66226
45663
47827
49991
50532
74773
18214
67072
41675
6368
54517
4587
32684
30955
40200
68207
33828
32978
32703
32610
32235
37104
34190
93129
32085
74579
69034
54617
64954
31583
60376
31542
73642
31500
31452
66632
31144
37396
30923
60716
56280
27321
57629
68307
58326
64769
58115
58083
57979
57974
57952
57946
57756
64381
57727
57638
53289
57580
36172
36152
68443
35173
59377
40524
26933
43704
34683
40093
74040
57405
68718
51176
63063
61954
28684
38604
70304
28162
20588
91700
35141
37359
28091
78699
65593
22140
72178
59979
57761
33363
23724
63843
53862
27149
77407
57445
26565
4297
62314
30074
40353
30991
18007
29990
25662
16465
29753
61769
46243
21051
64006
55134
36106
33480
29625
64058
27461
38281
55593
29414
69028
20232
29104
65512
36678
28995
22400 22534 23617 25231 26436 29427 30137 34033 38905 38978 40693 42648 45319 47732 56263 58641 70980 73374 78692 83136 99224 7683 11854 38958 52600 65199 69530
13179 20395 23221 25490 30376 34782 43753 57038 57660 68941 71734 71813 73783 6820 15273 21753 34607 70089 73067 73813 74255
20942 22285 23194 24213 25501 26204 26838 28287 34917 34959 35276 35490 24232 26857 32075 32410
34386 37280 42041 53686 61238 64105 95863 35828 36115 42904 59891 66191 71277 74060 97591 98726
23850 25042 31011 34397 34684 73378 21652 26665 27859 30590 30644 33523
77625 78750 79503 94693 94977 98037 98095 98304 98906 52011 72112
28897 40225 51934 69950 23385 38093 52537 67198 67632
61582 72161 79590 81711 92618 97043 8520 27101
61709 65367 67534 72081 72976 73201 74201 69612
78909 84054 91185 94013 27779 71685 75763
49450 53342 72989 50150 57035 67988 68554
87019 51261 55763 67348 74094 79232
17280 19305 44498 39287 68915
89996 6274 43395 53509 75717
25461 56016 58155 36718 44640
62513 68238 97508 71754 74306
81072 57274 59083 66872 96963
92865 50278 64970 99664
30271 60322 68227 6159
21657 21756 24799 30865
39219 43866 54526 57977
94966 33313 41004 96317
82201 29563 42987 71401
91114 14411 43628 72972
19566 19835 18181 18929
95629 95791 84783 85437
2080 56085 71304 56623
50028 74289 48610 53062
51151 53425 45001 47278
4587 23742 56597 58732
10055 58874 52413
46740 57955 66557
88138 18372 29042
78212 89258 93040
30929 36314 67632
23055 43707 49537
17998 53972 57260
98935 62375 65221
55045 70307 72665
88699 49252 70060
44103 58802 68241
59609 68463 61072
1982 836 5600
55916 69402 70327
25887 28916 34874
79176 66443 91302
65255 64064 68786
23411 27244 11619
66098 76468 83333
24646 58838 29999
94321 24469 98247
82455 54165 58520
97816 41829 62912
26715 48223 59236
29268 53720 33022
5503 38226 44575
21589 30988 25450
7436 7696 39139
5685 10329 63195
17435 60537 58231
91245 99063 59901
91227 11787 86435
13053 70795 17442
38824 61419 69116
29260 31858 35094
36711 57030 64491
65251 54894 57734
99176 41926 51566
88737 78253 92754
89129 60725 91757
89562 54190 73042
22403 42715 66281
40995 58840 61069
49036 60352
41422 65380
1482 56999
29707 22170
43261 63356
27965 59097
44391 56693
56890 69828
90593 96678
50555 60194
50255 54230
88923 23422
41346 48228
48685 57768
52596 58227
74464 14600
21181 17644
90903 91696
45497 56133
46980 73054
62825 66533
42984 63133
21213 59458
89219 99320
62144 55645
45500 68197
63208 63825
54461 68391
22463 36113
37958 41160
26478 15927
45596 58654
20470 66141
61051 19317
13343 51018
22357 37291
59762 72952
60251 67028
8433 60326
95714 60391
65372 66485
43885 52694
9765 9853
30059 45619
79310 23003
81277 29055
43687 39012
23357 67707
48288 65754
14539 18911
298 65186
13835 2289
78211 96494
75425 38740
38734 39082
22448 29086
54080 56811
24519 11150
13299 54359
75405 30576
78854 43783
32600 577
1641 54687
87222 92803
98770 59630
13117 67374
34476 42776
72898 56507
4998 63028
36958 53794
3915 57156
3128 59691
97622 38546
44095 61207
3560 36812
83394 58612
70866 61554
94128 58417
50227 73786
31625 44392
10224 52839
5260 5868
89972 90425
44474 67878
25139 31992
84803 88800
82136 90557
27953 22587
8868 68765
53818 19758
23699 29242
97824 24400
50568 59380
36704 39443
70251 55313
51588 71955
17867 38053
15696 18695
35048 45725
54559 57770
23604 31566
52579 72599
29715 21768
53715 55788
34053 68363
7679 66901
1629 16983
39937 42804
71698
37271
70542
51689
27087
31005
62472
66668
54775
37272
92481
37159
21827
36922
35616
36725
37319
72410
60514
40881
23883
65290
57774
56094
48331
51658
37180
64143
56017
36591
51739
64793
83737
30049
37246
69432
56049
90503
37114
58139
54294
22929
21387
22831
27133
23110
36965
56276
35910
57009
61604
19462
24197
51922
36814
35467
16963
51291
24898
68475
64744
20575
48166
23064
68424
17410
58937
17904
49823
70309
18186
63467
50767
990
78972
51247
33078
36106
22798
49848
19377
26264
20867
69191
61857
47941
69233
1584
5124
15972
37043
99565
44538
62742
48325
54817
82488
20394
33328
12773
44930
19193
20302
22426
89658
27554
31157
34484
3432
56991
69925
39844
60025
51153
36736
84802
24916
43769
27904
91983
69360
19455
99108
18633
56746
46765
27057
21660
23459
65129
30750
16333
18646
51647
18938
21673
97999
407
21478
72330
57913
25752
27970
56643
18975
35719
36828
52321
51442
69280
51536
60949
52077
35358
59700
53046
51937
69654
31948
53019
54642
36795
49224
52348
52522
24912
31532
52603
63795
6127
52705
70453
52709
73928
52857
35114
49857
26750
48930
63453
54634
79222
49279
70408
63754
49337
49412
56669
49763
40985
52858
49887
73014
4256
56379
70747
43022
50785
50812
38633
47505
50832
51126
51144
94313
61248
55703
55717
67029
55939
30973
56480
74049
56305
74177
63087
45343
56433
56470
56545
56607
62248
58921
56703
56739
56778
48046
56918
2969
57310
46221
57311
57580
53786
64381
57727
73963
32930
52892
53132
68688
53162
65883
53684
53706
62658
24952
61129
54752
68158
54850
99338
58305
54978
91916
73063
55319
70989
55463
58763
8858
42639
40237
40706
69607
40773
49991
77512
38697
34261
40915
40977
34341
60089
41236
42582
40092
97199
62820
42858
60615
42871
73686
61487
43743
44239
44415
16663
42170
44697
39309
37759
57235
37784
30265
45622
23442
37859
63046
38648
54337
55571
38936
47996
40385
39535
99935
17869
41158
39761
39883
86055
23032
57411
39991
57827
41192
40083
74248
43409
46736
46908
87055
17188
47131
72939
47432
50772
47445
70778
47489
47582
78897
47632
72201
47803
47883
48007
30312
48056
18290
48233
26108
48544
48838
62238
41664
44821
45255
17020
52508
45589
57795
45977
72692
71583
46076
47699
46208
53863
37565
50536
86278
46354
59698
25319
46390
89838
46587
67693
59930
43295
46622
54737
63591
64458
64448
64368
95301
80884
64249
67330
64003
73983
64002
63803
63741
63694
63668
64656
63576
63548
63380
85309
63129
62951
62913
62869
62850
62799
66007
62680
62669
66445
67272
67257
67248
81646
71665
67229
67193
67155
67012
66887
66884
69859
66532
62664
66337
66186
66175
66113
72752
66022
73738
65975
85494
65532
65311
64886
64818
59937
60407
64821
60385
60337
76946
60311
68053
60290
60171
60160
60120
60074
59985
63264
60708
59873
59758
59669
59610
73960
60652
59543
59287
59154
68799
58818
58539
64011
74085
62431
62400
62354
62343
68957
62303
62079
72050
69832
62069
61988
96203
61824
77253
61493
63587
61369
61267
61244
61005
61003
61000
60959
60946
60904
60745
60723
76196
80171
80134
79997
98816
87640
78768
77786
85430
77667
77618
77003
82405
76860
76854
82146
75896
75143
75067
74684
76594
74376
74327
74095
73833
73779
73697
73667
73608
98634
98728
98608
98107
97526
97151
96788
96415
96134
95654
95241
93906
92973
92925
80990
91980
91692
91052
90834
90630
89663
89467
89090
88662
87438
85814
85696
84185
68502
70659
70615
70321
70311
70126
73407
70080
70051
70004
69813
69742
68990
68564
70703
68186
67946
78934
67844
74451
67797
67647
67596
67575
67487
67452
86265
67412
72209
73227
73123
73010
73001
72901
72823
73908
72799
72768
72737
72666
72550
72358
58466
72110
71778
72881
71772
72699
71590
71569
71501
71300
84584
71276
71255
70718
72242
22540
98736
72120
64195
33143
35524
9090
9631
52370
32211
53851
57638
12165
65804
18822
27882
68672
37620
38702
50710
19658
16953
23214
41441
36798
38473
31754
73734
23932
64008
58463
26302
26265
38708
53343
97289
88781
59947
31393
82272
36803
37722
38246
1238
53574
38048
63202
16624
64341
15545
97052
28294
2337
56978
84477
13501
33363
67072
41675
6368
54517
64340
32684
30955
2823
31256
25735
72178
59979
57761
18214
61736
58409
9800
21905
20796
49347
53695
25833
17634
3217
54734
57629
41943
89503
30212
67390
26357
75748
31388
25843
60152
9138
22219
37367
23774
96157
90612
66226
42168
27136
62465
54493
31204
34003
27349
27132
63433
45663
47827
50532
74773
54617
68207
33828
32978
32703
32610
48126
32235
37104
34190
93129
32134
32085
74579
69034
33902
40200
80989
31084
31583
60376
31542
73642
31500
31452
66632
31144
37396
30923
36172
58348
73865
58339
68307
58326
64769
58115
58083
57979
57974
57952
57946
57756
60716
36152
68443
35173
59377
40524
26933
43704
34683
40093
74040
57405
73828
64954
35141
65512
36678
28995
65593
51176
63063
61954
28684
38604
70304
28162
20588
91700
29104
37359
28091
78699
68718
22140
23724
63843
53862
27149
77407
57445
26565
4297
97572
56280
27321
53289
30074
40353
30991
18007
29990
25662
16465
29753
61769
46243
8700
21051
64006
55134
62314
33480
29625
64058
27461
38281
55593
29414
69028
20232
22400 23617 25231 29427 34033 40693 42648 45319 47732 56263 58641 70980 73374 78692 83136 99224 22534 26436 30137 38905 38958 52600 65199 69530
20395 23221 25490 30376 34782 43753 57038 68941 71734 73783 6820 15273 16663 21753 34607 70089 71813 73067 73813 74255
34386 37280 42041 53686 61238 64105 95863 35828 36115 42904 59891 66191 71277 74060 97591 98726
20942 22285 23194 24213 25501 26204 26838 28287 34917 34959 35276 24232 26857 32075 35490
25042 31011 34397 34684 21652 23850 26665 27859 30590 30644 31157 33523
61582 72161 79590 81711 92618 97043 8520 27101
78909 84054 94013 27779 71685 75763 91185
28897 69950 23385 38093 52537 67198
17280 19305 44498 39287 68915
61709 65367 67534 73201 69612
62513 68238 97508 71754 74306
87019 51261 55763 67348 79232
39219 40524 43866 54526 57977
19566 19835 18181 18929
51151 53425 45001 47278
21657 21756 24799 30865
92865 50278 64970 99664
82201 29563 42987 71401
2080 56085 71304 56623
4587 23742 56597 58732
50028 74289 48610 53062
89996 6274 53509 75717
95629 95791 84783 85437
98095 98304 52011 72112
94966 33313 41004 96317
29268 53720 33022
36711 57030 64491
55916 69402 70327
53342 57035 67988
26715 59236 48223
21589 30988 25450
88138 18372 29042
98935 62375 65221
23055 43707 49537
65255 64064 68786
17998 53972 57260
59609 68463 61072
81072 66872 96963
66098 76468 83333
24646 58838 29999
82455 54165 58520
25461 36718 44640
97816 41829 62912
17435 60537 58231
13053 70795 17442
7436 7696 39139
25887 28916 34874
23699 29242 60089
89562 54190 73042
72081 74201 72976
10055 58874 52413
65251 54894 57734
88737 78253 92754
5685 10329 63195
46740 57955 66557
88699 49252 70060
55045 70307 72665
1982 836 5600
30271 60322 68227
29260 31858 35094
99176 41926 51566
5503 38226 44575
72898 56507
79310 23003
43885 52694
43687 39012
40995 61069
97824 24400
88923 23422
49036 60352
27965 59097
10224 52839
63208 63825
70251 55313
79176 66443
45500 68197
20470 66141
56890 69828
45596 58654
42984 63133
44391 56693
9765 9853
48685 57768
89219 99320
50255 54230
50555 60194
54461 68391
74464 14600
13299 54359
60251 67028
1482 56999
34053 68363
41346 48228
94321 98247
30059 45619
36958 53794
13343 51018
4998 63028
21213 59458
43261 63356
59762 72952
90593 96678
51588 71955
50568 59380
44474 67878
53715 55788
39937 42804
78211 96494
78212 89258
13835 2289
97622 38546
78854 43783
46980 73054
1641 54687
82136 90557
3915 57156
84803 88800
50227 73786
23411 27244
25139 31992
298 65186
89972 90425
87222 92803
91227 86435
83394 58612
31625 44392
54080 56811
70866 61554
94128 58417
94977 98037
22448 29086
30929 36314
7679 66901
24519 11150
38734 39082
22463 36113
65372 66485
17867 38053
52596 58227
62825 66533
15696 18695
29715 21768
38824 69116
23604 31566
36704 39443
98770 59630
35048 45725
21181 17644
52579 72599
90903 91696
72989 68554
41422 65380
54559 57770
5260 5868
53818 19758
1629 16983
34476 42776
26478 15927
89129 91757
13117 67374
3560 36812
75405 30576
75425 38740
44103 68241
38648
36922
60514
72410
31005
54294
23357
38048
53574
41441
37759
71698
37319
65290
37565
37722
78972
51247
31204
54493
37272
37784
30265
23442
45622
37859
37958
63046
24898
48331
54775
62472
36965
27133
37114
56049
83737
37159
51658
92481
56094
37180
37246
90503
69432
37271
70542
51689
20575
64744
35910
57009
61604
19462
51922
36814
38978
23459
58083
21660
24912
82488
48166
23064
68424
17410
17904
49823
70309
18186
63467
47941
18646
51647
49848
22403
68475
56276
85309
63129
8700
990
69859
66532
57660
36106
22798
64793
19377
1584
5124
15972
37043
99565
22357
44538
62742
48325
54817
91983
89658
27554
34003
27349
60025
36736
51153
34484
3432
20394
39844
27904
22426
69360
19455
21673
23883
21827
22831
21387
22929
30049
56017
64143
23110
12773
27087
58139
18938
72330
25752
57913
27970
56643
14539
18975
36828
33328
47996
26264
20867
69191
65129
16333
30750
61857
50767
44930
19193
20302
57727
52522
31532
52603
63795
6127
52705
64769
58115
73928
52857
35114
52858
64381
52348
73963
32930
52892
72178
59979
33363
57761
53132
68688
53162
56669
65883
53684
69280
56379
70747
43022
50785
50812
38633
47505
50832
51126
51144
94693
49224
51442
53706
51536
60949
52077
35358
59700
53046
51937
69654
31948
53019
54642
36795
52321
48046
74177
63087
45343
56433
56470
94313
56607
62248
58921
56703
68307
58326
56778
56305
56918
56978
2969
57310
46221
57311
41192
40083
57827
57974
57979
73865
58339
55319
62658
24952
53786
70453
52709
54752
68158
54850
99338
58305
54978
91916
73063
4256
70989
55463
58763
8858
56545
61248
55703
55717
67029
55939
30973
56480
74049
45255
42582
42639
60615
42871
61487
43743
44239
44415
42170
45497
44697
40385
44821
41236
17020
52508
45589
57795
45977
72692
71583
46076
47699
46208
53863
41664
50536
57952
54337
55571
38936
39309
39535
99935
17869
41158
39761
39883
86055
23032
57411
86278
39991
40092
40237
40706
69607
40773
40881
77512
38697
34261
40915
40977
34341
26750
47883
81277
48007
30312
48056
18290
48233
26108
48288
48544
48838
62238
61129
47632
48930
63453
54634
79222
49279
63754
49337
49412
49763
40985
49857
49887
73014
46736
46354
59698
25319
46390
89838
46587
67693
59930
43295
46622
54737
78897
43409
8868
46908
87055
17188
47131
72939
47432
50772
47445
70778
47489
47582
74248
63548
64368
64340
95301
80884
64249
67330
64003
73983
64002
63803
63668
63591
63576
64448
63380
62951
62913
62869
62850
97199
62820
62799
66007
62680
62669
62664
62465
66445
67412
77253
67272
67257
67248
81646
71665
67229
67193
67155
67012
66887
66884
62431
66337
66186
66113
72752
66022
65975
85494
65532
65311
64886
64818
64656
64458
60074
60723
60708
60407
64821
60385
60337
76946
60311
68053
60290
60171
60160
60120
60745
59985
63264
59937
59873
59758
59669
59610
73960
60652
59543
59377
59287
59154
61493
62400
62354
62343
68957
62303
62144
62079
72050
69832
62069
61988
96203
61824
86265
63587
61369
61267
61244
61207
61051
61005
61003
61000
60959
60946
60904
76854
79997
98816
87640
78768
78750
77786
85430
77667
77625
77618
77003
82405
76860
80134
76196
75896
75143
75067
74684
76594
74376
74327
74095
74085
73833
73779
73697
98634
98906
98728
98608
98107
97526
97151
96788
96415
96134
95654
95241
93906
92925
73667
91980
91692
90834
90630
89663
89467
89090
88662
87438
85696
84185
82146
80171
68990
71255
70718
70703
70659
70615
70321
70311
70080
73378
70051
70004
69813
69742
71276
68564
68502
68186
67946
78934
67844
74451
67797
67647
67596
67575
67487
67452
72550
73608
80990
73227
73123
73010
73001
72901
72823
73908
72799
72768
72737
72666
68799
72358
72209
72110
71778
72881
71772
72699
71590
71569
71501
71300
84584
65804
96157
90612
89503
23774
42168
18633
9090
9631
52370
32211
53851
57638
12165
36172
72242
27882
68672
37620
38702
50710
19658
16953
23214
66668
36725
35616
99108
63202
26265
38708
82272
36803
53343
1238
84802
24916
43769
88781
59947
57756
23932
97999
16624
35524
22540
98736
72120
29707
64195
33143
51291
64341
15545
8433
27132
54517
45663
47827
49991
50532
32684
30955
2823
31256
25735
27953
67072
41675
6368
63433
61736
58409
49347
53695
25833
17634
3217
54734
57629
21905
20796
9800
74773
31388
407
84477
13501
18822
38473
35467
16963
31754
73734
38246
30212
67390
26357
26302
25843
60152
9138
46765
56746
22219
37367
27136
27057
99063
41943
3128
31452
93129
32134
32085
74579
54617
40200
80989
31084
31583
60376
31542
73642
31500
34190
36798
66632
31144
37396
30923
60716
56280
65512
36678
69028
20232
29104
27321
74040
58818
58539
64011
58466
36591
51739
36152
68443
35173
26933
43704
34683
40093
53289
57405
57946
73828
64954
33902
68207
33828
32978
48126
32703
32610
32235
37104
78699
63063
61954
28684
97052
28294
38604
70304
28162
20588
91700
35141
37359
28091
51176
68718
22140
23724
27149
77407
57445
63843
53862
26565
4297
66226
64008
58463
55134
30074
40353
30991
18007
29990
25662
16465
29753
61769
46243
97572
21051
64006
18214
62314
33480
29625
64058
27461
38281
55593
29414
72201
97289
28995
65593
