7683 15250 15506 17239 18007 18633 22400 22534 23617 25139 25231 25319 26436 29427 30137 30991 34033 38660 38905 38958 38978 40693 42648 45319 47732 49763 52600 52603 56263 58641 60152 62658 65199 69360 69530 70980 72939 73374 74736 75333 76308 77381 78692 80625 81152 83136 84477 87418 92925 97289 98107 99224 99663 31992
13179 16663 20395 21753 23221 25490 30376 34607 34782 43753 57038 57660 68941 70089 71734 71813 73783 73813 76978 81246 84582 88662 15273 69702 73067 74255 88157
9522 22692 31950 35098 41579 43409 43685 52705 67193 67838 71300 71401 72952 74040 75613 80989 82201 82492 90544 94695 96565 99179 29563 42987 68151 71639
8405 8860 35573 37404 37722 38708 38876 40992 48685 49823 51311 52579 52857 53769 54734 57768 62869 68424 68443 69400 70057 72599 81345 96016
20587 20942 22285 22463 23194 24213 24232 25501 26204 26838 28287 28423 32410 33328 34917 34959 35276 35469 35490 36113 26857 32075
11009 20302 29753 32235 34921 36678 37104 40985 42639 44464 52424 52954 55939 63548 73963 98384 98634 98726 99565
21652 23214 23850 25042 26665 27461 27859 30590 30644 31011 31018 31393 33523 34397 34684 34773 38648
32134 54722 55372 61709 65367 66173 67534 72081 72976 73201 73599 74201 68951 69612
34386 37280 42041 42904 53686 61238 64105 66191 71277 95863 35828 36115 59891 74060
36814 43295 44538 45622 50532 53715 55788 62343 64006 66668 70251 86720 55313
5362 6096 29656 44027 49379 56326 60100 63837 64011 66551 67647 82972 87516
29332 46221 48544 49450 51536 53342 63587 72989 50150 57035 60119 67988 68554
23254 25208 36828 42871 44930 48007 51083 56280 72054 72901 73123 73667
31452 77625 78750 79176 79503 88571 91302 94693 94977 98037 98906 66443
44366 62472 72178 74049 83496 87101 91980 98759 99923 22944 53989
22093 37180 39937 40706 42804 43628 51016 64886 67412 73865 61352
28897 30929 36314 38093 40225 51934 52537 57547 67198 67632 69950
22357 23927 25276 26357 26715 28031 29414 30164 37291 48223 59236
24646 29999 42984 49224 50812 58838 63133 70080 72768 93869
13501 31625 73878 80990 82405 95175 97052 44392 53714 79486
51153 61582 72161 79590 81711 92618 93411 97043 8520 27101
27965 34476 42776 82146 22839 25808 47540 59097
21657 21756 22897 24799 26750 27518 30865 40013
71685 75763 78909 84054 91185 94013 60132
1577 7679 13451 50785 51588 66901 71955
31854 35830 56978 69564 70978 20888 22902
22516 56545 58326 61005 62951 66632 72242
13299 17043 46740 54359 57955 66557
55763 67348 74094 79232 82469 87019
55916 59901 69402 70327 91245 99063
59609 61072 68463 69432 71494 68026
88332 88513 91983 97999 98728 99593
75371 75479 77149 82136 82524 90557
47461 54670 58633 61487 63741 72737
88138 18372 29042 38624 70052 73656
74684 78253 88737 92754 32845 78381
41347 54634 94028 29345 65094 98009
62513 68238 71754 74306 97508
41441 42308 56739 62348 67029
38824 46150 61419 69116 71559
25461 56016 58155 36718 44640
82455 83520 44764 58520 60882
47278 51151 53425 45001 48064
45255 80884 85243 89090 96203
17280 19305 44498 39287 68915
46587 51922 53851 83767 96788
78159 37519 56708 70749 98893
23055 31647 43707 49537 56276
95714 40321 43557 47483 60391
39219 43249 43866 54526 57977
81946 91227 11787 31143 86435
14083 43885 52694 64249
26690 30271 60322 68227
45709 56101 73089 73908
81072 59083 66872 96963
69910 77066 87222 92803
57058 57127 60745 63453
50568 59380 60025 73371
43261 57961 63356 69233
44474 52370 67878 97253
33902 74464 39861 66024
35342 54080 56811 60723
97622 38546 49990 63895
74367 92973 6905 7750
45933 52596 58227 55750
2080 56085 71304 56623
92865 50278 64970 99664
10055 52413 58874 70778
89996 43395 46440 75717
18181 19566 19835 18929
84783 85437 95629 95791
51176 58305 86278 93217
94966 33313 41004 96317
50028 74289 48610 53062
23016 28226 56017
5685 10329 63195
36089 41943 47131
70324 97125 98807
74095 98608 99376
7436 7696 39139
58339 67072 99320
13053 70795 17442
36711 57030 64491
72881 83935 97526
22826 66113 72550
66098 76468 83333
25887 28916 34874
98831 4986 66246
20473 54461 68391
39162 64008 64368
17435 58231 60537
9090 68802 60038
42431 62431 70989
35903 45343 46390
6159 21181 70058
98935 62375 65221
9765 9853 67946
65144 66370 71276
88699 49252 70060
5503 38226 44575
62850 83043 86938
22207 64111 70615
22403 42715 66281
42981 64002 73779
78212 89258 93040
1629 16983 61940
62354 67155 99176
72112 98095 98304
54894 65251 57734
40995 58840 61069
9379 49412 39738
37785 48963 69859
36704 39443 37158
55045 70307 72665
27068 36725 37759
89562 54190 73042
923 47827 64458
29983 58921 62465
56483 60835 64755
17998 53972 57260
94321 24469 98247
16331 69742 70984
44103 58802 68241
84909 99935 28621
23411 27244 11619
24197 32327 58309
29268 53720 33022
24428 69684 73686
21589 25450 30988
29260 31858 35094
23742 56597 58732
38734 39082
11854 69619
59985 97591
3560 36812
43783 67012
43820 73960
61051 19317
44095 61207
60251 67028
36958 53794
85142 45581
27087 67936
21821 68170
23357 67707
30059 45619
62144 55645
43448 66887
76366 95301
23604 31566
32610 91039
43001 71583
21213 59458
54540 61000
42858 54337
36152 41544
72898 56507
42249 73928
48535 69872
20470 66141
26073 37043
99673 97177
89129 91757
65255 68786
23699 29242
84364 86055
65372 66485
47973 70309
78211 96494
46980 73054
46831 73000
1982 5600
52918 57756
55117 70641
46186 48190
40026 54625
6274 43395
63208 63825
69189 70332
63202 73404
3767 6127
81242 54666
8433 60326
2725 57952
62825 66533
77790 89503
10224 52839
45500 68197
56503 58809
44391 56693
45497 56133
35910 72209
15696 18695
4998 63028
33759 35637
8868 68765
86584 51062
45596 58654
17867 38053
15755 57795
41422 65380
27904 30955
26550 35616
13117 67374
28606 40093
31416 32085
85929 98770
24194 40200
89972 90425
35552 60213
40470 56669
77321 77959
29548 64301
27005 29182
3915 57156
43687 39012
34196 43704
14258 43537
83403 84185
53019 73828
32600 577
20392 34190
23701 42509
48288 65754
524 5835
27953 22587
5260 5868
70866 61554
50227 73786
32703 92444
32833 23401
13343 51018
3128 59691
22568 72120
36351 62034
32106 42582
12340 55094
9056 40915
30074 33078
41346 48228
35861 32928
29086 35825
38266 69351
21111 31256
26316 27882
35048 45725
26478 15927
84803 88800
13835 2289
1641 54687
2058 46595
39195 44415
1482 56999
39052 53142
39046 69958
29715 21768
72972 91114
14539 18911
34053 68363
48587 62664
79310 23003
11150 57158
69804 72546
50255 54230
298 65186
56890 69828
49036 60352
34341 68675
56273 62085
97824 24400
88779 98816
64003 94128
88923 23422
82535 53085
84309 58600
24924 24952
53788 50925
90903 91696
58432 70321
69114 72164
90593 96678
87243 93906
50555 60194
567 68775
54559 57770
43112 57096
50860 57445
81277 29055
75405 30576
79424 29055
81680 97199
88907 55412
16963
37859
54358
92070
58417
29990
57308
79832
38452
55917
21168
63694
56531
56339
21268
40121
63410
22929
21387
56305
39428
56288
22672
41386
70258
56116
56262
59443
43743
17186
73202
73063
80134
56911
45589
33143
40394
18214
49347
66131
57974
73508
52429
57009
61857
73642
20268
60337
57135
20811
23032
70747
56605
58618
56778
27360
32859
40773
73771
57411
37958
56814
25525
20766
61604
48776
21051
58763
56703
54850
40659
8730
23110
54801
57827
19462
54817
41192
40083
44797
38795
22339
55489
40836
53132
54978
55059
22219
33981
26933
42912
60074
63733
50668
59175
22384
20725
86721
2331
43578
10580
40604
68839
22507
22426
50710
54746
56964
92481
47582
36492
55348
21827
58908
55593
48930
55668
58139
20282
46354
21905
55782
61974
21959
22448
60160
21677
52907
59302
19455
71309
21673
74773
25256
55235
37367
49152
55194
38604
59700
53046
59630
57592
62474
51937
49848
54294
55242
73150
55342
92006
18667
56379
1896
51902
96415
58422
3604
58466
88456
51291
58489
45289
65700
4256
58629
96134
58703
58818
58993
23459
61171
57216
26164
87438
80375
329
58539
23724
80292
58223
25092
76946
58491
22536
4792
4440
86623
59154
53695
36359
52858
14600
58409
71440
46900
30265
65620
53862
41434
17188
60290
59614
64868
33996
85850
19402
59669
35091
59610
18374
46208
20701
36227
59698
57405
74451
59762
59873
59462
71019
19554
55134
793
59234
80931
23932
39717
59287
86265
56994
5632
40987
18646
64557
78699
17634
3217
42216
43286
72666
18822
16465
61248
18287
15930
28025
63380
20575
73734
34954
64058
69020
57235
18186
63668
47883
57311
78777
57564
67727
43739
57181
16624
3461
58290
53550
16953
61736
54737
41122
19637
71722
57274
10134
61988
19568
6820
50396
83394
19275
21632
41808
66445
52508
17020
19377
58115
20588
58130
28162
35233
6453
39259
39290
1584
20886
60580
55463
67248
21084
54150
53509
57946
37473
41158
17869
59937
30312
65667
57580
17644
57727
28995
54475
67407
64350
57979
58083
72226
58084
53684
15972
67543
4297
45141
44931
19004
44853
44383
51126
51144
51186
42009
20796
21660
51252
60725
39512
56438
30511
44239
23026
51297
59543
53998
24450
43168
64381
51442
45897
45895
40524
45845
74770
71772
45663
70497
71590
58271
27191
50761
50767
45434
50827
75896
45230
8700
47115
62248
43179
43022
43002
71286
46076
49991
52348
31144
42734
43392
42679
42640
68567
54828
92540
42629
9631
54414
42493
46863
93269
47344
23774
51477
63843
38605
51566
74083
43772
24916
51739
57310
43638
54363
44697
43588
36517
43491
52006
52011
31532
56643
70051
67056
47786
59947
48838
67018
49966
47748
75067
54286
47854
47632
47552
50816
47489
60925
49140
6368
51713
79997
47277
53870
48697
36922
55319
34106
48665
48659
48707
48645
56470
48530
49279
60941
48325
38897
69538
48298
48166
56918
48046
47941
46243
46736
49942
37159
47619
92402
46510
60652
46337
46266
50006
72692
60385
62742
69813
50119
54842
46136
50128
64908
24923
46121
59868
49295
47217
47202
47199
47003
56419
65847
66486
49857
49887
42427
46908
49890
46819
46778
56746
47318
46765
26372
63264
58442
39507
39461
39309
68957
54752
50101
73608
39226
47996
54815
39535
59174
39212
58832
47742
53728
72699
54642
87640
39116
37565
53622
25833
57638
76494
39894
25752
39886
62931
39883
65810
53503
54064
39779
27779
9138
56396
63467
39761
53706
39603
37246
62475
49244
48056
31500
71569
59841
27132
23084
54372
59979
57761
23385
36068
54443
54517
23547
19344
54699
48705
57629
50558
35449
68718
39007
38740
53786
58500
68307
38720
50832
47505
33363
65950
53452
38633
69274
38631
54165
54296
44150
42196
23488
73983
52709
53863
50536
28907
52477
41664
41645
20432
52522
41403
67330
41675
37319
34391
53818
56991
49337
52759
41294
41283
51261
63046
98736
75425
94281
42324
42257
50000
52357
31005
42170
20957
42168
52868
41926
41916
63129
41829
41757
35719
54575
15830
41680
40203
51443
53800
40353
12069
40334
21478
53343
40219
56718
52004
23886
40092
88420
41280
40073
37716
73071
57779
40004
65931
39975
40899
31157
41236
29451
52952
41036
53231
53289
53304
40977
78814
54739
43459
33828
59958
40881
58348
59377
40468
44821
40385
66135
65311
65332
65336
67693
65512
65532
67889
65853
65883
65975
65984
66022
65305
66175
99173
66180
66186
66201
66226
66240
66330
66409
66496
66532
73603
71665
63743
63754
63803
63980
66337
64143
64195
64339
64346
64448
64585
64594
66544
64656
64744
64818
97816
64821
64860
64954
65076
65129
65283
69997
68186
67575
77003
67590
67596
67703
67844
67907
68023
68053
68078
68158
68172
72201
68207
68219
68254
89467
68264
68325
68413
68475
68502
68529
68542
68552
74300
97185
66570
66741
66859
66884
66896
88109
66926
66959
67120
74191
67229
89658
67250
69607
93177
67272
67296
67347
83846
67451
67452
67462
67487
60311
36878
37987
38120
40509
38291
38315
60024
60089
69517
60120
60180
60281
37835
60376
60407
60453
60514
60586
60598
60904
60942
60946
60949
60959
61003
37271
35358
55703
34632
35741
56433
72932
22798
36106
62079
39844
36691
36965
91692
37272
60842
38428
37455
70453
44127
25366
45457
37694
37784
1238
62912
62400
62459
62468
62483
62621
62669
62680
90964
62799
62828
62891
62908
71778
62913
62933
65290
70004
63040
63063
63266
63433
63463
63654
63731
61954
61118
61227
61244
61267
61369
61493
68564
61495
61570
61572
61769
61824
68575
62069
90353
62131
71572
62238
62243
95241
62264
62303
62314
62350
80171
77253
77407
77512
77543
77667
77786
78677
78768
78854
78897
79222
79948
76860
94313
80738
81114
81394
82272
91700
98771
83185
83737
84135
84880
84893
74631
73874
74085
74114
74177
74218
78932
74248
74250
74327
74341
74376
74579
85080
75054
75143
75380
75620
75631
75748
76196
76493
76594
76640
76854
96157
90479
90612
90630
90834
90843
91111
91803
93174
93235
94713
95654
95781
90448
96796
96960
97151
97572
97581
97689
98677
99105
99108
99541
99567
87477
85208
99350
85430
85494
85583
85673
85696
86181
86551
87001
87011
87055
73833
87710
87978
88311
88312
88396
88687
89041
89206
89663
89838
90200
70304
69832
69861
81646
69925
88781
69949
70078
86577
70126
70145
70232
70268
69654
70311
70408
70477
70507
70511
70659
70703
82488
91916
70718
87217
70846
99489
68629
68656
68672
96956
68688
68708
68788
68799
97083
99440
68823
68848
70882
68954
68990
69008
69028
69034
69191
69205
69262
69318
69328
69635
73227
72643
72652
72752
72799
84584
72823
72866
72904
77618
73001
73010
73014
72640
73252
73309
73327
73378
73407
73451
73454
73524
85309
73622
73697
85814
70901
70927
71064
71195
71207
71234
71240
75954
71493
71501
71539
71672
20941
71755
71838
71856
71989
72050
72110
72142
72330
72358
72410
72464
63462
26151
15929
8858
32428
67783
54775
48233
18290
60716
43769
18262
11608
78972
31084
38155
91762
36304
24519
47803
9012
22831
56049
52722
46068
23064
34446
51247
67746
34173
49640
59068
15261
40237
10294
40130
66057
73128
36803
17410
69801
46568
22170
23442
45977
9380
63591
98946
56094
51658
48331
59980
61129
63486
5059
947
59930
34003
46622
70192
96119
1153
78934
36641
16346
23883
28752
54617
59331
41309
58701
24317
31388
24487
24271
64340
55571
12773
11499
23284
56255
58612
19658
59727
27421
19758
20867
59210
12165
56948
92005
71698
9800
18975
64793
407
2823
32565
22140
69280
54707
28091
24912
18751
70032
256
87465
12074
26216
37359
35141
18557
47850
2732
26302
32978
990
38702
44720
61219
63576
22540
29707
69911
47723
35524
9081
89219
18591
43683
20394
32179
62820
51647
7287
28318
836
30591
84802
46316
36888
56607
25662
59758
64064
48328
1197
11758
15545
52643
18487
1228
2337
58192
31204
9046
12506
36591
14411
20657
67797
91367
27149
14015
4587
35114
30923
69977
47699
38473
58937
17904
8128
50772
47445
45227
18611
18938
37546
66035
37754
18090
2969
49927
32183
37593
98875
21878
30750
35464
16333
38936
57575
46485
29986
29850
46972
70542
32555
5236
57090
71232
54493
43204
5124
73477
38394
57455
54128
10877
31948
65593
43691
63795
68509
46531
59465
23242
32114
22198
38697
56826
37970
55717
32502
32584
34848
51689
65831
31340
69503
35260
34429
30049
30212
56480
44281
30973
30985
99338
36026
73738
52892
38042
36798
37701
31542
29365
31583
85794
46171
31754
38246
31825
60495
69616
53574
38048
66332
34294
55457
60171
53253
60324
34400
54391
32211
34261
39991
30010
3432
34484
91052
34781
60708
35322
42490
36945
47432
33224
32930
58516
33009
61293
66007
21865
64291
35173
55213
33033
33101
52077
53004
33396
33480
66767
53162
97389
57270
64341
34023
62128
30934
71003
26565
26108
55889
65317
48126
57317
26265
58463
97006
40947
37620
44116
60615
27075
30893
44796
31902
67257
27321
67390
58121
27057
64769
52321
36795
81578
90228
24717
19193
26264
9212
24738
24898
25342
47532
25352
45720
90503
31303
27131
36172
63087
67801
2446
25735
65804
57913
69698
27970
32684
26969
20232
28029
34683
28684
24115
71255
92468
54031
22979
37396
29060
39988
2554
28294
29104
29212
57778
41143
56538
94250
35467
59568
37388
29625
38281
37628
64843
27136
27349
31677
52640
36141
37114
38223
27133
57774
93129
36005
36736
25843
27398
72181
54170
27554
99807
41160
37833
27809
60807
28253
7683 15250 15506 17239 18007 18633 22400 22534 23617 25139 25231 25319 26436 29427 30137 30991 34033 38660 38905 38958 38978 40693 42648 45319 47732 49763 52600 52603 56263 58641 60152 62658 65199 69360 69530 70980 72939 73374 74736 75333 76308 77381 78692 80625 81152 83136 84477 87418 92925 97289 98107 99224 99663 31992
13179 16663 20395 21753 23221 25490 30376 34607 34782 43753 57038 57660 68941 70089 71734 71813 73783 73813 76978 81246 84582 88662 15273 69702 73067 74255 88157
9522 22692 31950 35098 41579 43409 43685 52705 67193 67838 71300 71401 72952 74040 75613 80989 82201 82492 90544 94695 96565 99179 29563 42987 68151 71639
8405 8860 35573 37404 37722 38708 38876 40992 48685 49823 51311 52579 52857 53769 54734 57768 62869 68424 68443 69400 70057 72599 81345 96016
20587 20942 22285 22463 23194 24213 24232 25501 26204 26838 28287 28423 32410 33328 34917 34959 35276 35469 35490 36113 26857 32075
11009 20302 29753 32235 34921 36678 37104 40985 42639 44464 52424 52954 55939 63548 73963 98384 98634 98726 99565
21652 23214 23850 25042 26665 27461 27859 30590 30644 31011 31018 31393 33523 34397 34684 34773 38648
32134 54722 55372 61709 65367 66173 67534 72081 72976 73201 73599 74201 68951 69612
34386 37280 42041 42904 53686 61238 64105 66191 71277 95863 35828 36115 59891 74060
36814 43295 44538 45622 50532 53715 55788 62343 64006 66668 70251 86720 55313
5362 6096 29656 44027 49379 56326 60100 63837 64011 66551 67647 82972 87516
29332 46221 48544 49450 51536 53342 63587 72989 50150 57035 60119 67988 68554
23254 25208 36828 42871 44930 48007 51083 56280 72054 72901 73123 73667
31452 77625 78750 79176 79503 88571 91302 94693 94977 98037 98906 66443
44366 62472 72178 74049 83496 87101 91980 98759 99923 22944 53989
22093 37180 39937 40706 42804 43628 51016 64886 67412 73865 61352
28897 30929 36314 38093 40225 51934 52537 57547 67198 67632 69950
22357 23927 25276 26357 26715 28031 29414 30164 37291 48223 59236
24646 29999 42984 49224 50812 58838 63133 70080 72768 93869
13501 31625 73878 80990 82405 95175 97052 44392 53714 79486
51153 61582 72161 79590 81711 92618 93411 97043 8520 27101
27965 34476 42776 82146 22839 25808 47540 59097
21657 21756 22897 24799 26750 27518 30865 40013
71685 75763 78909 84054 91185 94013 60132
1577 7679 13451 50785 51588 66901 71955
31854 35830 56978 69564 70978 20888 22902
22516 56545 58326 61005 62951 66632 72242
13299 17043 46740 54359 57955 66557
55763 67348 74094 79232 82469 87019
55916 59901 69402 70327 91245 99063
59609 61072 68463 69432 71494 68026
88332 88513 91983 97999 98728 99593
75371 75479 77149 82136 82524 90557
47461 54670 58633 61487 63741 72737
88138 18372 29042 38624 70052 73656
41347 54634 94028 29345 65094 98009
74684 78253 88737 92754 32845 78381
95714 40321 43557 47483 60391
47278 51151 53425 45001 48064
45255 80884 85243 89090 96203
38824 46150 61419 69116 71559
25461 56016 58155 36718 44640
82455 83520 44764 58520 60882
41441 42308 56739 62348 67029
46587 51922 53851 83767 96788
17280 19305 44498 39287 68915
78159 37519 56708 70749 98893
62513 68238 71754 74306 97508
39219 43249 43866 54526 57977
23055 31647 43707 49537 56276
81946 91227 11787 31143 86435
14083 43885 52694 64249
45709 56101 73089 73908
81072 59083 66872 96963
10055 52413 58874 70778
69910 77066 87222 92803
43261 57961 63356 69233
26690 30271 60322 68227
44474 52370 67878 97253
33902 74464 39861 66024
35342 54080 56811 60723
97622 38546 49990 63895
74367 92973 6905 7750
45933 52596 58227 55750
50568 59380 60025 73371
92865 50278 64970 99664
2080 56085 71304 56623
50028 74289 48610 53062
84783 85437 95629 95791
51176 58305 86278 93217
94966 33313 41004 96317
18181 19566 19835 18929
89996 43395 46440 75717
22826 66113 72550
55045 70307 72665
36089 41943 47131
70324 97125 98807
5685 10329 63195
74095 98608 99376
7436 7696 39139
13053 70795 17442
36711 57030 64491
23016 28226 56017
58339 67072 99320
37785 48963 69859
66098 76468 83333
98831 4986 66246
20473 54461 68391
42431 62431 70989
9090 68802 60038
39162 64008 64368
25887 28916 34874
42981 64002 73779
6159 21181 70058
98935 62375 65221
9765 9853 67946
65144 66370 71276
88699 49252 70060
5503 38226 44575
62850 83043 86938
22207 64111 70615
22403 42715 66281
78212 89258 93040
35903 45343 46390
1629 16983 61940
62354 67155 99176
54894 65251 57734
72112 98095 98304
40995 58840 61069
9379 49412 39738
17998 53972 57260
72881 83935 97526
89562 54190 73042
27068 36725 37759
24428 69684 73686
16331 69742 70984
23411 27244 11619
94321 24469 98247
21589 25450 30988
24197 32327 58309
923 47827 64458
29268 53720 33022
44103 58802 68241
23742 56597 58732
84909 99935 28621
29260 31858 35094
17435 58231 60537
36704 39443 37158
56483 60835 64755
29983 58921 62465
43820 73960
76366 95301
84364 86055
44391 56693
23699 29242
43783 67012
61051 19317
23357 67707
62144 55645
44095 61207
85142 45581
36958 53794
27087 67936
11854 69619
43448 66887
60251 67028
23604 31566
43001 71583
59985 97591
42858 54337
32610 91039
72898 56507
42249 73928
36152 41544
29086 35825
26073 37043
20470 66141
21111 31256
40026 54625
1982 5600
46831 73000
56503 58809
65255 68786
46980 73054
65372 66485
47973 70309
78211 96494
52918 57756
21821 68170
2725 57952
38734 39082
21213 59458
54540 61000
48535 69872
33759 35637
3767 6127
35910 72209
10224 52839
45497 56133
99673 97177
45500 68197
62825 66533
8433 60326
81242 54666
30059 45619
63202 73404
89129 91757
63208 63825
6274 43395
46186 48190
15696 18695
55117 70641
28606 40093
29548 64301
17867 38053
8868 68765
45596 58654
86584 51062
15755 57795
27904 30955
4998 63028
77321 77959
13117 67374
3560 36812
41422 65380
35552 60213
89972 90425
40470 56669
31416 32085
85929 98770
3915 57156
26550 35616
27005 29182
34196 43704
524 5835
43687 39012
14258 43537
83403 84185
20392 34190
23701 42509
32600 577
48288 65754
53019 73828
30074 33078
27953 22587
32106 42582
35861 32928
5260 5868
41346 48228
77790 89503
26316 27882
9056 40915
12340 55094
36351 62034
22568 72120
3128 59691
13343 51018
32833 23401
32703 92444
50227 73786
70866 61554
38266 69351
35048 45725
13835 2289
26478 15927
84803 88800
1641 54687
2058 46595
34053 68363
39195 44415
1482 56999
39052 53142
39046 69958
14539 18911
29715 21768
72972 91114
24194 40200
87243 93906
79310 23003
49036 60352
69804 72546
56890 69828
34341 68675
82535 53085
84309 58600
90903 91696
57058 63453
69114 72164
53788 50925
90593 96678
43112 57096
58432 70321
24924 24952
48587 62664
88923 23422
88779 98816
97824 24400
56273 62085
298 65186
50255 54230
50555 60194
75405 30576
50860 57445
79424 29055
81680 97199
567 68775
11150 57158
81277 29055
88907 55412
64003 94128
54559 57770
21168
60337
57009
63694
56339
21268
40121
56531
54358
20268
54475
58417
21387
63410
37859
70258
57308
38452
22929
39428
43743
57181
16953
41386
56305
22672
56116
59443
79832
56262
57135
56288
66131
56814
25525
20766
61604
48776
21051
49347
58763
56703
17186
73202
18214
73063
80134
56911
45589
40394
33143
56778
57411
70747
23032
56605
58618
73642
61857
52429
92070
27360
57974
73508
32859
40773
37958
73771
20811
54850
23110
54801
57827
19462
54817
41192
40083
44797
22339
55489
8730
53132
40836
22219
54978
26933
42912
55059
68839
37367
33981
22507
22384
20725
86721
59175
2331
43578
40604
10580
54746
60074
49152
22426
50710
56964
92481
47582
36492
55348
40659
38795
55782
48930
20282
21905
61974
55668
21827
22448
58139
46354
60160
55593
21677
74773
16963
59302
19455
71309
21673
29990
25256
49848
55242
55194
38604
59700
53046
59630
62474
57592
51937
55235
54294
55917
73150
92006
18667
56379
1896
55342
51902
21959
58908
96415
58422
58466
3604
88456
58489
51291
65700
45289
58629
4256
65620
58703
23459
58818
58993
87438
61171
57216
26164
80375
59154
58539
56994
23724
80292
86623
25092
76946
58491
22536
4792
4440
329
53695
36359
52858
14600
58409
96134
71440
46900
30265
53862
41434
17188
60290
59614
59669
64868
33996
85850
19402
35091
59610
18374
46208
20701
36227
59698
57405
74451
59762
59873
86265
19554
71019
59234
55134
793
80931
23932
39717
59287
59462
58223
5632
18646
40987
64557
42216
78699
17634
3217
43286
57235
21632
64058
18822
16465
61248
18287
15930
28025
63380
20575
19275
34954
72666
18186
47883
57311
63668
78777
67727
57564
19637
3461
58290
57127
73734
47699
53550
35449
61736
52907
41122
71722
43739
69020
57274
10134
61988
19568
6820
50396
83394
6453
66445
58115
52508
17020
19377
20588
58130
60580
28162
35233
39259
41808
39290
1584
20886
53509
55463
67248
21084
54150
67407
59937
37473
41158
57580
17869
57727
30312
65667
57946
17644
16624
28995
64350
57979
58083
72226
58084
67543
53684
15972
51252
44931
19004
44853
44383
51126
51144
51186
42009
20796
4297
8700
60725
56438
39512
30511
44239
23026
51297
59543
53998
70497
71590
64381
51442
45897
45895
45845
71772
40524
45663
74770
24450
47344
58271
27191
50761
50767
45434
50827
75896
45230
21660
45141
50000
52011
43022
43002
71286
46076
49991
52348
31144
42734
47115
43179
42679
42640
68567
54828
92540
42629
9631
54414
42493
46863
44697
23774
63843
51477
38605
51566
74083
43772
24916
93269
43638
43168
43588
51739
36517
43491
54363
52006
31532
43392
62248
56643
47941
47854
47786
59947
67018
49966
47748
75067
60925
54286
48046
47632
47552
50816
47489
49140
6368
51713
49279
79997
47277
48530
36922
48705
48697
56470
55319
34106
48665
48659
48645
70051
49295
53870
60941
48325
38897
69538
48298
48166
56918
48838
60385
49942
37159
47619
92402
46510
60652
46337
46266
50006
46243
46736
62742
69813
50119
54842
46136
24923
46121
50128
64908
57310
59868
47217
66486
47202
47199
47003
56419
65847
46908
49857
49887
42427
49890
46819
46778
56746
47318
46765
26372
63264
72692
39212
39461
39309
54752
73608
39226
47996
50101
54815
59174
58442
39507
58832
47742
53728
72699
54642
37565
87640
39116
54064
53786
9138
53452
76494
39894
25752
62931
39886
39883
65810
53503
39779
39007
53622
56396
63467
27779
39761
53706
68957
39603
37246
39535
54443
31500
71569
59841
27132
23084
54372
59979
57761
62475
36068
49244
54517
23547
19344
57629
50558
48707
54699
63733
50668
54737
38633
38740
58500
38720
50832
47505
33363
68307
65950
54165
68718
57638
69274
38631
44150
42196
23488
54296
23385
73983
48056
37319
28907
50536
41664
41645
20432
52477
41403
52522
52709
67330
53863
34391
53818
56991
49337
52759
52868
41294
41283
51261
63046
41926
75425
94281
42324
42257
52357
42170
20957
42168
31005
98736
52952
35719
41916
63129
41829
41757
54575
15830
41680
41675
40092
51443
53800
40353
12069
40334
21478
40219
56718
52004
40203
23886
88420
40073
37716
73071
40004
65931
41280
57779
39975
25833
78814
31157
41236
29451
41036
53231
53289
40977
40899
53304
33828
54739
40881
58348
59377
43459
40468
59958
44821
53343
40385
66022
65305
65311
65332
65336
67693
65512
65532
67889
65853
65883
65975
65984
69997
66135
66175
99173
66180
66186
66201
66226
66240
66330
66409
66496
66532
64594
89658
63743
63754
63803
63980
66337
64143
64195
64339
64346
64448
64585
73603
71665
64656
64744
64818
97816
64821
64860
64954
65076
65129
65283
68172
72201
67575
77003
67590
67596
67703
67844
67907
68023
68053
68078
68158
67487
68186
68207
68219
68254
89467
68264
68325
68413
68475
68502
68529
68542
67229
66544
97185
66570
66741
66859
66884
66896
88109
66926
66959
67120
74191
63731
74300
67250
69607
93177
67272
67296
67347
83846
67451
67452
67462
60311
37987
38120
40509
38291
38315
67056
60024
60089
69517
60120
60180
60281
36878
60376
60407
60453
60514
60586
60598
60745
60904
70332
60942
60946
60949
37272
55703
34632
35741
56433
72932
22798
36106
62079
39844
36691
36965
37271
60959
60842
38428
37455
70453
44127
25366
45457
37694
37784
1238
37835
62891
62350
71778
62400
62459
62468
62483
62621
62669
62680
90964
62799
62828
62314
62908
62912
62913
62933
65290
70004
63040
63063
63266
63433
63463
63654
61769
61003
91692
61118
61227
61244
61267
61369
61493
68564
61495
61570
61572
68552
61824
61954
62069
90353
62131
71572
62238
62243
95241
62264
62303
79948
76860
77253
77407
77512
77543
77667
77786
78677
78768
78854
78897
79222
76854
80171
94313
80738
81114
81394
82272
91700
98771
83185
83737
84135
84880
74579
73833
73874
74085
74114
74177
74218
78932
74248
74250
74327
74341
74376
84893
74631
75054
75143
75380
75620
75631
75748
76196
76493
76594
76640
95781
90448
90479
90612
90630
90834
90843
91111
91803
93174
93235
94713
95654
90200
96157
96796
96960
97151
97572
97581
97689
98677
99105
99108
99541
99567
87055
85080
85208
99350
85430
85494
85583
85673
85696
86181
86551
87001
87011
73697
87477
87710
87978
88311
88312
88396
88687
89041
89206
89663
89838
70268
69654
69832
69861
81646
69925
88781
69949
70078
86577
70126
70145
70232
69635
70304
70311
70408
70477
70507
70511
70659
70703
82488
91916
70718
87217
68848
68575
68629
68656
68672
96956
68688
68708
68788
68799
97083
99440
68823
70846
99489
68954
68990
69008
69028
69034
69191
69205
69262
69318
69328
73014
72640
72643
72652
72752
72799
84584
72823
72866
72904
77618
73001
73010
72464
73227
73252
73309
73327
73378
73407
73451
73454
73524
85309
73622
71672
70882
70901
70927
71064
71195
71207
71234
71240
75954
71493
71501
71539
35358
85814
71755
71838
71856
71989
72050
72110
72142
72330
72358
72410
63462
26151
15929
8858
32428
67783
54775
48233
18290
60716
43769
18262
11608
78972
31084
38155
91762
36304
24519
47803
9012
22831
56049
52722
46068
23064
34446
51247
67746
34173
49640
59068
15261
40237
10294
40130
66057
73128
36803
17410
69801
46568
22170
23442
45977
9380
63591
98946
56094
51658
48331
59980
61129
63486
5059
947
59930
34003
46622
70192
96119
1153
78934
36641
16346
23883
28752
54617
59331
41309
58701
24317
31388
24487
24271
64340
55571
12773
11499
23284
56255
58612
19658
59727
27421
19758
20867
59210
12165
56948
92005
71698
9800
18975
64793
407
2823
32565
22140
69280
54707
28091
26302
32978
18751
70032
256
87465
12074
26216
37359
35141
18557
47850
2732
2337
24912
990
38702
44720
61219
63576
22540
29707
69911
47723
35524
9081
36888
43683
20394
32179
62820
51647
7287
28318
836
69189
30591
84802
46316
89219
18591
25662
59758
64064
48328
1197
11758
15545
52643
18487
1228
35114
30923
31204
9046
12506
36591
14411
20657
67797
91367
27149
14015
4587
54493
58192
69977
38473
58937
17904
8128
50772
47445
45227
18611
18938
16333
56607
66035
37754
18090
2969
49927
32183
37593
98875
21878
30750
35464
38936
37546
57575
46485
29986
29850
46972
70542
32555
5236
57090
71232
43204
5124
73477
38394
57455
54128
10877
31948
65593
43691
63795
68509
46531
59465
23242
32114
22198
38697
56826
37970
55717
32502
32584
34848
51689
65831
31340
69503
35260
34429
30049
30212
56480
44281
30973
30985
99338
36026
73738
52892
38042
36798
37701
31542
29365
31583
85794
46171
31754
38246
31825
60495
69616
53574
38048
66332
34294
55457
60171
53253
60324
34400
54391
32211
34261
39991
30010
3432
34484
91052
34781
60708
35322
42490
36945
47432
20941
33224
32930
58516
33009
61293
66007
21865
64291
35173
55213
33033
33101
52077
53004
33396
33480
66767
53162
97389
57270
64341
34023
62128
30934
71003
26565
26108
55889
65317
48126
57317
26265
58463
97006
40947
37620
44116
60615
27075
30893
44796
31902
67257
27321
67390
58121
27057
64769
52321
36795
81578
90228
24717
19193
26264
9212
24738
24898
25342
47532
25352
45720
90503
31303
27131
36172
63087
67801
2446
25735
65804
57913
69698
27970
32684
26969
20232
28029
34683
28684
24115
71255
92468
54031
22979
37396
29060
39988
2554
28294
29104
29212
57778
41143
56538
94250
35467
59568
37388
29625
38281
37628
64843
27136
27349
31677
52640
36141
37114
38223
27133
57774
93129
36005
36736
25843
27398
72181
54170
27554
99807
41160
37833
27809
60807
28253
7683 15250 15506 17239 18007 18633 22400 22534 23617 25139 25231 25319 26436 29427 30137 30991 34033 38660 38905 38958 38978 40693 42648 45319 47732 49763 52600 52603 56263 58641 60152 62658 65199 69360 69530 70980 72939 73374 74736 75333 76308 77381 78692 80625 81152 83136 84477 87418 92925 97289 98107 99224 99663 31992
13179 16663 20395 21753 23221 25490 30376 34607 34782 43753 57038 57660 68941 70089 71734 71813 73783 73813 76978 81246 84582 88662 15273 69702 73067 74255 88157
9522 22692 31950 35098 41579 43409 43685 52705 67193 67838 71300 71401 72952 74040 75613 80989 82201 82492 90544 94695 96565 99179 29563 42987 68151 71639
8405 8860 35573 37404 37722 38708 38876 40992 48685 49823 51311 52579 52857 53769 54734 57768 62869 68424 68443 69400 70057 72599 81345 96016
20587 20942 22285 22463 23194 24213 24232 25501 26204 26838 28287 28423 32410 33328 34917 34959 35276 35469 35490 36113 26857 32075
11009 20302 29753 32235 34921 36678 37104 40985 42639 44464 52424 52954 55939 63548 73963 98384 98634 98726 99565
21652 23214 23850 25042 26665 27461 27859 30590 30644 31011 31018 31393 33523 34397 34684 34773 38648
34386 37280 42041 42904 53686 61238 64105 66191 71277 95863 35828 36115 59891 74060
32134 54722 55372 61709 65367 66173 67534 72081 72976 73201 73599 74201 68951 69612
36814 43295 44538 45622 50532 53715 55788 62343 64006 66668 70251 86720 55313
5362 6096 29656 44027 49379 56326 60100 63837 64011 66551 67647 82972 87516
29332 46221 48544 49450 51536 53342 63587 72989 50150 57035 60119 67988 68554
23254 25208 36828 42871 44930 48007 51083 56280 72054 72901 73123 73667
31452 77625 78750 79176 79503 88571 91302 94693 94977 98037 98906 66443
22357 23927 25276 26357 26715 28031 29414 30164 37291 48223 59236
28897 30929 36314 38093 40225 51934 52537 57547 67198 67632 69950
22093 37180 39937 40706 42804 43628 51016 64886 67412 73865 61352
44366 62472 72178 74049 83496 87101 91980 98759 99923 22944 53989
51153 61582 72161 79590 81711 92618 93411 97043 8520 27101
13501 31625 73878 80990 82405 95175 97052 44392 53714 79486
24646 29999 42984 49224 50812 58838 63133 70080 72768 93869
21657 21756 22897 24799 26750 27518 30865 40013
27965 34476 42776 82146 22839 25808 47540 59097
71685 75763 78909 84054 91185 94013 60132
31854 35830 56978 69564 70978 20888 22902
22516 56545 58326 61005 62951 66632 72242
1577 7679 13451 50785 51588 66901 71955
13299 17043 46740 54359 57955 66557
75371 75479 77149 82136 82524 90557
88138 18372 29042 38624 70052 73656
47461 54670 58633 61487 63741 72737
88332 88513 91983 97999 98728 99593
59609 61072 68463 69432 71494 68026
55916 59901 69402 70327 91245 99063
55763 67348 74094 79232 82469 87019
74684 78253 88737 92754 32845 78381
46587 51922 53851 83767 96788
25461 56016 58155 36718 44640
82455 83520 44764 58520 60882
17280 19305 44498 39287 68915
47278 51151 53425 45001 48064
78159 37519 56708 70749 98893
23055 31647 43707 49537 56276
81946 91227 11787 31143 86435
38824 46150 61419 69116 71559
54634 94028 29345 65094 98009
62513 68238 71754 74306 97508
45255 80884 85243 89090 96203
39219 43249 43866 54526 57977
41441 42308 56739 62348 67029
95714 40321 43557 47483 60391
35342 54080 56811 60723
10055 52413 58874 70778
81072 59083 66872 96963
43261 57961 63356 69233
45709 56101 73089 73908
14083 43885 52694 64249
44474 52370 67878 97253
33902 74464 39861 66024
69910 77066 87222 92803
2080 56085 71304 56623
74367 92973 6905 7750
92865 50278 64970 99664
26690 30271 60322 68227
45933 52596 58227 55750
50568 59380 60025 73371
84783 85437 95629 95791
50028 74289 48610 53062
51176 58305 86278 93217
94966 33313 41004 96317
18181 19566 19835 18929
89996 43395 46440 75717
58339 67072 99320
78212 89258 93040
36089 41943 47131
5685 10329 63195
74095 98608 99376
13053 70795 17442
7436 7696 39139
70324 97125 98807
36711 57030 64491
23016 28226 56017
22826 66113 72550
97622 38546 49990
66098 76468 83333
98831 4986 66246
20473 54461 68391
42431 62431 70989
9090 68802 60038
39162 64008 64368
25887 28916 34874
35903 45343 46390
6159 21181 70058
98935 62375 65221
9765 9853 67946
65144 66370 71276
88699 49252 70060
5503 38226 44575
62850 83043 86938
22207 64111 70615
22403 42715 66281
42981 64002 73779
55045 70307 72665
1629 16983 61940
62354 67155 99176
54894 65251 57734
72112 98095 98304
40995 58840 61069
9379 49412 39738
37785 48963 69859
17998 53972 57260
72881 83935 97526
84909 99935 28621
21589 25450 30988
29268 53720 33022
17435 58231 60537
44103 58802 68241
24197 32327 58309
94321 24469 98247
56483 60835 64755
23742 56597 58732
23411 27244 11619
27068 36725 37759
36704 39443 37158
29983 58921 62465
89562 54190 73042
24428 69684 73686
29260 31858 35094
923 47827 64458
16331 69742 70984
85142 45581
43783 67012
61051 19317
43820 73960
44095 61207
21111 31256
36958 53794
27087 67936
62144 55645
23357 67707
30059 45619
76366 95301
84364 86055
43448 66887
11854 69619
23604 31566
45500 68197
60251 67028
38266 69351
59985 97591
43001 71583
32610 91039
42858 54337
72898 56507
42249 73928
36152 41544
26073 37043
40026 54625
1982 5600
56503 58809
65255 68786
46831 73000
46980 73054
65372 66485
47973 70309
78211 96494
52918 57756
21821 68170
2725 57952
38734 39082
21213 59458
54540 61000
48535 69872
41346 48228
63202 73404
35910 72209
44391 56693
45497 56133
81242 54666
77790 89503
62825 66533
8433 60326
15696 18695
23699 29242
89129 91757
63208 63825
3767 6127
6274 43395
46186 48190
55117 70641
10224 52839
28606 40093
8868 68765
86584 51062
45596 58654
15755 57795
4998 63028
27904 30955
13117 67374
17867 38053
26550 35616
41422 65380
31416 32085
89972 90425
35552 60213
85929 98770
40470 56669
3560 36812
24194 40200
77321 77959
29548 64301
27005 29182
3915 57156
43687 39012
14258 43537
83403 84185
20392 34190
33759 35637
23701 42509
32600 577
48288 65754
524 5835
30074 33078
27953 22587
32106 42582
20470 66141
35861 32928
34196 43704
53019 73828
5260 5868
9056 40915
12340 55094
36351 62034
22568 72120
3128 59691
13343 51018
32833 23401
32703 92444
26316 27882
70866 61554
29086 35825
35048 45725
13835 2289
50227 73786
26478 15927
84803 88800
1641 54687
2058 46595
39195 44415
1482 56999
39052 53142
39046 69958
34053 68363
29715 21768
72972 91114
14539 18911
87243 93906
79310 23003
49036 60352
56890 69828
69804 72546
34341 68675
82535 53085
90903 91696
57058 63453
84309 58600
90593 96678
53788 50925
69114 72164
99673 97177
58432 70321
24924 24952
48587 62664
88923 23422
88779 98816
97824 24400
56273 62085
50255 54230
298 65186
50555 60194
75405 30576
50860 57445
79424 29055
81277 29055
64003 94128
567 68775
54559 57770
11150 57158
43112 57096
81680 97199
88907 55412
60337
56305
57009
63410
21387
40121
21268
79832
20268
56339
63694
21168
56531
54358
59175
55917
58417
57308
38452
22929
57135
39428
43743
56288
41386
70258
22672
56116
59443
92070
56262
54475
58763
73771
20811
56814
25525
20766
61604
48776
21051
40394
18214
56703
66131
73202
73063
80134
56911
45589
33143
58618
37859
61857
57411
70747
23032
52429
57974
56605
73642
73508
56778
17186
49347
27360
32859
40773
37958
40083
55348
54801
38795
8730
23110
19462
54817
57827
54850
41192
36492
40836
44797
22339
22219
54978
26933
42912
55059
68839
37367
43578
23547
35449
63733
50668
40604
22384
20725
54746
86721
2331
33981
10580
56964
60074
22507
22426
50710
40659
92481
47582
60160
55593
48930
20282
21905
61974
55668
21827
22448
58139
46354
58908
55782
21677
74773
16963
59302
19455
71309
21673
29990
25256
54294
49152
55194
38604
59700
53046
59630
62474
57592
51937
55235
49848
55242
73150
92006
18667
56379
1896
55342
51902
21959
4256
65620
58422
58466
3604
88456
58489
51291
65700
45289
58629
30265
96415
58703
23459
58818
58993
87438
61171
57216
26164
80375
4440
58223
56994
23724
80292
86623
25092
76946
58491
22536
4792
59154
58539
53695
36359
52858
14600
58409
96134
71440
46900
35091
59610
41434
17188
60290
59614
59669
64868
33996
85850
19402
43286
53862
18374
46208
20701
36227
59698
57405
74451
59762
59462
329
19554
71019
59234
55134
793
80931
23932
39717
59287
54150
86265
5632
18646
40987
64557
42216
78699
17634
3217
20575
19275
21632
64058
18822
16465
61248
18287
15930
28025
63380
83394
57235
34954
72666
18186
47883
57311
63668
78777
67727
41122
16624
3461
58290
57127
73734
47699
53550
16953
61736
52907
57564
19637
43739
69020
57274
10134
61988
19568
6820
50396
35233
39259
66445
58115
52508
17020
19377
20588
58130
60580
28162
15972
6453
41808
39290
1584
20886
53509
55463
67248
21084
17644
71722
59937
37473
41158
57580
17869
57727
30312
65667
57946
57181
67407
28995
64350
57979
58083
72226
58084
67543
53684
51252
8700
19004
44853
44383
51126
51144
42009
51186
20796
4297
44931
60725
56438
30511
39512
44239
23026
51297
59543
53998
70497
71590
64381
51442
45897
45895
45845
71772
45663
40524
24450
74770
47344
58271
27191
50761
45434
50767
50827
75896
45230
21660
45141
50000
56991
49991
34391
43179
43022
43002
71286
52348
46076
31144
52011
52357
42734
47115
42679
42640
68567
54828
92540
42629
9631
44697
23774
63843
38605
51477
51566
74083
43772
24916
93269
43638
43168
43588
36517
51739
43491
54363
52006
31532
43392
62248
56643
47941
47854
47786
59947
67018
49966
47748
75067
60925
54286
48046
47632
47552
50816
47489
49140
6368
51713
79997
49279
47277
48530
36922
48705
48697
56470
55319
34106
48665
48659
48645
70051
49295
53870
60941
48325
38897
69538
48298
48166
56918
48838
60385
49942
37159
47619
92402
46510
60652
46337
46266
50006
46243
46736
62742
69813
50119
54842
46136
24923
46121
50128
64908
57310
59868
47217
47202
66486
47199
47003
56419
65847
46908
49857
49887
54414
49890
46819
46778
56746
47318
46765
26372
63264
72692
58442
39603
37246
39535
39507
39461
39309
54752
73608
54815
39226
50101
47996
53728
59174
39212
58832
47742
37565
72699
54642
54064
39883
65931
62931
39975
25833
57638
53503
76494
39894
25752
39886
87640
65810
53622
27779
39779
53706
9138
56396
68957
63467
39761
59979
23488
59841
23385
49244
31500
71569
54372
54443
27132
23084
48056
57761
62475
36068
54517
19344
48707
54699
54737
57629
50558
47505
39116
53786
58500
39007
38740
68307
38720
65950
54165
50832
40004
33363
54296
68718
38633
69274
38631
44150
42196
73983
20432
15830
52522
41680
41675
53863
50536
41664
41645
52709
37319
52477
53818
41403
67330
41347
55489
52759
53132
52868
49337
59873
42170
42493
46863
42427
75425
94281
42324
42257
31005
35719
54575
41294
20957
28907
42168
98736
41926
41916
63129
41829
41757
40219
40468
44821
40385
23886
51443
53800
40353
12069
40334
21478
59377
56718
41280
52004
40203
40092
40073
37716
57779
53452
73071
53304
41283
51261
63046
52952
31157
41236
29451
41036
53231
53289
54739
43459
40977
40899
33828
59958
40881
53343
58348
88420
66022
65305
65311
65332
65336
67693
65512
65532
67889
65853
65883
65975
65984
69997
66135
66175
99173
66180
66186
66201
66226
66240
66330
66409
66496
66532
64594
89658
63743
63754
63803
63980
66337
64143
64195
64339
64346
64448
64585
73603
71665
64656
64744
64818
97816
64821
64860
64954
65076
65129
65283
68172
72201
67575
77003
67590
67596
67703
67844
67907
68023
68053
68078
68158
67487
68186
68207
68219
68254
89467
68264
68325
68413
68475
68502
68529
68542
67229
66544
97185
66570
66741
66859
66884
66896
88109
66926
66959
67120
74191
63731
74300
67250
69607
93177
67272
67296
67347
83846
67451
67452
67462
60376
38120
40509
38291
38315
67056
60024
60089
69517
60120
60180
60281
60311
37987
60407
60453
60514
60586
60598
60745
60904
70332
60942
60946
60949
60959
60842
34632
35741
56433
72932
22798
36106
62079
39844
36691
36965
37271
37272
61003
38428
37455
70453
44127
25366
45457
37694
37784
1238
37835
36878
62908
71778
62400
62459
62468
62483
62621
62669
62680
90964
62799
62828
62891
62350
62912
62913
62933
65290
70004
63040
63063
63266
63433
63463
63654
61824
91692
61118
61227
61244
61267
61369
61493
68564
61495
61570
61572
61769
68552
61954
62069
90353
62131
71572
62238
62243
95241
62264
62303
62314
79948
76860
77253
77407
77512
77543
77667
77786
78677
78768
78854
78897
79222
76854
80171
94313
80738
81114
81394
82272
91700
98771
83185
83737
84135
84880
74579
73833
73874
74085
74114
74177
74218
78932
74248
74250
74327
74341
74376
84893
74631
75054
75143
75380
75620
75631
75748
76196
76493
76594
76640
95781
90448
90479
90612
90630
90834
90843
91111
91803
93174
93235
94713
95654
90200
96157
96796
96960
97151
97572
97581
97689
98677
99105
99108
99541
99567
87055
85080
85208
99350
85430
85494
85583
85673
85696
86181
86551
87001
87011
73697
87477
87710
87978
88311
88312
88396
88687
89041
89206
89663
89838
70268
69654
69832
69861
81646
69925
88781
69949
70078
86577
70126
70145
70232
69635
70304
70311
70408
70477
70507
70511
70659
70703
82488
91916
70718
87217
68848
68575
68629
68656
68672
96956
68688
68708
68788
68799
97083
99440
68823
70846
99489
68954
68990
69008
69028
69034
69191
69205
69262
69318
69328
73014
72640
72643
72652
72752
72799
84584
72823
72866
72904
77618
73001
73010
72464
73227
73252
73309
73327
73378
73407
73451
73454
73524
85309
73622
71672
70882
70901
70927
71064
71195
71207
71234
71240
75954
71493
71501
71539
55703
85814
71755
71838
71856
71989
72050
72110
72142
72330
72358
72410
31084
15929
8858
32428
67783
54775
48233
18290
60716
43769
18262
11608
63462
26151
38155
91762
36304
24519
47803
9012
22831
56049
52722
46068
23064
17410
69801
67746
34173
49640
59068
15261
40237
10294
40130
66057
73128
36803
34446
11499
46568
22170
23442
45977
9380
63591
98946
56094
51658
48331
78972
23883
63486
5059
947
59930
34003
46622
70192
96119
1153
78934
36641
59980
61129
28752
54617
59331
41309
58701
24317
31388
24487
24271
64340
55571
38936
71698
23284
56255
58612
19658
59727
27421
19758
20867
59210
12165
56948
12773
51247
9800
18975
64793
407
2823
32565
22140
69280
54707
28091
16346
24912
18751
70032
256
87465
12074
26216
37359
35141
18557
47850
2732
26302
32978
990
38702
44720
61219
63576
22540
29707
69911
47723
35524
9081
89219
18591
43683
20394
32179
62820
51647
7287
28318
836
30591
84802
46316
36888
56607
25662
59758
64064
48328
1197
11758
15545
52643
18487
1228
2337
58192
31204
9046
12506
36591
14411
20657
67797
91367
27149
14015
4587
35114
30923
69977
38473
58937
17904
8128
50772
47445
45227
18611
18938
92005
37546
66035
37754
18090
2969
49927
32183
37593
98875
21878
30750
35464
16333
24717
57575
46485
29986
29850
46972
70542
32555
5236
57090
71232
54493
23242
73477
38394
57455
54128
10877
31948
65593
43691
63795
68509
46531
43204
5124
32114
22198
38697
56826
37970
55717
32502
32584
34848
51689
65831
52892
38042
35260
34429
30049
30212
56480
44281
30973
30985
99338
36026
73738
31340
32930
36798
37701
31542
29365
31583
85794
46171
31754
38246
31825
59465
39991
53574
38048
66332
34294
55457
60171
53253
60324
34400
54391
32211
60495
69616
30010
3432
34484
91052
34781
60708
35322
42490
36945
47432
20941
35358
33396
58516
33009
61293
66007
21865
64291
35173
55213
33033
33101
52077
33224
69503
33480
66767
53162
97389
57270
64341
34023
62128
30934
71003
34261
30893
55889
65317
48126
57317
26265
58463
97006
40947
37620
44116
60615
26565
26108
44796
31902
67257
27321
67390
58121
27057
64769
52321
36795
81578
27131
36172
19193
26264
9212
24738
24898
25342
47532
25352
45720
90503
31303
90228
64843
63087
67801
2446
25735
65804
57913
69698
27970
32684
26969
27075
29104
34683
28684
24115
71255
92468
54031
22979
37396
29060
39988
2554
20232
28029
29212
57778
41143
56538
94250
35467
59568
37388
29625
38281
53004
25843
27136
27349
31677
52640
36141
37114
38223
27133
57774
93129
36005
37628
36736
27398
72181
54170
27554
99807
41160
37833
27809
60807
28253
28294
7683 15250 15506 17239 18007 18633 22400 22534 23617 25139 25231 25319 26436 29427 30137 30991 34033 38660 38905 38958 38978 40693 42648 45319 47732 49763 52600 52603 56263 58641 60152 62658 65199 69360 69530 70980 72939 73374 74736 75333 76308 77381 78692 80625 81152 83136 84477 87418 92925 97289 98107 99224 99663 31992
13179 16663 20395 21753 23221 25490 30376 34607 34782 43753 57038 57660 68941 70089 71734 71813 73783 73813 76978 81246 84582 88662 15273 69702 73067 74255 88157
9522 22692 31950 35098 41579 43409 43685 52705 67193 67838 71300 71401 72952 74040 75613 80989 82201 82492 90544 94695 96565 99179 29563 42987 68151 71639
8405 8860 35573 37404 37722 38708 38876 40992 48685 49823 51311 52579 52857 53769 54734 57768 62869 68424 68443 69400 70057 72599 81345 96016
20587 20942 22285 22463 23194 24213 24232 25501 26204 26838 28287 28423 32410 33328 34917 34959 35276 35469 35490 36113 26857 32075
11009 20302 29753 32235 34921 36678 37104 40985 42639 44464 52424 52954 55939 63548 73963 98384 98634 98726 99565
21652 23214 23850 25042 26665 27461 27859 30590 30644 31011 31018 31393 33523 34397 34684 34773 38648 73378
34386 37280 42041 42904 53686 61238 64105 66191 71277 95863 35828 36115 59891 74060
32134 54722 55372 61709 65367 66173 67534 72081 72976 73201 73599 74201 68951 69612
5362 6096 29656 44027 49379 56326 60100 63837 64011 66551 67647 82972 87516
36814 43295 44538 45622 50532 53715 55788 62343 64006 66668 70251 86720 55313
29332 46221 48544 49450 51536 53342 63587 72989 50150 57035 67988 68554
23254 25208 36828 42871 44930 48007 51083 56280 72054 72901 73123 73667
22093 37180 39937 40706 42804 43628 51016 64886 67412 73865 61352
22357 23927 25276 26357 26715 28031 29414 30164 37291 48223 59236
28897 30929 36314 38093 40225 51934 52537 57547 67198 67632 69950
44366 62472 72178 74049 83496 87101 91980 98759 99923 22944 53989
13501 31625 73878 80990 82405 95175 97052 44392 53714 79486
24646 29999 42984 49224 50812 58838 63133 70080 72768 93869
51153 61582 72161 79590 81711 92618 93411 97043 8520 27101
27965 34476 42776 82146 22839 25808 47540 59097
21657 21756 22897 24799 26750 27518 30865 40013
31452 77625 78750 79503 94693 94977 98037 98906
1577 7679 13451 50785 51588 66901 71955
71685 75763 78909 84054 91185 94013 60132
22516 56545 58326 61005 62951 66632 72242
31854 35830 56978 69564 70978 20888 22902
75371 75479 77149 82136 82524 90557
55916 59901 69402 70327 91245 99063
88332 88513 91983 97999 98728 99593
74684 78253 88737 92754 32845 78381
47461 54670 58633 61487 63741 72737
55763 67348 74094 79232 82469 87019
59609 61072 68463 69432 71494 68026
13299 17043 46740 54359 57955 66557
82455 83520 44764 58520 60882
17280 19305 44498 39287 68915
46587 51922 53851 83767 96788
38824 46150 61419 69116 71559
78159 37519 56708 70749 98893
47278 51151 53425 45001 48064
81946 91227 11787 31143 86435
41441 42308 56739 62348 67029
23055 31647 43707 49537 56276
54634 94028 29345 65094 98009
62513 68238 71754 74306 97508
45255 80884 85243 89090 96203
25461 56016 58155 36718 44640
88138 18372 29042 38624 70052
81072 59083 66872 96963
44474 52370 67878 97253
92865 50278 64970 99664
35342 54080 56811 60723
50028 74289 48610 53062
79176 88571 91302 66443
94966 33313 41004 96317
69910 77066 87222 92803
45709 56101 73089 73908
2080 56085 71304 56623
39219 43866 54526 57977
14083 43885 52694 64249
84783 85437 95629 95791
51176 58305 86278 93217
26690 30271 60322 68227
18181 19566 19835 18929
43261 57961 63356 69233
10055 52413 58874 70778
45933 52596 58227 55750
89996 43395 46440 75717
56483 60835 64755
70324 97125 98807
13053 70795 17442
9090 68802 60038
42981 64002 73779
16331 69742 70984
36711 57030 64491
5685 10329 63195
5503 38226 44575
20473 54461 68391
98831 4986 66246
89562 54190 73042
29983 58921 62465
40995 58840 61069
36089 41943 47131
9379 49412 39738
17998 53972 57260
97622 38546 49990
35903 45343 46390
29268 53720 33022
25887 28916 34874
1629 16983 61940
98935 62375 65221
66098 76468 83333
50568 59380 73371
62354 67155 99176
23742 56597 58732
36704 39443 37158
22207 64111 70615
6159 21181 70058
78212 89258 93040
95714 47483 60391
27068 36725 37759
55045 70307 72665
72112 98095 98304
22826 66113 72550
42431 62431 70989
23016 28226 56017
17435 58231 60537
923 47827 64458
9765 9853 67946
22403 42715 66281
24428 69684 73686
37785 48963 69859
54894 65251 57734
58339 67072 99320
7436 7696 39139
29260 31858 35094
23411 27244 11619
21589 25450 30988
44103 58802 68241
62850 83043 86938
74095 98608 99376
39162 64008 64368
84909 99935 28621
65144 66370 71276
72881 83935 97526
88699 49252 70060
94321 24469 98247
44391 56693
20392 34190
30059 45619
81242 54666
61051 19317
29548 64301
48288 65754
1982 5600
43820 73960
24197 32327
57058 63453
31416 32085
46831 73000
77321 77959
56503 58809
85142 45581
63202 73404
69114 72164
99673 97177
42249 73928
72898 56507
89129 91757
36152 41544
50860 57445
63208 63825
30074 33078
76366 95301
15696 18695
32600 577
44095 61207
23701 42509
50555 60194
62144 55645
55117 70641
50255 54230
34196 43704
45500 68197
78211 96494
2058 46595
48535 69872
54540 61000
27005 29182
41422 65380
52918 57756
5260 5868
43687 39012
59985 97591
60251 67028
21821 68170
26316 27882
27953 22587
74464 66024
62825 66533
13835 2289
47854 48190
35048 45725
43448 66887
36958 53794
46980 73054
38734 39082
45497 56133
65255 68786
26550 35616
24194 40200
43783 67012
49036 60352
83403 84185
14539 18911
85929 98770
43001 71583
65372 66485
88907 55412
32610 91039
29086 35825
20470 66141
14258 43537
27087 67936
34053 68363
84803 88800
81277 29055
38266 69351
77790 89503
56890 69828
34341 68675
79424 29055
79310 23003
35861 32928
22568 72120
13343 51018
29715 21768
72972 91114
87243 93906
56273 62085
21111 31256
1641 54687
50227 73786
26478 15927
75405 30576
48587 62664
24924 24952
3128 59691
40470 56669
33902 39861
36351 62034
13117 67374
12340 55094
89972 90425
11150 57158
35910 72209
21213 59458
2725 57952
40026 54625
32106 42582
90903 91696
70866 61554
6274 43395
58432 70321
39195 44415
88923 23422
88779 98816
8433 60326
97824 24400
1482 56999
45596 58654
298 65186
3767 6127
23357 67707
39052 53142
567 68775
39046 69958
90593 96678
11854 69619
23604 31566
84309 58600
32703 92444
32833 23401
82535 53085
81680 97199
47973 70309
524 5835
64003 94128
3915 57156
53019 73828
26073 37043
33759 35637
27904 30955
53788 50925
54559 57770
41346 48228
17867 38053
86584 51062
3560 36812
69804 72546
15755 57795
84364 86055
4998 63028
10224 52839
9056 40915
28606 40093
23699 29242
35552 60213
43112 57096
8868 68765
73150
47582
92006
87640
63733
35449
54294
92481
62474
51937
50558
54752
39116
20725
55489
36736
51902
10580
73608
43578
2331
39226
47996
59174
39212
58832
54642
1896
60074
22507
56379
47742
18667
22426
22384
50710
50668
72699
40083
68718
59979
38633
42912
41192
23084
69274
38631
44150
26933
42196
68839
23488
44797
22219
23385
27132
49244
31500
71569
22339
53132
23110
57629
53046
39007
55348
38740
59700
38720
23547
38795
8730
36492
50832
57827
36068
38604
47505
49152
62475
37367
33363
57761
56994
19377
20588
28162
35233
39290
1584
20886
55463
67248
21084
54150
17020
23724
80292
25092
76946
58491
22536
4792
4440
58539
36359
41158
15930
28025
63380
20575
34954
72666
18186
63668
67727
37473
52858
17869
30312
65667
17644
28995
64350
53684
15972
66445
52508
33996
5632
40987
64557
78699
17634
3217
43286
41434
60290
64868
86265
85850
19402
35091
53862
18374
46208
20701
36227
74451
59873
23459
14600
71440
46900
30265
65620
3604
88456
51291
45289
4256
18287
61171
57216
26164
80375
329
19554
55134
793
80931
39717
57411
41386
22672
21387
40121
21268
63694
21168
54358
37859
92070
43743
23032
58618
27360
32859
40773
73771
20811
25525
20766
48776
59302
58908
48930
20282
21905
61974
21827
22448
60160
21677
16963
21051
19455
71309
21673
25256
49848
58417
57308
38452
22929
39428
61988
47699
53550
16953
61736
52907
41122
19637
43739
57274
10134
57127
19568
6820
50396
83394
19275
21632
64058
18822
16465
61248
49347
58763
56703
66131
73202
73063
80134
45589
33143
40394
18214
21959
17186
57974
52429
61857
73642
20268
60337
54475
16624
3461
52759
53452
57779
41280
88420
53343
59958
43459
53304
53289
53231
52952
52868
62931
53818
37319
52709
52522
52477
28907
54575
35719
31005
52357
50000
31144
58500
54699
19344
54517
54443
54372
59841
48056
73983
54296
54165
65950
68307
52348
53786
54064
37565
53728
58442
54815
50101
68957
53706
27779
53622
53503
60925
50119
50006
49942
26372
49890
59868
49887
49857
66486
49295
49279
49140
54842
75067
48838
70051
56470
48707
36922
48705
48697
55319
34106
48665
48659
51144
49991
52011
52006
54363
51739
51566
51477
51297
39512
60725
51252
51186
54737
51126
8700
50827
50767
50761
27191
58271
74770
40524
64908
50128
72226
96134
58409
53695
86623
58223
53509
60580
58130
58115
39259
67543
58084
58422
58083
57979
67407
57946
57727
57580
59937
71722
57564
78777
57311
47883
59234
59762
57405
59698
59669
59614
17188
59610
42216
18646
59462
59287
23932
57235
71019
59154
87438
58993
58818
58703
96415
58629
65700
58489
58466
55059
55782
46354
58139
55668
55593
55342
55242
55235
57592
59630
55194
33981
74773
54978
40836
54850
54817
19462
54801
40659
56964
54746
40604
59175
54739
56531
69020
73734
58290
57181
57009
73508
61604
56814
37958
56778
56605
70747
48645
56339
63410
56305
56288
56262
79832
59443
56116
70258
55917
29990
15830
94281
42324
42257
42170
20957
42168
98736
41926
41916
63129
41829
41757
75425
41680
41675
53863
50536
41664
41645
20432
41403
67330
49337
41294
41283
42734
31532
43392
62248
56991
34391
43249
43179
43022
43002
71286
46076
42858
51261
47115
42679
42640
68567
54828
92540
42629
9631
54414
42493
46863
42427
39886
40092
40073
37716
73071
40004
65931
39975
25833
57638
76494
39894
25752
40203
39883
65810
39779
9138
56396
63467
39761
39603
37246
39535
39507
39461
44821
63046
31157
41236
29451
41036
40977
40899
33828
40881
58348
59377
40468
43491
40385
23886
51443
53800
40353
12069
40334
21478
40219
56718
52004
46778
6368
51713
79997
47277
47217
47202
47199
47003
56419
65847
46908
46819
47489
56746
47318
46765
63264
72692
46736
37159
47619
92402
46510
60652
46337
47941
48530
58309
48328
53870
60941
48325
38897
69538
48298
48166
56918
48046
46243
92973
47786
59947
67018
49966
47748
54286
56643
47632
47552
50816
70497
19004
44853
44383
42009
20796
4297
56438
30511
44239
23026
59543
53998
44931
47344
23774
63843
38605
74083
43772
24916
93269
43638
44697
43588
36517
45897
60385
62742
69813
46186
15545
46136
24923
46121
57310
43168
64381
51442
39309
45895
45845
71772
45663
24450
71590
45434
75896
45230
21660
45141
65984
69997
65305
65311
65332
65336
67693
65512
65532
67889
65853
65883
65975
65283
66022
66135
66175
99173
66180
66186
66201
66226
66240
66330
66409
66496
64585
63731
89658
63743
63754
63803
63980
66337
64143
64195
64339
64346
64448
66532
64594
71665
64656
64744
64818
97816
64821
64860
64954
65076
65129
68078
67462
67487
72201
67575
77003
67590
67596
67703
67844
67907
68023
68053
67452
68158
68172
68186
68207
68219
68254
89467
68264
68325
68413
68475
68502
74191
73603
66544
97185
66570
66741
66859
66884
66896
88109
66926
66959
67120
63654
67229
74300
67250
69607
93177
67272
67296
74367
67347
83846
67451
60311
38120
40509
38291
38315
67056
60024
60025
60089
69517
60120
60180
60281
37987
60376
60407
60453
60514
60586
60598
60745
60904
70332
60942
60946
60949
60842
34632
35741
56433
72932
22798
36106
62079
39844
36691
36965
37271
37272
60959
38428
37455
70453
44127
25366
45457
37694
37784
1238
37835
36878
62891
62350
71778
62400
62459
62468
62483
62621
62669
62680
90964
62799
62828
62314
62908
62912
62913
62933
65290
70004
63040
63063
63266
63433
63463
61769
61003
91692
61118
61227
61244
61267
61369
61493
68564
61495
61570
61572
68529
61824
61954
62069
90353
62131
71572
62238
62243
95241
62264
62303
80171
77253
77407
77512
77543
77667
77786
78677
78768
78854
78897
79222
79948
76860
94313
80738
81114
81394
82272
91700
98771
83185
83737
84135
84880
84893
74631
73874
74085
74114
74177
74218
78932
74248
74250
74327
74341
74376
74579
85080
75054
75143
75380
75620
75631
75748
76196
76493
76594
76640
76854
95781
90448
90479
90612
90630
90834
90843
91111
91803
93174
93235
94713
95654
90200
96157
96796
96960
97151
97572
97581
97689
98677
99105
99108
99541
99567
87055
85208
99350
85430
85494
85583
85673
85696
86181
86551
86577
87001
87011
73833
87477
87710
87978
88311
88312
88396
88687
89041
89206
89663
89838
70268
69328
69635
69654
69832
69861
81646
69925
88781
69949
70126
70145
70232
69318
70304
70311
70408
70477
70507
70511
70659
70703
82488
91916
70718
87217
99440
68542
68552
68575
68629
68656
68672
96956
68688
68708
68788
68799
97083
70846
68823
68848
99489
68954
68990
69008
69028
69034
69191
69205
69262
73014
72640
72643
72652
72752
72799
84584
72823
72866
72904
77618
73001
73010
72464
73227
73252
73309
73327
73407
73451
73454
73524
85309
73622
73697
71672
70882
70901
70927
71064
71195
71207
71234
71240
75954
71493
71501
71539
55703
85814
71755
71838
71856
71989
72050
72110
72142
72330
72358
72410
91762
32428
67783
54775
48233
18290
60716
43769
18262
11608
63462
31084
38155
8858
36304
24519
47803
9012
22831
56049
52722
46068
23064
41808
6453
17410
22170
49640
59068
15261
40237
10294
40130
66057
73128
36803
34446
69801
46568
11499
23442
45977
9380
63591
98946
56094
51658
48331
78972
26151
15929
23883
63486
5059
947
59930
34003
46622
70192
96119
1153
78934
36641
59980
61129
28752
54617
59331
41309
58701
19193
26264
9212
24738
24317
31388
24487
71698
23284
56255
58612
19658
59727
27421
19758
20867
59210
12165
56948
12773
34173
9800
18975
64793
407
2823
32565
22140
69280
54707
28091
16346
44720
87465
12074
26216
37359
35141
18557
47850
2732
26302
24912
990
38702
256
61219
63576
22540
29707
69911
47723
35524
9081
89219
56607
66035
37754
25662
20394
32179
62820
51647
7287
28318
836
30591
84802
46316
36888
18591
18090
59758
64064
1197
11758
52643
18487
1228
2337
32978
18751
70032
38473
36591
14411
54337
20657
67797
91367
27149
14015
4587
35114
58192
69977
12506
58937
17904
8128
50772
47445
45227
18611
18938
92005
51247
67746
29986
2969
49927
32183
37593
98875
21878
30750
35464
16333
37546
57575
46485
24271
29850
46972
70542
32555
5236
57090
71232
54493
30923
31204
9046
23242
73477
38394
57455
54128
10877
31948
65593
43691
63795
68509
46531
43204
5124
32114
22198
38697
56826
37970
55717
32502
32584
34848
51689
65831
52892
38042
35260
34429
30049
30212
56480
44281
30973
30985
99338
36026
73738
31340
32930
36798
37701
31542
29365
31583
85794
46171
31754
38246
31825
59465
39991
53574
38048
66332
34294
55457
60171
53253
60324
34400
54391
32211
60495
69616
30010
3432
34484
91052
34781
60708
35322
42490
36945
47432
20941
35358
33396
58516
33009
61293
66007
21865
64291
35173
55213
33033
33101
52077
33224
69503
33480
66767
53162
97389
57270
64341
34023
62128
30934
71003
34261
30893
55889
65317
48126
57317
26265
58463
97006
40947
37620
44116
60615
26565
26108
44796
31902
67257
27321
67390
58121
27057
64769
52321
36795
81578
27131
36172
64340
55571
38936
24717
24898
25342
47532
25352
45720
90503
31303
90228
64843
63087
67801
2446
25735
65804
57913
69698
27970
32684
26969
27075
29104
34683
28684
24115
71255
92468
54031
22979
37396
29060
39988
2554
20232
28029
29212
57778
41143
56538
94250
35467
59568
37388
29625
38281
53004
25843
27136
27349
31677
52640
36141
37114
38223
27133
57774
93129
36005
37628
43683
27398
72181
54170
27554
99807
41160
37833
27809
60807
28253
28294
7683 15250 15506 17239 18007 18633 22400 22534 23617 25139 25231 25319 26436 29427 30137 30991 34033 38660 38905 38958 38978 40693 42648 45319 47732 49763 52600 52603 56263 58641 60152 62658 65199 69360 69530 70980 72939 73374 74736 75333 76308 77381 78692 80625 81152 83136 84477 87418 92925 97289 98107 99224 99663 31992
13179 16663 20395 21753 23221 25490 30376 34607 34782 43753 57038 57660 68941 70089 71734 71813 73783 73813 76978 81246 84582 15273 69702 73067 74255 88157
9522 22692 31950 35098 41579 43409 43685 52705 67193 67838 71300 71401 72952 74040 75613 80989 82201 82492 90544 94695 96565 99179 29563 42987 68151
8405 8860 35573 37404 37722 38708 38876 40992 48685 49823 51311 52579 52857 53769 54734 57768 62869 68424 68443 69400 70057 72599 81345 96016
20942 22285 22463 23194 24213 24232 25501 26204 26838 28287 28423 32410 33328 34917 34959 35276 35469 35490 36113 26857 32075
11009 20302 29753 32235 34921 36678 37104 40985 42639 44464 52424 52954 55939 63548 73963 98384 98634 98726 99565
21652 23214 23850 25042 26665 27461 27859 30590 30644 31011 31018 31393 33523 34397 34684 34773 38648 73378
34386 37280 42041 42904 53686 61238 64105 66191 71277 95863 35828 36115 59891 74060
32134 54722 55372 61709 65367 66173 67534 72081 72976 73201 73599 74201 68951 69612
36814 43295 44538 45622 50532 53715 55788 62343 64006 66668 70251 86720 55313
5362 6096 29656 44027 49379 56326 60100 63837 64011 66551 67647 82972 87516
23254 25208 36828 42871 44930 48007 51083 56280 72054 72901 73123 73667
29332 46221 48544 49450 51536 53342 63587 72989 50150 57035 67988 68554
22357 23927 25276 26357 26715 28031 29414 30164 37291 48223 59236
44366 62472 72178 74049 83496 87101 91980 98759 99923 22944 53989
28897 30929 36314 38093 40225 51934 52537 57547 67198 67632 69950
13501 31625 73878 80990 82405 95175 97052 44392 53714 79486
51153 61582 72161 79590 81711 92618 93411 97043 8520 27101
24646 29999 42984 49224 50812 58838 63133 70080 72768 93869
31452 77625 78750 79503 94693 94977 98037 98906
21657 21756 22897 24799 26750 27518 30865 40013
22516 56545 58326 61005 62951 66632 72242
1577 7679 13451 50785 51588 66901 71955
71685 75763 78909 84054 91185 94013 60132
31854 35830 56978 69564 20888 22902
22093 37180 39937 40706 42804 73865
47461 54670 58633 61487 63741 72737
55763 67348 74094 79232 82469 87019
88332 88513 91983 97999 98728 99593
74684 78253 88737 92754 32845 78381
75371 75479 77149 82136 82524 90557
55916 59901 69402 70327 91245 99063
13299 17043 46740 54359 57955 66557
59609 61072 68463 69432 71494 68026
23055 31647 43707 49537 56276
17280 19305 44498 39287 68915
46587 51922 53851 83767 96788
62513 68238 71754 74306 97508
54634 94028 29345 65094 98009
27965 34476 42776 82146 59097
25461 56016 58155 36718 44640
47278 51151 53425 45001 48064
78159 37519 56708 70749 98893
38824 46150 61419 69116 71559
43628 51016 64886 67412 61352
45255 80884 85243 89090 96203
14083 43885 52694 64249
39219 43866 54526 57977
35342 54080 56811 60723
84783 85437 95629 95791
92865 50278 64970 99664
45709 56101 73089 73908
2080 56085 71304 56623
26690 30271 60322 68227
81946 91227 11787 86435
10055 52413 58874 70778
81072 59083 66872 96963
94966 33313 41004 96317
79176 88571 91302 66443
69910 77066 87222 92803
45933 52596 58227 55750
44474 52370 67878 97253
50028 74289 48610 53062
51176 58305 86278 93217
43261 57961 63356 69233
18181 19566 19835 18929
6159 21181 70058
98831 4986 66246
44103 58802 68241
42981 64002 73779
55045 70307 72665
923 47827 64458
89996 43395 75717
35903 45343 46390
17435 58231 60537
82455 83520 58520
40995 58840 61069
36089 41943 47131
22207 64111 70615
9379 49412 39738
22826 66113 72550
70324 97125 98807
20473 54461 68391
13053 70795 17442
56483 60835 64755
66098 76468 83333
98935 62375 65221
16331 69742 70984
36711 57030 64491
89562 54190 73042
72112 98095 98304
78212 89258 93040
23016 28226 56017
29983 58921 62465
21589 25450 30988
17998 53972 57260
1629 16983 61940
5503 38226 44575
94321 24469 98247
84909 99935 28621
23411 27244 11619
36704 39443 37158
23742 56597 58732
25887 28916 34874
7436 7696 39139
39162 64008 64368
29260 31858 35094
22403 42715 66281
88138 18372 29042
72881 83935 97526
5685 10329 63195
37785 48963 69859
58339 67072 99320
42431 62431 70989
29268 53720 33022
27068 36725 37759
62354 67155 99176
9765 9853 67946
54894 65251 57734
62850 83043 86938
65144 66370 71276
88699 49252 70060
74095 98608 99376
56503 58809
72898 56507
69114 72164
36152 41544
69804 72546
30059 45619
27904 30955
50255 54230
35048 45725
50555 60194
32610 91039
50568 59380
81242 54666
15696 18695
50860 57445
42249 73928
45596 58654
37958 41160
15755 57795
77321 77959
44391 56693
44095 61207
46980 73054
23701 42509
46831 73000
14539 18911
65255 68786
43783 67012
24428 69684
43687 39012
1982 5600
43820 73960
14258 43537
83403 84185
55117 70641
85142 45581
61051 19317
29548 64301
27953 22587
63208 63825
89129 91757
36958 53794
62144 55645
27087 67936
45500 68197
45497 56133
62825 66533
48288 65754
76366 95301
30074 33078
38734 39082
49036 60352
88907 55412
20470 66141
5260 5868
34196 43704
48535 69872
54540 61000
41422 65380
60251 67028
52918 57756
26550 35616
43448 66887
26316 27882
47854 48190
43001 71583
27005 29182
21821 68170
32600 577
34053 68363
13835 2289
20392 34190
2058 46595
24194 40200
78211 96494
85929 98770
31416 32085
24197 32327
65372 66485
4998 63028
84803 88800
8868 68765
32833 23401
3767 6127
13117 67374
89972 90425
11150 57158
23357 67707
29715 21768
298 65186
9056 40915
32703 92444
82535 53085
39195 44415
97824 24400
3915 57156
524 5835
88779 98816
54559 57770
40470 56669
24924 24952
43112 57096
26478 15927
84309 58600
39046 69958
3128 59691
90593 96678
39052 53142
75405 30576
99673 97177
48587 62664
88923 23422
50227 73786
23604 31566
36351 62034
1641 54687
11854 69619
56273 62085
87243 93906
12340 55094
567 68775
40026 54625
86584 51062
79424 29055
95714 60391
70866 61554
81680 97199
13343 51018
38266 69351
29086 35825
32106 42582
34341 68675
42308 67029
26073 37043
2725 57952
56890 69828
64003 94128
21213 59458
47973 70309
22568 72120
28606 40093
1482 56999
81277 29055
97622 38546
77790 89503
33759 35637
8433 60326
53788 50925
21111 31256
72972 91114
41346 48228
58432 70321
90903 91696
3560 36812
35861 32928
84364 86055
23699 29242
10224 52839
35552 60213
17867 38053
6274 43395
79310 23003
56379
38720
38740
51902
39309
63046
54752
73608
39226
58908
47996
59174
39212
21959
58832
39007
47742
1896
72699
38633
54642
18667
87640
92006
39116
73150
54294
47582
44797
40083
41192
57761
62475
36068
57827
23547
23110
8730
38795
55348
57629
36492
22339
50558
92481
35449
63733
50668
22384
20725
2331
43578
50710
22426
10580
60074
42196
50832
47505
33363
62474
68718
53046
22507
59700
69274
49152
37367
38631
68839
44150
51937
42912
26933
23488
23385
49244
31500
22219
71569
27132
23084
59979
53132
55489
56994
19377
20588
28162
35233
39290
1584
20886
55463
67248
21084
54150
17020
23724
80292
25092
76946
58491
22798
36106
22536
4792
4440
17869
34954
72666
18186
63668
20587
67727
37473
19658
59727
41158
58539
30312
65667
17644
28995
64350
53684
15972
66445
68802
52508
85850
5632
40987
64557
78699
17634
3217
43286
41434
60290
64868
33996
86265
19402
35091
53862
18374
46208
20701
36227
74451
36736
43683
23459
36359
52858
14600
71440
46900
30265
65620
51291
45289
4256
20575
61171
57216
26164
80375
329
19554
55134
793
80931
39717
27360
21387
40121
21268
63694
21168
54358
37859
92070
57411
23032
58618
22672
32859
40773
73771
20811
25525
20766
48776
21051
58763
56703
71309
20282
21905
61974
21827
22448
60160
21677
16963
59302
19455
66131
21673
25256
49848
58417
57308
38452
22929
39428
43743
41386
50396
61736
52907
41122
19637
43739
57274
10134
61988
19568
6820
16953
83394
18822
16465
61248
18287
15930
55668
9090
28025
63380
52429
73202
73063
80134
45589
33143
40394
18214
49347
17186
57974
48930
61857
73642
20268
60337
54475
16624
3461
57127
47699
53550
53818
57779
41280
88420
53343
59958
43459
53304
53289
53231
52952
52868
52759
53452
37319
52709
52522
52477
28907
54575
35719
31005
52357
50000
31144
52348
53786
19344
54517
54443
54372
59841
48056
73983
54296
54165
65950
68307
58500
49991
54064
37565
53728
58442
54815
50101
68957
53706
27779
53622
53503
62931
75067
49942
26372
49890
59868
49887
49857
57058
66486
49295
49279
49140
60925
50006
48838
70051
56470
48707
36922
48705
48697
55319
34106
48665
48659
48645
51126
52011
52006
54363
51739
51566
51477
51297
39512
60725
51252
51186
51144
54699
8700
50827
50767
50761
27191
58271
74770
40524
64908
50128
54842
50119
72226
96134
58409
53695
86623
58223
53509
60580
58130
58115
39259
67543
58084
58422
58083
57979
67407
57946
57727
57580
59937
71722
57564
78777
57311
47883
23932
59873
59762
57405
59698
59669
59614
17188
59610
42216
18646
59462
59287
57235
59234
71019
59154
87438
58993
58818
58703
96415
58629
65700
58489
58466
54978
55782
46354
58139
55593
55342
55242
55235
57592
59630
55194
33981
55059
74773
40836
54850
54817
19462
54801
40659
56964
54746
40604
59175
54739
54737
56531
69020
73734
58290
57181
57009
73508
61604
56814
56778
56739
56605
70747
48530
56339
63410
56305
56288
56262
79832
59443
56116
70258
55917
29990
15830
94281
42324
42257
42170
20957
42168
98736
41926
41916
63129
41829
41757
75425
41680
41675
53863
50536
41664
41645
20432
41403
67330
49337
41294
41283
42734
31532
43392
62248
56991
34391
43249
43179
43022
43002
71286
46076
42858
51261
47115
42679
42640
68567
54828
92540
42629
9631
54414
42493
46863
42427
39886
40092
40073
37716
73071
40004
65931
39975
25833
57638
76494
39894
25752
40203
39883
63453
65810
39779
9138
56396
63467
39761
39603
37246
39535
39507
44821
49927
31157
41236
29451
41036
40977
40899
33828
40881
58348
59377
40468
43491
40385
23886
51443
53800
40353
12069
40334
21478
40219
56718
52004
46765
47277
47217
47202
47199
47003
56419
65847
46908
46819
46778
56746
47318
79997
63264
72692
46736
37159
47619
92402
46510
60652
46337
46243
60385
62742
92973
58309
48328
53870
60941
48325
38897
69538
48298
48166
56918
48046
47941
69813
47786
59947
49966
47748
54286
56643
47632
47552
50816
47489
6368
51713
23774
44383
42009
20796
4297
56438
30511
44239
23026
59543
53998
70497
47344
44853
63843
38605
74083
43772
24916
93269
43638
3604
88456
44697
43588
36517
71772
46186
15545
46136
24923
46121
57310
43168
64381
51442
45897
45895
45845
39461
45663
24450
71590
45457
45434
75896
45230
21660
45141
44931
19004
66175
65311
65332
65336
67693
65512
65532
67889
65853
65883
65975
65984
66022
65305
99173
66180
66186
66201
66226
66240
66330
66409
66496
66532
73603
66544
64594
89658
63743
63754
63803
63980
66337
64143
64195
64339
64346
64448
64585
97185
71665
64656
64744
64818
97816
64821
64860
64954
65076
65129
65283
69997
68186
67575
77003
67590
67596
67703
67844
67907
68023
68053
68078
68158
68172
72201
68207
68219
68254
89467
68264
68325
68413
68475
68502
68529
68542
68552
67250
66570
66741
66859
66884
66896
88109
66926
66959
67120
74191
67229
74300
63731
69607
93177
67272
67296
74367
67347
83846
67451
67452
67462
67487
60311
40509
38291
38315
59985
67056
60024
60025
60089
69517
60120
60180
60281
38120
60376
60453
60514
60586
60598
60745
60904
70332
60942
60946
60949
60959
37272
60407
56433
72932
19275
64058
35910
73622
62079
39844
36691
36965
37271
61003
60842
38428
37455
70453
44127
25366
37784
1238
37835
36878
37987
62908
71778
62400
62459
62468
62483
62621
62669
62680
90964
62799
62828
62891
62350
62912
62913
62933
65290
70004
63040
63063
63202
63266
63433
63463
63654
61824
91692
61118
61227
61244
61267
61369
61493
68564
61495
61570
61572
61769
68575
61954
62069
90353
62131
71572
62238
62243
95241
62264
62303
62314
94313
77407
77512
77543
77667
77786
78677
78768
78854
78897
79222
79948
80171
77253
80738
81114
81394
82272
91700
98771
83185
83737
84135
84880
84893
85080
75054
74085
74114
74177
74218
78932
74248
74250
74327
74341
74376
74579
74631
85208
75143
75380
75620
75631
75748
76196
76493
76594
76640
76854
76860
96157
90479
90612
90630
90834
90843
91111
91803
93174
93235
94713
95654
95781
90448
96796
96960
97151
97572
97581
97591
97689
98677
99105
99108
99541
99567
87710
99350
85430
85494
85583
85673
85696
86181
86551
86577
87001
87011
87055
73874
87978
88311
88312
88396
88662
88687
89041
89206
89663
89838
90200
70408
69832
69861
81646
69925
88781
69949
70126
70145
70232
70268
70304
70311
69654
70477
70507
70511
70659
70703
82488
91916
70718
87217
70846
70882
70901
99489
68629
68656
68672
96956
68688
68708
68788
68799
97083
99440
68823
68848
70927
68954
68990
69008
69028
69034
69191
69205
69262
69318
69328
69635
73014
72640
72643
72652
72752
72799
84584
72823
72866
72904
77618
73001
73010
72464
73227
73252
73309
73327
73407
73451
73454
73524
85309
73686
73697
73833
85814
70978
87477
71064
71195
71207
71234
71240
75954
71493
71501
71539
71672
35741
71755
71838
71856
71989
72050
72110
72142
72209
72330
72358
72410
24519
18262
11608
63462
31084
38155
91762
57455
54128
53019
31948
10877
36304
43769
47803
9012
22831
56049
52722
46068
23064
41808
6453
17410
11499
23284
56094
66057
73128
36803
34446
69801
46568
22170
23442
45977
9380
63591
98946
56255
51658
48331
78972
26151
15929
8858
32428
67783
54775
48233
18290
60716
19193
70192
96119
1153
78934
36641
59980
23883
28752
54617
59331
41309
58701
46622
26264
9212
24738
24317
31388
24487
24271
64340
55571
38936
24717
24898
32565
58612
27421
19758
20867
59210
12165
56948
9800
18975
64793
407
2823
40130
22140
69280
54707
28091
16346
61129
63486
5059
947
59930
34003
61219
12074
26216
37359
35141
18557
47850
2732
26302
24912
990
38702
44720
87465
63576
22540
29707
69911
47723
35524
9081
89219
56607
66035
37754
18090
59758
32179
62820
51647
7287
28318
836
30591
84802
46316
36888
18591
25662
2969
64064
1197
11758
52643
18487
1228
2337
32978
18751
70032
256
18938
35114
58192
69977
58937
17904
8128
50772
47445
45227
18611
38473
73828
4587
92005
51247
67746
41441
34173
49640
59068
15261
12773
71698
40237
10294
30923
32183
37593
98875
21878
30750
35464
16333
37546
5236
57090
71232
54493
25342
31204
9046
12506
36591
14411
54337
20657
67797
91367
27149
14015
56826
73477
38394
65593
43691
63795
68509
46531
43204
23242
32114
22198
38697
5124
37970
55717
32502
32584
34848
51689
65831
52892
32930
58516
33009
61293
38042
34429
35260
30049
30212
56480
44281
30973
30985
99338
36026
73738
31340
66007
36798
37701
31542
29365
31583
85794
46171
31754
38246
31825
59465
34484
34294
55457
60171
53253
60324
34400
54391
32211
60495
39991
30010
3432
66332
91052
34781
60708
35322
42490
36945
47432
20941
35358
38604
55703
34632
53162
21865
64291
35173
55213
33033
33101
52077
33224
33396
33480
66767
33902
69503
97389
57270
64341
34023
62128
30934
71003
34261
69616
53574
38048
67390
97006
40947
37620
44116
60615
26565
30893
44796
31902
67257
74464
27321
58463
58121
27057
64769
52321
36795
81578
27131
64843
27136
27349
31677
52640
57913
47532
25352
45720
90503
31303
90228
36172
63087
67801
2446
25735
65804
36141
69698
27970
32684
26969
27075
26108
55889
65317
48126
57317
26265
35467
22979
37396
29060
39988
2554
20232
29104
29212
57778
41143
56538
94250
54031
59568
37388
29625
38281
57575
46485
29986
29850
46972
70542
32555
53004
99807
37114
38223
27133
57774
93129
36005
37628
25843
27398
72181
54170
27554
20394
37833
27809
60807
28253
28294
28029
34683
28684
24115
71255
92468
7683 15250 15506 17239 18007 18633 22400 22534 23617 25139 25231 25319 26436 29427 30137 30991 34033 38660 38905 38958 38978 40693 42648 45319 47732 49763 52600 52603 56263 58641 60152 62658 65199 69360 70980 72939 73374 74736 75333 76308 78692 80625 83136 87418 92925 97289 98107 99224 31992 69530
9522 22692 31950 35098 41579 43409 43685 52705 59762 67193 71300 71401 72952 74040 75613 80989 82201 82492 90544 94695 96565 99179 29563 42987 67838 68151
8405 8860 35573 37404 37722 38708 38876 40992 48685 49823 51311 52579 53769 54734 57768 62869 68424 68443 69400 70057 72599 81345 96016
1577 5362 6096 7679 29656 31825 44027 49379 50785 51588 56326 60100 63837 64011 66551 66901 67647 71955 82972 87516
16663 20395 21753 23221 25490 30376 34607 34782 43753 57038 68941 70089 71734 71813 73783 73813 15273 73067 74255
20942 22285 23194 23604 24213 24232 25501 26204 26838 28287 31566 34917 34959 35276 26857 32075 35490
21652 23214 23850 25042 26665 27461 27859 30590 30644 31011 33523 34397 34684 34773 38648 31157
20302 29753 32235 34921 40985 42639 52424 55939 73963 98634 98726 99565 11009 52954 98384
34386 37280 42041 42904 53686 61238 64105 66191 71277 95863 35828 36115 59891 74060
36814 43295 44538 45622 50532 53715 55788 62343 64006 66668 70251 86720 55313
23254 25208 36828 42871 44930 48007 51083 56280 70408 72054 72901 73123 73667
54722 61709 65367 66173 67534 72081 72976 73201 73599 74201 55372 68951 69612
44366 62472 72178 74049 83496 87101 91980 98759 99923 22944 53989
23927 25276 26357 26715 28031 29414 30164 33078 37291 48223 59236
24646 29999 42984 49224 50812 58838 63133 70080 72768 93869
51153 61582 72161 79590 81711 92618 93411 97043 8520 27101
13501 31625 73878 80990 95175 97052 44392 53714 79486
29332 46221 48544 51536 53342 63587 57035 67988
21657 21756 22897 24799 26750 27518 30865 40013
28897 30929 36314 38093 52537 67198 67632 69950
77625 78750 79503 94693 94977 98037 98906
22516 56545 58326 61005 62951 66632 72242
71685 75763 78909 84054 91185 94013 60132
55916 59901 69402 70327 91245 99063
47461 54670 58633 61487 72737 63741
88332 88513 91983 97999 98728 99593
55763 67348 74094 79232 82469 87019
59609 61072 68463 69432 71494 68026
22093 37180 39937 40706 42804 73865
13299 17043 46740 54359 57955 66557
75371 75479 77149 82136 82524 90557
74684 78253 88737 92754 32845 78381
23055 31647 43707 49537 56276
43628 51016 64886 67412 61352
31854 35830 69564 20888 22902
54634 94028 29345 65094 98009
27965 34476 42776 82146 59097
17280 19305 44498 39287 68915
47278 51151 53425 45001 48064
38824 46150 61419 69116 71559
78159 37519 56708 70749 98893
45255 80884 85243 89090 96203
62513 68238 71754 74306 97508
79176 88571 91302 66443
44474 52370 67878 97253
39219 43866 54526 57977
50028 74289 48610 53062
18181 19566 19835 18929
10055 52413 58874 70778
84783 85437 95629 95791
94966 33313 41004 96317
77381 81152 84477 99663
2080 56085 71304 56623
26690 30271 60322 68227
45933 52596 58227 55750
43261 57961 63356 69233
14083 43885 52694 64249
45709 56101 73089 73908
92865 50278 64970 99664
69910 77066 87222 92803
24428 69684 73378
1629 16983 61940
17435 58231 60537
13053 70795 17442
21589 25450 30988
98831 4986 66246
65144 66370 71276
9765 9853 67946
88699 49252 70060
27068 36725 37759
22207 64111 70615
7436 7696 39139
62354 67155 99176
5503 38226 44575
82455 83520 58520
25887 28916 34874
29260 31858 35094
20473 54461 68391
72112 98095 98304
62850 83043 86938
36711 57030 64491
923 47827 64458
72881 83935 97526
89562 54190 73042
42981 64002 73779
22826 66113 72550
23016 28226 56017
29983 58921 62465
6159 21181 70058
29268 53720 33022
28423 33328 35490
66098 76468 83333
42431 62431 70989
81946 91227 86435
56483 60835 64755
35903 45343 46390
16331 69742 70984
36704 39443 37158
23699 29242 60089
17998 53972 57260
23742 56597 58732
36089 41943 47131
25461 36718 44640
40995 58840 61069
98935 62375 65221
5685 10329 63195
54894 65251 57734
97591 2058 34632
58339 67072 99320
51176 86278 93217
35342 54080 56811
84909 99935 28621
70324 97125 98807
37785 48963 69859
88138 18372 29042
9379 49412 39738
81072 66872 96963
55045 70307 72665
14258 43537
30059 45619
50255 54230
46980 73054
3915 57156
50555 60194
60251 67028
31416 32085
46831 73000
85929 98770
56273 62085
40026 54625
65372 66485
298 65186
69114 72164
1982 5600
15755 57795
69804 72546
94321 98247
13179 57660
81242 54666
45596 58654
44391 56693
77321 77959
83403 84185
15696 18695
20470 66141
43001 71583
78212 89258
50860 57445
88907 55412
56503 58809
32610 91039
65255 68786
50568 59380
34053 68363
43783 67012
52918 57756
35048 45725
21213 59458
5260 5868
13835 2289
43820 73960
44103 68241
43687 39012
27005 29182
41422 65380
27087 67936
58432 70321
36958 53794
47854 48190
21821 68170
23411 27244
38734 39082
32703 92444
89972 90425
78211 96494
6274 43395
49036 60352
2725 57952
36351 62034
35861 32928
3767 6127
38266 69351
21111 31256
22463 36113
97824 24400
24194 40200
26316 27882
90903 91696
85142 45581
48535 69872
88779 98816
26550 35616
54540 61000
29086 35825
88923 23422
17867 38053
89996 75717
79310 23003
29715 21768
29548 64301
13343 51018
23701 42509
22568 72120
9056 40915
72989 68554
99673 97177
35552 60213
53788 50925
33759 35637
26073 37043
55117 70641
12340 55094
40470 56669
34196 43704
11854 69619
11150 57158
524 5835
74095 99376
86584 51062
567 68775
97622 38546
32106 42582
87243 93906
1641 54687
81680 97199
84803 88800
20392 34190
54559 57770
89129 91757
43112 57096
26478 15927
63208 63825
50227 73786
75425 38740
72898 56507
24924 24952
39046 69958
84364 86055
45497 56133
84309 58600
39052 53142
36152 41544
47973 70309
3560 36812
75405 30576
28606 40093
13117 67374
90593 96678
23357 67707
70866 61554
27904 30955
56890 69828
43448 66887
62825 66533
41346 48228
72972 91114
10224 52839
4998 63028
1482 56999
82535 53085
45500 68197
42308 67029
42249 73928
39195 44415
64008 64368
42912
68839
54752
57411
22357
39779
39603
41192
40083
39761
44797
57827
22339
63467
23110
37246
55489
53132
56396
86265
22219
9138
26933
80292
63668
34954
72666
72699
18186
56994
47742
23724
31532
23488
27132
58832
23084
57761
62475
36068
40225
68509
39116
39007
38720
50832
63795
47505
33363
54842
87640
68718
54642
38633
69274
38631
44150
92481
10580
37104
39461
39507
60074
22507
22426
50710
43578
47582
36492
55348
23385
49244
39535
31500
71569
39309
2331
20725
22384
50668
63733
73608
35449
50558
57629
39226
23547
59174
39212
50128
39290
53684
15972
66445
68802
20867
19758
18487
52643
20588
28162
35233
64350
1584
20886
55463
67248
21084
54150
22536
36678
4792
4440
58539
63380
39886
34341
43769
18822
16465
61248
18287
15930
55668
9090
28025
98608
20575
20587
67727
37473
41158
17869
30312
65667
17644
28995
19554
40987
64557
78699
23459
61171
57216
26164
80375
329
45289
4256
5632
55134
793
80931
39717
22798
36106
22831
63803
17634
3217
43286
30923
36359
52858
14600
71440
46900
30265
65620
5236
57090
71232
54493
83394
31204
9046
4587
14015
58192
69977
19377
17020
51291
22403
22929
21677
16963
59302
31018
19455
71309
21673
49848
58417
57308
38452
60160
39428
43743
41386
22672
21387
40121
21268
63694
21168
41403
23032
1896
49152
38604
59700
53046
62474
51937
54294
73150
92006
18667
56379
58618
51902
21959
58908
30074
48930
20282
21905
61974
21827
22448
47699
51934
57974
52429
61857
73642
20268
60337
54475
16624
3461
57127
17186
32134
53550
16953
61736
52907
41122
19637
43739
19568
50396
21051
27360
20957
42170
32859
40773
73771
20811
25525
20766
48776
38795
37367
58763
56703
66131
73202
73063
80134
45589
40394
18214
49347
52759
57779
41280
88420
53343
59958
43459
53304
39162
53289
53231
52952
52868
53452
53818
37319
52709
52522
52477
28907
54575
31005
64003
52357
50000
31144
37565
54443
54372
59841
48056
73983
54296
54165
65950
68307
58500
53786
54064
52348
53851
89206
53728
58442
54815
50101
68957
53706
27779
53622
53503
62931
56470
26372
49890
59868
49887
49857
49295
49279
49140
60925
75067
48838
70051
49942
48707
36922
48705
48697
55319
34106
81246
48665
48659
48645
48587
48530
51144
49991
52011
52006
54363
51739
51566
51477
51297
39512
60725
51252
51186
54517
51126
8700
50827
50767
50761
27191
58271
74770
40524
64908
50119
50006
72226
96134
58409
53695
86623
58223
53509
60580
58130
58115
39259
67543
58084
58422
58083
57979
67407
57946
57727
57564
78777
58290
57181
57009
73508
56978
71019
59873
59698
59669
59614
17188
59610
42216
18646
59462
59287
23932
59234
5124
59210
59154
87438
58993
51922
58818
58703
96415
58629
65700
58489
58466
54850
58139
55342
55242
55235
57592
59630
55194
33981
55059
58305
54978
40836
46354
54817
19462
54801
40659
59175
54739
54737
56964
54746
40604
54699
19344
56288
73477
61604
56814
37958
56778
56739
56605
70747
56531
56339
63410
56305
58309
56262
79832
59443
56116
70258
56016
63087
67801
55917
29990
74773
55782
42324
42640
68567
58155
54828
92540
42629
9631
54414
42493
46863
42427
94281
42679
42257
52857
42168
98736
41926
41916
63129
41829
41757
15830
41680
41675
62248
74083
43772
24916
93269
43638
3604
88456
44697
43588
36517
43491
43392
53863
34391
43249
43179
43022
43002
71286
46076
42734
42715
12074
26216
47115
73071
53800
40353
12069
40334
21478
40219
56718
52004
40203
40092
40073
37716
51443
40004
65931
59937
71722
39975
25833
57638
76494
39894
25752
39883
63453
29451
50536
41664
41645
20432
35524
67330
49337
41294
41283
51261
63046
41236
38605
41036
40977
40899
33828
40881
59377
57778
41143
40468
44821
40385
23886
46819
47489
6368
51713
79997
47277
47217
47202
47199
47003
56419
65847
46908
50816
46778
56746
47318
46765
63264
72692
46736
54358
37859
92070
46595
46587
48046
48328
53870
60941
48325
38897
69538
48298
48166
55889
65317
48126
56918
37159
47996
47941
47883
57311
47786
59947
49966
47748
54286
56643
47632
47552
42009
71590
45457
45434
75896
45230
21660
45141
44931
19004
44853
44464
44383
24450
20796
4297
56438
30511
44239
23026
59543
53998
70497
47344
23774
63843
46136
47619
92402
46510
60652
46337
76978
46243
60385
62742
69813
46186
15545
65810
24923
68023
46121
43168
57310
64381
51442
45897
45895
45845
71772
45663
65853
64954
65076
65129
65283
69997
65311
65332
65336
67693
65512
65532
67889
64860
65883
65975
65984
66022
66175
99173
66180
66186
66201
66226
66240
66330
64143
63266
63433
63463
63548
63654
63731
89658
63743
63754
63980
66337
97006
66409
64195
64339
64346
64448
64585
64594
71665
64656
64744
64818
97816
64821
68053
67451
67452
67462
67487
72201
67575
77003
67590
67596
67703
67844
67907
83846
68078
68158
68172
68186
68207
68219
68254
89467
68264
68325
68413
68475
66926
66486
66496
66532
73603
66544
97185
66570
66741
66859
66884
66896
88109
63202
66959
67120
74191
67229
74300
67250
69607
93177
67272
67296
74367
67347
60453
38291
38315
59979
59985
67056
60024
60025
60120
60180
60281
60311
60376
40509
60514
60586
60598
60723
60745
60904
70332
60942
60946
60949
60959
61003
65831
72932
19275
64058
35910
73622
36026
62079
39844
36691
36965
37271
51689
61051
37272
60842
38428
37455
70453
44127
37784
1238
37835
36878
37987
38120
62680
62264
62303
95301
62314
62350
71778
62400
62459
62468
62483
62621
62669
95241
90964
62799
62828
62891
62908
62912
62913
62933
65290
70004
63040
63063
61570
91692
61118
61129
63486
61207
61227
61244
61267
61369
61493
68564
61495
68502
61572
61769
61824
61954
62069
90353
62131
62144
71572
62238
62243
80738
77543
77667
77786
77790
78677
78768
78854
78897
79222
79948
80171
94313
77512
81114
81277
81394
82272
91700
98771
82405
83185
83737
84135
84880
84893
75143
74114
74177
74218
78932
74248
74250
74327
74341
74376
74579
74631
75054
85080
75380
75620
75631
75748
76196
76493
76594
76640
76854
76860
77253
77407
95781
90612
90630
90834
90843
91111
91803
93040
93174
93235
94128
94713
95654
90479
96157
96788
96796
96960
97151
97572
97581
97689
98677
99105
99541
99567
87055
85208
99350
85430
85494
85583
85673
85696
86181
86551
86577
87001
87011
74085
87710
87978
88311
88312
88396
88662
88687
89041
89663
89838
90200
90448
70268
69328
69517
69635
69654
69832
69861
81646
69925
88781
69949
70145
70232
69318
70304
70311
70477
70507
70511
70659
70703
82488
91916
70718
87217
70846
97083
68529
68542
68552
68575
68629
68656
68672
96956
68688
68708
68788
68799
70882
99440
68823
68848
68954
68990
69008
69020
73734
69028
69191
69205
69262
73010
72464
72640
72643
72652
72752
72799
84584
72823
72866
72904
77618
73001
72410
73014
73227
73252
73309
73327
73451
73454
73524
85309
73697
73833
73874
71539
70901
70927
70978
87477
71064
71195
71207
71234
71240
75954
71493
71501
56433
71672
71755
71838
71856
71989
72050
72110
72142
72209
72330
72358
11608
48331
78972
26151
15929
8858
32428
67783
54775
48233
18290
60716
18262
51658
63462
31084
38155
91762
57455
54128
53019
31948
10877
36304
24519
57405
36803
31452
34173
49640
59068
15261
12773
71698
40237
10294
40130
66057
73128
35469
34446
69801
46568
22170
23442
10134
61988
45977
9380
63591
98946
56094
59980
54707
28091
5059
947
59930
34003
46622
70192
96119
1153
78934
36641
69280
23883
28752
54617
59331
41309
58701
24197
19193
26264
9212
24738
24317
58612
99108
9012
56049
52722
46068
23064
41808
6453
17410
11499
23284
56255
8730
19658
59727
27421
12165
56948
9800
64793
407
18975
14539
2823
22140
67746
84802
11758
1228
2337
32978
8433
18751
70032
256
87465
33143
51247
30591
52508
990
38702
44720
61219
63576
89503
22540
29707
69911
47723
9081
46208
60290
64868
33996
85850
19402
55593
62664
13451
65305
35091
53862
18374
89219
20701
36227
74451
36736
43683
20394
32179
62820
51647
7287
28318
836
8128
47850
2732
26302
24912
1197
59758
64064
17904
46316
36888
18591
25662
18557
50772
47445
45227
18611
38473
73828
18938
92005
6820
32327
25256
41441
16333
56607
66035
37754
18090
2969
49927
32183
37593
98875
21878
30750
35464
31388
37546
12506
36591
14411
54337
8868
20657
67797
91367
27149
35114
37970
38246
59465
38394
65593
43691
46531
43204
23242
32114
22198
38697
56826
31754
55717
31393
97389
32502
32584
34848
52892
32930
58516
33009
61293
66007
56480
46485
29986
29850
46972
70542
32555
53004
69503
34429
35260
30049
30212
21865
44281
30973
30985
99338
31340
36798
31542
29365
31583
76366
85794
46171
34781
60171
53253
60324
34400
54391
32211
60495
39991
30010
3432
34484
91052
55457
60708
35322
42490
36945
37359
35141
47432
20941
35358
55703
35741
60407
53162
64291
35173
55213
33033
33101
52077
33224
33396
33480
3128
66767
33902
57575
57270
64341
34023
62128
30934
71003
34261
69616
53574
38048
66332
34294
26565
32684
26969
48288
27075
26108
57317
26265
58463
40947
37620
44116
60615
27970
30893
44796
31902
67257
74464
27321
67390
58121
27057
64769
52321
36795
47532
32565
24487
24271
64340
55571
38936
24717
37701
24898
25092
76946
25342
81578
25352
45720
90503
31303
90228
36172
27953
2446
25735
65804
57913
69698
39988
28294
38042
28029
34683
28684
24115
71255
92468
54031
22979
37396
29060
28253
2554
20232
29104
29212
25366
56538
94250
35467
59568
37388
29625
38281
36005
27131
64843
27136
27349
31677
52640
36141
37114
38223
27133
57774
93129
41434
37628
25843
27398
72181
54170
27554
99807
37833
42196
27809
60807
